-30.04310000   0.00000000  -0.00000000   0.00000000  -0.00000000 
-29.92710000   0.00000000  -0.00000000   0.00000000  -0.00000000 
-29.81110000   0.00000000  -0.00000000   0.00000000  -0.00000000 
-29.69510000   0.00000000  -0.00000000   0.00000000  -0.00000000 
-29.58010000   0.00000000  -0.00000000   0.00000000  -0.00000000 
-29.46410000   0.00000000  -0.00000000   0.00000000  -0.00000000 
-29.34810000   0.00000000  -0.00000000   0.00000000  -0.00000000 
-29.23210000   0.00000000  -0.00000000   0.00000000  -0.00000000 
-29.11710000   0.00000000  -0.00000000   0.00000000  -0.00000000 
-29.00110000   0.00000000  -0.00000000   0.00000000  -0.00000000 
-28.88510000   0.00000001  -0.00000001   0.00000000  -0.00000000 
-28.76910000   0.00000119  -0.00000119   0.00000014  -0.00000014 
-28.65410000   0.00006619  -0.00006620   0.00000780  -0.00000780 
-28.53810000   0.00193100  -0.00193100   0.00023130  -0.00023130 
-28.42210000   0.02952000  -0.02952000   0.00364800  -0.00364900 
-28.30610000   0.23740000  -0.23740000   0.03113000  -0.03113000 
-28.19110000   1.00800000  -1.00800000   0.14780000  -0.14780000 
-28.07510000   2.26600000  -2.26600000   0.41010000  -0.41010000 
-27.95910000   2.70200000  -2.70200000   0.72280000  -0.72280000 
-27.84310000   1.71000000  -1.71000000   0.92070000  -0.92070000 
-27.72710000   0.57350000  -0.57350000   0.98710000  -0.98710000 
-27.61210000   0.10170000  -0.10170000   0.99880000  -0.99880000 
-27.49610000   0.00951500  -0.00951400   0.99990000  -0.99990000 
-27.38010000   0.00046730  -0.00046720   1.00000000  -1.00000000 
-27.26410000   0.00001201  -0.00001200   1.00000000  -1.00000000 
-27.14910000   0.00000016  -0.00000016   1.00000000  -1.00000000 
-27.03310000   0.00000000  -0.00000000   1.00000000  -1.00000000 
-26.91710000   0.00000000  -0.00000000   1.00000000  -1.00000000 
-26.80110000   0.00000000  -0.00000000   1.00000000  -1.00000000 
-26.68610000   0.00000000  -0.00000000   1.00000000  -1.00000000 
-26.57010000   0.00000000  -0.00000000   1.00000000  -1.00000000 
-26.45410000   0.00000000  -0.00000000   1.00000000  -1.00000000 
-26.33810000   0.00000000  -0.00000000   1.00000000  -1.00000000 
-26.22310000   0.00000000  -0.00000000   1.00000000  -1.00000000 
-26.10710000   0.00000000  -0.00000000   1.00000000  -1.00000000 
-25.99110000   0.00000000  -0.00000000   1.00000000  -1.00000000 
-25.87510000   0.00000000  -0.00000000   1.00000000  -1.00000000 
-25.76010000   0.00000000  -0.00000000   1.00000000  -1.00000000 
-25.64410000   0.00000000  -0.00000000   1.00000000  -1.00000000 
-25.52810000   0.00000000  -0.00000000   1.00000000  -1.00000000 
-25.41210000   0.00000000  -0.00000000   1.00000000  -1.00000000 
-25.29710000   0.00000000  -0.00000000   1.00000000  -1.00000000 
-25.18110000   0.00000000  -0.00000000   1.00000000  -1.00000000 
-25.06510000   0.00000000  -0.00000000   1.00000000  -1.00000000 
-24.94910000   0.00000000  -0.00000000   1.00000000  -1.00000000 
-24.83410000   0.00000000  -0.00000000   1.00000000  -1.00000000 
-24.71810000   0.00000000  -0.00000000   1.00000000  -1.00000000 
-24.60210000   0.00000000  -0.00000000   1.00000000  -1.00000000 
-24.48610000   0.00000000  -0.00000000   1.00000000  -1.00000000 
-24.37110000   0.00000000  -0.00000000   1.00000000  -1.00000000 
-24.25510000   0.00000000  -0.00000000   1.00000000  -1.00000000 
-24.13910000   0.00000000  -0.00000000   1.00000000  -1.00000000 
-24.02310000   0.00000000  -0.00000000   1.00000000  -1.00000000 
-23.90810000   0.00000000  -0.00000000   1.00000000  -1.00000000 
-23.79210000   0.00000000  -0.00000000   1.00000000  -1.00000000 
-23.67610000   0.00000000  -0.00000000   1.00000000  -1.00000000 
-23.56010000   0.00000000  -0.00000000   1.00000000  -1.00000000 
-23.44410000   0.00000000  -0.00000000   1.00000000  -1.00000000 
-23.32910000   0.00000000  -0.00000000   1.00000000  -1.00000000 
-23.21310000   0.00000000  -0.00000000   1.00000000  -1.00000000 
-23.09710000   0.00000000  -0.00000000   1.00000000  -1.00000000 
-22.98110000   0.00000000  -0.00000000   1.00000000  -1.00000000 
-22.86610000   0.00000000  -0.00000000   1.00000000  -1.00000000 
-22.75010000   0.00000000  -0.00000000   1.00000000  -1.00000000 
-22.63410000   0.00000000  -0.00000000   1.00000000  -1.00000000 
-22.51810000   0.00000000  -0.00000000   1.00000000  -1.00000000 
-22.40310000   0.00000000  -0.00000000   1.00000000  -1.00000000 
-22.28710000   0.00000000  -0.00000000   1.00000000  -1.00000000 
-22.17110000   0.00000000  -0.00000000   1.00000000  -1.00000000 
-22.05510000   0.00000000  -0.00000000   1.00000000  -1.00000000 
-21.94010000   0.00000000  -0.00000000   1.00000000  -1.00000000 
-21.82410000   0.00000000  -0.00000000   1.00000000  -1.00000000 
-21.70810000   0.00000000  -0.00000000   1.00000000  -1.00000000 
-21.59210000   0.00000000  -0.00000000   1.00000000  -1.00000000 
-21.47710000   0.00000000  -0.00000000   1.00000000  -1.00000000 
-21.36110000   0.00000000  -0.00000000   1.00000000  -1.00000000 
-21.24510000   0.00000000  -0.00000000   1.00000000  -1.00000000 
-21.12910000   0.00000000  -0.00000000   1.00000000  -1.00000000 
-21.01410000   0.00000000  -0.00000000   1.00000000  -1.00000000 
-20.89810000   0.00000000  -0.00000000   1.00000000  -1.00000000 
-20.78210000   0.00000000  -0.00000000   1.00000000  -1.00000000 
-20.66610000   0.00000000  -0.00000000   1.00000000  -1.00000000 
-20.55110000   0.00000000  -0.00000000   1.00000000  -1.00000000 
-20.43510000   0.00000000  -0.00000000   1.00000000  -1.00000000 
-20.31910000   0.00000000  -0.00000000   1.00000000  -1.00000000 
-20.20310000   0.00000000  -0.00000000   1.00000000  -1.00000000 
-20.08810000   0.00000000  -0.00000000   1.00000000  -1.00000000 
-19.97210000   0.00000021  -0.00000021   1.00000000  -1.00000000 
-19.85610000   0.00001534  -0.00001534   1.00000000  -1.00000000 
-19.74010000   0.00057350  -0.00057350   1.00000000  -1.00000000 
-19.62510000   0.01122000  -0.01122000   1.00100000  -1.00100000 
-19.50910000   0.11530000  -0.11530000   1.01500000  -1.01500000 
-19.39310000   0.62490000  -0.62490000   1.08700000  -1.08700000 
-19.27710000   1.79100000  -1.79100000   1.29400000  -1.29400000 
-19.16110000   2.72200000  -2.72200000   1.60900000  -1.60900000 
-19.04610000   2.19500000  -2.19500000   1.86400000  -1.86400000 
-18.93010000   0.93900000  -0.93890000   1.97200000  -1.97200000 
-18.81410000   0.21260000  -0.21260000   1.99700000  -1.99700000 
-18.69810000   0.02542000  -0.02541000   2.00000000  -2.00000000 
-18.58310000   0.00159800  -0.00159800   2.00000000  -2.00000000 
-18.46710000   0.00005262  -0.00005261   2.00000000  -2.00000000 
-18.35110000   0.00000090  -0.00000090   2.00000000  -2.00000000 
-18.23510000   0.00000001  -0.00000001   2.00000000  -2.00000000 
-18.12010000   0.00000000  -0.00000000   2.00000000  -2.00000000 
-18.00410000   0.00000000  -0.00000000   2.00000000  -2.00000000 
-17.88810000   0.00000000  -0.00000000   2.00000000  -2.00000000 
-17.77210000   0.00000000  -0.00000000   2.00000000  -2.00000000 
-17.65710000   0.00000001  -0.00000001   2.00000000  -2.00000000 
-17.54110000   0.00000150  -0.00000150   2.00000000  -2.00000000 
-17.42510000   0.00008080  -0.00008081   2.00000000  -2.00000000 
-17.30910000   0.00227600  -0.00227600   2.00000000  -2.00000000 
-17.19410000   0.03360000  -0.03360000   2.00400000  -2.00400000 
-17.07810000   0.26100000  -0.26100000   2.03400000  -2.03400000 
-16.96210000   1.07000000  -1.07000000   2.15800000  -2.15800000 
-16.84610000   2.32600000  -2.32600000   2.42700000  -2.42700000 
-16.73110000   2.69300000  -2.69300000   2.73900000  -2.73900000 
-16.61510000   1.77800000  -1.77800000   2.94500000  -2.94500000 
-16.49910000   1.26800000  -1.26800000   3.09200000  -3.09200000 
-16.38310000   2.23700000  -2.23700000   3.35100000  -3.35100000 
-16.26810000   3.74500000  -3.74500000   3.78400000  -3.78400000 
-16.15210000   4.34400000  -4.34400000   4.28700000  -4.28700000 
-16.03610000   3.60400000  -3.60400000   4.70400000  -4.70400000 
-15.92010000   2.24900000  -2.24900000   4.96500000  -4.96500000 
-15.80510000   1.84400000  -1.84400000   5.17800000  -5.17800000 
-15.68910000   3.00600000  -3.00600000   5.52600000  -5.52600000 
-15.57310000   5.02500000  -5.02500000   6.10800000  -6.10800000 
-15.45710000   6.99900000  -6.99900000   6.91800000  -6.91800000 
-15.34210000   8.14300000  -8.14300000   7.86000000  -7.86000000 
-15.22610000   8.72300000  -8.72300000   8.87000000  -8.87000000 
-15.11010000   9.33600000  -9.33600000   9.95100000  -9.95100000 
-14.99410000   9.75900000  -9.75900000  11.08000000 -11.08000000 
-14.87810000  10.04000000 -10.04000000  12.24000000 -12.24000000 
-14.76310000  10.98000000 -10.98000000  13.51000000 -13.51000000 
-14.64710000  13.50000000 -13.50000000  15.08000000 -15.08000000 
-14.53110000  17.32000000 -17.32000000  17.08000000 -17.08000000 
-14.41510000  21.81000000 -21.81000000  19.61000000 -19.61000000 
-14.30010000  27.77000000 -27.77000000  22.82000000 -22.82000000 
-14.18410000  35.38000000 -35.38000000  26.92000000 -26.92000000 
-14.06810000  42.72000000 -42.72000000  31.86000000 -31.86000000 
-13.95210000  49.39000000 -49.39000000  37.58000000 -37.58000000 
-13.83710000  56.62000000 -56.62000000  44.13000000 -44.13000000 
-13.72110000  62.46000000 -62.46000000  51.36000000 -51.36000000 
-13.60510000  61.30000000 -61.30000000  58.46000000 -58.46000000 
-13.48910000  49.73000000 -49.73000000  64.22000000 -64.22000000 
-13.37410000  31.09000000 -31.09000000  67.81000000 -67.81000000 
-13.25810000  14.15000000 -14.15000000  69.45000000 -69.45000000 
-13.14210000   5.25600000  -5.25600000  70.06000000 -70.06000000 
-13.02610000   3.13700000  -3.13700000  70.42000000 -70.42000000 
-12.91110000   2.75900000  -2.75900000  70.74000000 -70.74000000 
-12.79510000   1.61700000  -1.61700000  70.93000000 -70.93000000 
-12.67910000   0.51550000  -0.51550000  70.99000000 -70.99000000 
-12.56310000   0.08716000  -0.08716000  71.00000000 -71.00000000 
-12.44810000   0.00776900  -0.00776900  71.00000000 -71.00000000 
-12.33210000   0.00036460  -0.00036460  71.00000000 -71.00000000 
-12.21610000   0.00006696  -0.00006696  71.00000000 -71.00000000 
-12.10010000   0.00173300  -0.00173300  71.00000000 -71.00000000 
-11.98510000   0.02711000  -0.02711000  71.00000000 -71.00000000 
-11.86910000   0.22300000  -0.22300000  71.03000000 -71.03000000 
-11.75310000   0.96810000  -0.96810000  71.14000000 -71.14000000 
-11.63710000   2.22600000  -2.22600000  71.40000000 -71.40000000 
-11.52210000   2.71400000  -2.71400000  71.71000000 -71.71000000 
-11.40610000   1.75600000  -1.75600000  71.92000000 -71.92000000 
-11.29010000   0.60260000  -0.60260000  71.99000000 -71.99000000 
-11.17410000   0.10930000  -0.10930000  72.00000000 -72.00000000 
-11.05910000   0.01046000  -0.01046000  72.00000000 -72.00000000 
-10.94310000   0.00052550  -0.00052550  72.00000000 -72.00000000 
-10.82710000   0.00001382  -0.00001382  72.00000000 -72.00000000 
-10.71110000   0.00000026  -0.00000026  72.00000000 -72.00000000 
-10.59510000   0.00000645  -0.00000645  72.00000000 -72.00000000 
-10.48010000   0.00030670  -0.00030670  72.00000000 -72.00000000 
-10.36410000   0.00764700  -0.00764700  72.00000000 -72.00000000 
-10.24810000   0.10030000  -0.10030000  72.01000000 -72.01000000 
-10.13210000   0.69430000  -0.69430000  72.09000000 -72.09000000 
-10.01710000   2.54700000  -2.54700000  72.39000000 -72.39000000 
 -9.90110000   4.96400000  -4.96400000  72.96000000 -72.96000000 
 -9.78510000   5.14800000  -5.14800000  73.56000000 -73.56000000 
 -9.66910000   2.84100000  -2.84100000  73.89000000 -73.89000000 
 -9.55410000   0.83330000  -0.83330000  73.98000000 -73.98000000 
 -9.43810000   0.12950000  -0.12950000  74.00000000 -74.00000000 
 -9.32210000   0.01064000  -0.01064000  74.00000000 -74.00000000 
 -9.20610000   0.00045960  -0.00045950  74.00000000 -74.00000000 
 -9.09110000   0.00001120  -0.00001120  74.00000000 -74.00000000 
 -8.97510000   0.00004689  -0.00004689  74.00000000 -74.00000000 
 -8.85910000   0.00144900  -0.00144900  74.00000000 -74.00000000 
 -8.74310000   0.02353000  -0.02353000  74.00000000 -74.00000000 
 -8.62810000   0.20090000  -0.20090000  74.03000000 -74.03000000 
 -8.51210000   0.90570000  -0.90570000  74.13000000 -74.13000000 
 -8.39610000   2.17300000  -2.17300000  74.38000000 -74.38000000 
 -8.28010000   2.87900000  -2.87900000  74.72000000 -74.72000000 
 -8.16510000   2.61300000  -2.61300000  75.02000000 -75.02000000 
 -8.04910000   2.93700000  -2.93700000  75.36000000 -75.36000000 
 -7.93310000   4.12700000  -4.12700000  75.84000000 -75.84000000 
 -7.81710000   4.60400000  -4.60400000  76.37000000 -76.37000000 
 -7.70210000   3.87600000  -3.87600000  76.82000000 -76.82000000 
 -7.58610000   3.66700000  -3.66700000  77.24000000 -77.24000000 
 -7.47010000   6.14800000  -6.14800000  77.95000000 -77.95000000 
 -7.35410000  11.01000000 -11.01000000  79.23000000 -79.23000000 
 -7.23910000  16.70000000 -16.70000000  81.16000000 -81.16000000 
 -7.12310000  23.51000000 -23.51000000  83.88000000 -83.88000000 
 -7.00710000  31.94000000 -31.94000000  87.58000000 -87.58000000 
 -6.89110000  41.51000000 -41.51000000  92.38000000 -92.38000000 
 -6.77610000  49.59000000 -49.59000000  98.12000000 -98.12000000 
 -6.66010000  52.64000000 -52.64000000 104.20000000 -104.20000000 
 -6.54410000  52.46000000 -52.46000000 110.30000000 -110.30000000 
 -6.42810000  49.41000000 -49.41000000 116.00000000 -116.00000000 
 -6.31210000  39.82000000 -39.82000000 120.60000000 -120.60000000 
 -6.19710000  27.03000000 -27.03000000 123.70000000 -123.70000000 
 -6.08110000  19.67000000 -19.67000000 126.00000000 -126.00000000 
 -5.96510000  19.61000000 -19.61000000 128.30000000 -128.30000000 
 -5.84910000  23.11000000 -23.11000000 131.00000000 -131.00000000 
 -5.73410000  28.34000000 -28.34000000 134.30000000 -134.30000000 
 -5.61810000  35.29000000 -35.29000000 138.30000000 -138.30000000 
 -5.50210000  43.65000000 -43.65000000 143.40000000 -143.40000000 
 -5.38610000  51.72000000 -51.72000000 149.40000000 -149.40000000 
 -5.27110000  54.57000000 -54.57000000 155.70000000 -155.70000000 
 -5.15510000  48.07000000 -48.07000000 161.30000000 -161.30000000 
 -5.03910000  39.77000000 -39.77000000 165.90000000 -165.90000000 
 -4.92310000  39.94000000 -39.94000000 170.50000000 -170.50000000 
 -4.80810000  46.39000000 -46.39000000 175.90000000 -175.90000000 
 -4.69210000  54.17000000 -54.17000000 182.10000000 -182.10000000 
 -4.57610000  57.63000000 -57.63000000 188.80000000 -188.80000000 
 -4.46010000  50.28000000 -50.28000000 194.60000000 -194.60000000 
 -4.34510000  37.86000000 -37.86000000 199.00000000 -199.00000000 
 -4.22910000  30.61000000 -30.61000000 202.50000000 -202.50000000 
 -4.11310000  30.34000000 -30.34000000 206.10000000 -206.10000000 
 -3.99710000  33.04000000 -33.04000000 209.90000000 -209.90000000 
 -3.88210000  34.99000000 -34.99000000 213.90000000 -213.90000000 
 -3.76610000  37.11000000 -37.11000000 218.20000000 -218.20000000 
 -3.65010000  41.75000000 -41.75000000 223.10000000 -223.10000000 
 -3.53410000  48.35000000 -48.35000000 228.70000000 -228.70000000 
 -3.41910000  54.07000000 -54.07000000 234.90000000 -234.90000000 
 -3.30310000  55.23000000 -55.23000000 241.30000000 -241.30000000 
 -3.18710000  52.30000000 -52.30000000 247.40000000 -247.40000000 
 -3.07110000  48.24000000 -48.24000000 252.90000000 -252.90000000 
 -2.95610000  42.49000000 -42.49000000 257.90000000 -257.90000000 
 -2.84010000  36.76000000 -36.76000000 262.10000000 -262.10000000 
 -2.72410000  32.99000000 -32.99000000 265.90000000 -265.90000000 
 -2.60810000  31.71000000 -31.71000000 269.60000000 -269.60000000 
 -2.49310000  36.30000000 -36.30000000 273.80000000 -273.80000000 
 -2.37710000  44.02000000 -44.02000000 278.90000000 -278.90000000 
 -2.26110000  46.90000000 -46.90000000 284.30000000 -284.30000000 
 -2.14510000  44.04000000 -44.04000000 289.40000000 -289.40000000 
 -2.02910000  38.96000000 -38.96000000 293.90000000 -293.90000000 
 -1.91410000  32.84000000 -32.84000000 297.70000000 -297.70000000 
 -1.79810000  25.43000000 -25.43000000 300.70000000 -300.70000000 
 -1.68210000  18.09000000 -18.09000000 302.80000000 -302.80000000 
 -1.56610000  11.85000000 -11.85000000 304.20000000 -304.20000000 
 -1.45110000   6.83700000  -6.83700000 304.90000000 -304.90000000 
 -1.33510000   3.90900000  -3.90900000 305.40000000 -305.40000000 
 -1.21910000   2.66600000  -2.66600000 305.70000000 -305.70000000 
 -1.10310000   1.64900000  -1.64900000 305.90000000 -305.90000000 
 -0.98810000   0.68220000  -0.68220000 306.00000000 -306.00000000 
 -0.87210000   0.17300000  -0.17300000 306.00000000 -306.00000000 
 -0.75610000   0.02646000  -0.02646000 306.00000000 -306.00000000 
 -0.64010000   0.00238800  -0.00238800 306.00000000 -306.00000000 
 -0.52510000   0.00022250  -0.00022250 306.00000000 -306.00000000 
 -0.40910000   0.00269600  -0.00269600 306.00000000 -306.00000000 
 -0.29310000   0.04022000  -0.04023000 306.00000000 -306.00000000 
 -0.17710000   0.34060000  -0.34070000 306.00000000 -306.00000000 
 -0.06210000   1.70300000  -1.70300000 306.20000000 -306.20000000 
  0.05390000   5.41400000  -5.41400000 306.90000000 -306.90000000 
  0.16990000  12.16000000 -12.16000000 308.30000000 -308.30000000 
  0.28590000  21.28000000 -21.28000000 310.70000000 -310.70000000 
  0.40090000  31.62000000 -31.62000000 314.40000000 -314.40000000 
  0.51690000  43.52000000 -43.52000000 319.40000000 -319.40000000 
  0.63290000  57.21000000 -57.21000000 326.10000000 -326.10000000 
  0.74890000  68.56000000 -68.56000000 334.00000000 -334.00000000 
  0.86390000  73.34000000 -73.34000000 342.50000000 -342.50000000 
  0.97990000  74.28000000 -74.28000000 351.10000000 -351.10000000 
  1.09590000  74.66000000 -74.66000000 359.70000000 -359.70000000 
  1.21190000  73.19000000 -73.19000000 368.20000000 -368.20000000 
  1.32690000  65.90000000 -65.90000000 375.80000000 -375.80000000 
  1.44290000  51.74000000 -51.74000000 381.80000000 -381.80000000 
  1.55890000  41.26000000 -41.26000000 386.60000000 -386.60000000 
  1.67490000  40.62000000 -40.62000000 391.30000000 -391.30000000 
  1.78990000  39.51000000 -39.51000000 395.90000000 -395.90000000 
  1.90590000  32.76000000 -32.76000000 399.70000000 -399.70000000 
  2.02190000  28.26000000 -28.26000000 402.90000000 -402.90000000 
  2.13790000  27.87000000 -27.86000000 406.20000000 -406.20000000 
  2.25390000  26.95000000 -26.90000000 409.30000000 -409.30000000 
  2.36890000  27.40000000 -27.17000000 412.40000000 -412.40000000 
  2.48490000  29.46000000 -28.98000000 415.90000000 -415.80000000 
  2.60090000  26.50000000 -26.15000000 418.90000000 -418.80000000 
  2.71690000  17.01000000 -17.25000000 420.90000000 -420.80000000 
  2.83190000   7.25400000  -7.76600000 421.70000000 -421.70000000 
  2.94790000   1.95000000  -2.24000000 422.00000000 -422.00000000 
  3.06390000   0.31420000  -0.38880000 422.00000000 -422.00000000 
  3.17990000   0.02901000  -0.03861000 422.00000000 -422.00000000 
  3.29490000   0.00148500  -0.00212100 422.00000000 -422.00000000 
  3.41090000   0.00004117  -0.00006308 422.00000000 -422.00000000 
  3.52690000   0.00000061  -0.00000100 422.00000000 -422.00000000 
  3.64290000   0.00000000  -0.00000001 422.00000000 -422.00000000 
  3.75790000   0.00000000  -0.00000000 422.00000000 -422.00000000 
  3.87390000   0.00000000  -0.00000000 422.00000000 -422.00000000 
  3.98990000   0.00000000  -0.00000000 422.00000000 -422.00000000 
  4.10590000   0.00000000  -0.00000000 422.00000000 -422.00000000 
  4.22090000   0.00000000  -0.00000000 422.00000000 -422.00000000 
  4.33690000   0.00000000  -0.00000000 422.00000000 -422.00000000 
  4.45290000   0.00000000  -0.00000000 422.00000000 -422.00000000 
  4.56890000   0.00000000  -0.00000000 422.00000000 -422.00000000 
  4.68390000   0.00000000  -0.00000000 422.00000000 -422.00000000 
