-30.04310000   0.00000000  -0.00000000   0.00000000  -0.00000000   0.00000000  -0.00000000   0.00000000  -0.00000000   0.00000000  -0.00000000   0.00000000  -0.00000000   0.00000000  -0.00000000   0.00000000  -0.00000000   0.00000000  -0.00000000 
-29.92710000   0.00000000  -0.00000000   0.00000000  -0.00000000   0.00000000  -0.00000000   0.00000000  -0.00000000   0.00000000  -0.00000000   0.00000000  -0.00000000   0.00000000  -0.00000000   0.00000000  -0.00000000   0.00000000  -0.00000000 
-29.81110000   0.00000000  -0.00000000   0.00000000  -0.00000000   0.00000000  -0.00000000   0.00000000  -0.00000000   0.00000000  -0.00000000   0.00000000  -0.00000000   0.00000000  -0.00000000   0.00000000  -0.00000000   0.00000000  -0.00000000 
-29.69510000   0.00000000  -0.00000000   0.00000000  -0.00000000   0.00000000  -0.00000000   0.00000000  -0.00000000   0.00000000  -0.00000000   0.00000000  -0.00000000   0.00000000  -0.00000000   0.00000000  -0.00000000   0.00000000  -0.00000000 
-29.58010000   0.00000000  -0.00000000   0.00000000  -0.00000000   0.00000000  -0.00000000   0.00000000  -0.00000000   0.00000000  -0.00000000   0.00000000  -0.00000000   0.00000000  -0.00000000   0.00000000  -0.00000000   0.00000000  -0.00000000 
-29.46410000   0.00000000  -0.00000000   0.00000000  -0.00000000   0.00000000  -0.00000000   0.00000000  -0.00000000   0.00000000  -0.00000000   0.00000000  -0.00000000   0.00000000  -0.00000000   0.00000000  -0.00000000   0.00000000  -0.00000000 
-29.34810000   0.00000000  -0.00000000   0.00000000  -0.00000000   0.00000000  -0.00000000   0.00000000  -0.00000000   0.00000000  -0.00000000   0.00000000  -0.00000000   0.00000000  -0.00000000   0.00000000  -0.00000000   0.00000000  -0.00000000 
-29.23210000   0.00000000  -0.00000000   0.00000000  -0.00000000   0.00000000  -0.00000000   0.00000000  -0.00000000   0.00000000  -0.00000000   0.00000000  -0.00000000   0.00000000  -0.00000000   0.00000000  -0.00000000   0.00000000  -0.00000000 
-29.11710000   0.00000000  -0.00000000   0.00000000  -0.00000000   0.00000000  -0.00000000   0.00000000  -0.00000000   0.00000000  -0.00000000   0.00000000  -0.00000000   0.00000000  -0.00000000   0.00000000  -0.00000000   0.00000000  -0.00000000 
-29.00110000   0.00000000  -0.00000000   0.00000000  -0.00000000   0.00000000  -0.00000000   0.00000000  -0.00000000   0.00000000  -0.00000000   0.00000000  -0.00000000   0.00000000  -0.00000000   0.00000000  -0.00000000   0.00000000  -0.00000000 
-28.88510000   0.00000000  -0.00000000   0.00000000  -0.00000000   0.00000000  -0.00000000   0.00000000  -0.00000000   0.00000000  -0.00000000   0.00000000  -0.00000000   0.00000000  -0.00000000   0.00000000  -0.00000000   0.00000000  -0.00000000 
-28.76910000   0.00000000  -0.00000000   0.00000000  -0.00000000   0.00000000  -0.00000000   0.00000000  -0.00000000   0.00000000  -0.00000000   0.00000000  -0.00000000   0.00000000  -0.00000000   0.00000000  -0.00000000   0.00000000  -0.00000000 
-28.65410000   0.00000000  -0.00000000   0.00000000  -0.00000000   0.00000000  -0.00000000   0.00000000  -0.00000000   0.00000000  -0.00000000   0.00000000  -0.00000000   0.00000000  -0.00000000   0.00000000  -0.00000000   0.00000000  -0.00000000 
-28.53810000   0.00000000  -0.00000000   0.00000000  -0.00000000   0.00000000  -0.00000000   0.00000000  -0.00000000   0.00000000  -0.00000000   0.00000000  -0.00000000   0.00000000  -0.00000000   0.00000000  -0.00000000   0.00000000  -0.00000000 
-28.42210000   0.00000000  -0.00000000   0.00000000  -0.00000000   0.00000000  -0.00000000   0.00000000  -0.00000000   0.00000000  -0.00000000   0.00000000  -0.00000000   0.00000000  -0.00000000   0.00000000  -0.00000000   0.00000000  -0.00000000 
-28.30610000   0.00000000  -0.00000000   0.00000000  -0.00000000   0.00000000  -0.00000000   0.00000000  -0.00000000   0.00000000  -0.00000000   0.00000000  -0.00000000   0.00000000  -0.00000000   0.00000000  -0.00000000   0.00000000  -0.00000000 
-28.19110000   0.00000000  -0.00000000   0.00000000  -0.00000000   0.00000000  -0.00000000   0.00000000  -0.00000000   0.00000000  -0.00000000   0.00000000  -0.00000000   0.00000000  -0.00000000   0.00000000  -0.00000000   0.00000000  -0.00000000 
-28.07510000   0.00000000  -0.00000000   0.00000000  -0.00000000   0.00000000  -0.00000000   0.00000000  -0.00000000   0.00000000  -0.00000000   0.00000000  -0.00000000   0.00000000  -0.00000000   0.00000000  -0.00000000   0.00000000  -0.00000000 
-27.95910000   0.00000000  -0.00000000   0.00000000  -0.00000000   0.00000000  -0.00000000   0.00000000  -0.00000000   0.00000000  -0.00000000   0.00000000  -0.00000000   0.00000000  -0.00000000   0.00000000  -0.00000000   0.00000000  -0.00000000 
-27.84310000   0.00000000  -0.00000000   0.00000000  -0.00000000   0.00000000  -0.00000000   0.00000000  -0.00000000   0.00000000  -0.00000000   0.00000000  -0.00000000   0.00000000  -0.00000000   0.00000000  -0.00000000   0.00000000  -0.00000000 
-27.72710000   0.00000000  -0.00000000   0.00000000  -0.00000000   0.00000000  -0.00000000   0.00000000  -0.00000000   0.00000000  -0.00000000   0.00000000  -0.00000000   0.00000000  -0.00000000   0.00000000  -0.00000000   0.00000000  -0.00000000 
-27.61210000   0.00000000  -0.00000000   0.00000000  -0.00000000   0.00000000  -0.00000000   0.00000000  -0.00000000   0.00000000  -0.00000000   0.00000000  -0.00000000   0.00000000  -0.00000000   0.00000000  -0.00000000   0.00000000  -0.00000000 
-27.49610000   0.00000000  -0.00000000   0.00000000  -0.00000000   0.00000000  -0.00000000   0.00000000  -0.00000000   0.00000000  -0.00000000   0.00000000  -0.00000000   0.00000000  -0.00000000   0.00000000  -0.00000000   0.00000000  -0.00000000 
-27.38010000   0.00000000  -0.00000000   0.00000000  -0.00000000   0.00000000  -0.00000000   0.00000000  -0.00000000   0.00000000  -0.00000000   0.00000000  -0.00000000   0.00000000  -0.00000000   0.00000000  -0.00000000   0.00000000  -0.00000000 
-27.26410000   0.00000000  -0.00000000   0.00000000  -0.00000000   0.00000000  -0.00000000   0.00000000  -0.00000000   0.00000000  -0.00000000   0.00000000  -0.00000000   0.00000000  -0.00000000   0.00000000  -0.00000000   0.00000000  -0.00000000 
-27.14910000   0.00000000  -0.00000000   0.00000000  -0.00000000   0.00000000  -0.00000000   0.00000000  -0.00000000   0.00000000  -0.00000000   0.00000000  -0.00000000   0.00000000  -0.00000000   0.00000000  -0.00000000   0.00000000  -0.00000000 
-27.03310000   0.00000000  -0.00000000   0.00000000  -0.00000000   0.00000000  -0.00000000   0.00000000  -0.00000000   0.00000000  -0.00000000   0.00000000  -0.00000000   0.00000000  -0.00000000   0.00000000  -0.00000000   0.00000000  -0.00000000 
-26.91710000   0.00000000  -0.00000000   0.00000000  -0.00000000   0.00000000  -0.00000000   0.00000000  -0.00000000   0.00000000  -0.00000000   0.00000000  -0.00000000   0.00000000  -0.00000000   0.00000000  -0.00000000   0.00000000  -0.00000000 
-26.80110000   0.00000000  -0.00000000   0.00000000  -0.00000000   0.00000000  -0.00000000   0.00000000  -0.00000000   0.00000000  -0.00000000   0.00000000  -0.00000000   0.00000000  -0.00000000   0.00000000  -0.00000000   0.00000000  -0.00000000 
-26.68610000   0.00000000  -0.00000000   0.00000000  -0.00000000   0.00000000  -0.00000000   0.00000000  -0.00000000   0.00000000  -0.00000000   0.00000000  -0.00000000   0.00000000  -0.00000000   0.00000000  -0.00000000   0.00000000  -0.00000000 
-26.57010000   0.00000000  -0.00000000   0.00000000  -0.00000000   0.00000000  -0.00000000   0.00000000  -0.00000000   0.00000000  -0.00000000   0.00000000  -0.00000000   0.00000000  -0.00000000   0.00000000  -0.00000000   0.00000000  -0.00000000 
-26.45410000   0.00000000  -0.00000000   0.00000000  -0.00000000   0.00000000  -0.00000000   0.00000000  -0.00000000   0.00000000  -0.00000000   0.00000000  -0.00000000   0.00000000  -0.00000000   0.00000000  -0.00000000   0.00000000  -0.00000000 
-26.33810000   0.00000000  -0.00000000   0.00000000  -0.00000000   0.00000000  -0.00000000   0.00000000  -0.00000000   0.00000000  -0.00000000   0.00000000  -0.00000000   0.00000000  -0.00000000   0.00000000  -0.00000000   0.00000000  -0.00000000 
-26.22310000   0.00000000  -0.00000000   0.00000000  -0.00000000   0.00000000  -0.00000000   0.00000000  -0.00000000   0.00000000  -0.00000000   0.00000000  -0.00000000   0.00000000  -0.00000000   0.00000000  -0.00000000   0.00000000  -0.00000000 
-26.10710000   0.00000000  -0.00000000   0.00000000  -0.00000000   0.00000000  -0.00000000   0.00000000  -0.00000000   0.00000000  -0.00000000   0.00000000  -0.00000000   0.00000000  -0.00000000   0.00000000  -0.00000000   0.00000000  -0.00000000 
-25.99110000   0.00000000  -0.00000000   0.00000000  -0.00000000   0.00000000  -0.00000000   0.00000000  -0.00000000   0.00000000  -0.00000000   0.00000000  -0.00000000   0.00000000  -0.00000000   0.00000000  -0.00000000   0.00000000  -0.00000000 
-25.87510000   0.00000000  -0.00000000   0.00000000  -0.00000000   0.00000000  -0.00000000   0.00000000  -0.00000000   0.00000000  -0.00000000   0.00000000  -0.00000000   0.00000000  -0.00000000   0.00000000  -0.00000000   0.00000000  -0.00000000 
-25.76010000   0.00000000  -0.00000000   0.00000000  -0.00000000   0.00000000  -0.00000000   0.00000000  -0.00000000   0.00000000  -0.00000000   0.00000000  -0.00000000   0.00000000  -0.00000000   0.00000000  -0.00000000   0.00000000  -0.00000000 
-25.64410000   0.00000000  -0.00000000   0.00000000  -0.00000000   0.00000000  -0.00000000   0.00000000  -0.00000000   0.00000000  -0.00000000   0.00000000  -0.00000000   0.00000000  -0.00000000   0.00000000  -0.00000000   0.00000000  -0.00000000 
-25.52810000   0.00000000  -0.00000000   0.00000000  -0.00000000   0.00000000  -0.00000000   0.00000000  -0.00000000   0.00000000  -0.00000000   0.00000000  -0.00000000   0.00000000  -0.00000000   0.00000000  -0.00000000   0.00000000  -0.00000000 
-25.41210000   0.00000000  -0.00000000   0.00000000  -0.00000000   0.00000000  -0.00000000   0.00000000  -0.00000000   0.00000000  -0.00000000   0.00000000  -0.00000000   0.00000000  -0.00000000   0.00000000  -0.00000000   0.00000000  -0.00000000 
-25.29710000   0.00000000  -0.00000000   0.00000000  -0.00000000   0.00000000  -0.00000000   0.00000000  -0.00000000   0.00000000  -0.00000000   0.00000000  -0.00000000   0.00000000  -0.00000000   0.00000000  -0.00000000   0.00000000  -0.00000000 
-25.18110000   0.00000000  -0.00000000   0.00000000  -0.00000000   0.00000000  -0.00000000   0.00000000  -0.00000000   0.00000000  -0.00000000   0.00000000  -0.00000000   0.00000000  -0.00000000   0.00000000  -0.00000000   0.00000000  -0.00000000 
-25.06510000   0.00000000  -0.00000000   0.00000000  -0.00000000   0.00000000  -0.00000000   0.00000000  -0.00000000   0.00000000  -0.00000000   0.00000000  -0.00000000   0.00000000  -0.00000000   0.00000000  -0.00000000   0.00000000  -0.00000000 
-24.94910000   0.00000000  -0.00000000   0.00000000  -0.00000000   0.00000000  -0.00000000   0.00000000  -0.00000000   0.00000000  -0.00000000   0.00000000  -0.00000000   0.00000000  -0.00000000   0.00000000  -0.00000000   0.00000000  -0.00000000 
-24.83410000   0.00000000  -0.00000000   0.00000000  -0.00000000   0.00000000  -0.00000000   0.00000000  -0.00000000   0.00000000  -0.00000000   0.00000000  -0.00000000   0.00000000  -0.00000000   0.00000000  -0.00000000   0.00000000  -0.00000000 
-24.71810000   0.00000000  -0.00000000   0.00000000  -0.00000000   0.00000000  -0.00000000   0.00000000  -0.00000000   0.00000000  -0.00000000   0.00000000  -0.00000000   0.00000000  -0.00000000   0.00000000  -0.00000000   0.00000000  -0.00000000 
-24.60210000   0.00000000  -0.00000000   0.00000000  -0.00000000   0.00000000  -0.00000000   0.00000000  -0.00000000   0.00000000  -0.00000000   0.00000000  -0.00000000   0.00000000  -0.00000000   0.00000000  -0.00000000   0.00000000  -0.00000000 
-24.48610000   0.00000000  -0.00000000   0.00000000  -0.00000000   0.00000000  -0.00000000   0.00000000  -0.00000000   0.00000000  -0.00000000   0.00000000  -0.00000000   0.00000000  -0.00000000   0.00000000  -0.00000000   0.00000000  -0.00000000 
-24.37110000   0.00000000  -0.00000000   0.00000000  -0.00000000   0.00000000  -0.00000000   0.00000000  -0.00000000   0.00000000  -0.00000000   0.00000000  -0.00000000   0.00000000  -0.00000000   0.00000000  -0.00000000   0.00000000  -0.00000000 
-24.25510000   0.00000000  -0.00000000   0.00000000  -0.00000000   0.00000000  -0.00000000   0.00000000  -0.00000000   0.00000000  -0.00000000   0.00000000  -0.00000000   0.00000000  -0.00000000   0.00000000  -0.00000000   0.00000000  -0.00000000 
-24.13910000   0.00000000  -0.00000000   0.00000000  -0.00000000   0.00000000  -0.00000000   0.00000000  -0.00000000   0.00000000  -0.00000000   0.00000000  -0.00000000   0.00000000  -0.00000000   0.00000000  -0.00000000   0.00000000  -0.00000000 
-24.02310000   0.00000000  -0.00000000   0.00000000  -0.00000000   0.00000000  -0.00000000   0.00000000  -0.00000000   0.00000000  -0.00000000   0.00000000  -0.00000000   0.00000000  -0.00000000   0.00000000  -0.00000000   0.00000000  -0.00000000 
-23.90810000   0.00000000  -0.00000000   0.00000000  -0.00000000   0.00000000  -0.00000000   0.00000000  -0.00000000   0.00000000  -0.00000000   0.00000000  -0.00000000   0.00000000  -0.00000000   0.00000000  -0.00000000   0.00000000  -0.00000000 
-23.79210000   0.00000000  -0.00000000   0.00000000  -0.00000000   0.00000000  -0.00000000   0.00000000  -0.00000000   0.00000000  -0.00000000   0.00000000  -0.00000000   0.00000000  -0.00000000   0.00000000  -0.00000000   0.00000000  -0.00000000 
-23.67610000   0.00000000  -0.00000000   0.00000000  -0.00000000   0.00000000  -0.00000000   0.00000000  -0.00000000   0.00000000  -0.00000000   0.00000000  -0.00000000   0.00000000  -0.00000000   0.00000000  -0.00000000   0.00000000  -0.00000000 
-23.56010000   0.00000000  -0.00000000   0.00000000  -0.00000000   0.00000000  -0.00000000   0.00000000  -0.00000000   0.00000000  -0.00000000   0.00000000  -0.00000000   0.00000000  -0.00000000   0.00000000  -0.00000000   0.00000000  -0.00000000 
-23.44410000   0.00000000  -0.00000000   0.00000000  -0.00000000   0.00000000  -0.00000000   0.00000000  -0.00000000   0.00000000  -0.00000000   0.00000000  -0.00000000   0.00000000  -0.00000000   0.00000000  -0.00000000   0.00000000  -0.00000000 
-23.32910000   0.00000000  -0.00000000   0.00000000  -0.00000000   0.00000000  -0.00000000   0.00000000  -0.00000000   0.00000000  -0.00000000   0.00000000  -0.00000000   0.00000000  -0.00000000   0.00000000  -0.00000000   0.00000000  -0.00000000 
-23.21310000   0.00000000  -0.00000000   0.00000000  -0.00000000   0.00000000  -0.00000000   0.00000000  -0.00000000   0.00000000  -0.00000000   0.00000000  -0.00000000   0.00000000  -0.00000000   0.00000000  -0.00000000   0.00000000  -0.00000000 
-23.09710000   0.00000000  -0.00000000   0.00000000  -0.00000000   0.00000000  -0.00000000   0.00000000  -0.00000000   0.00000000  -0.00000000   0.00000000  -0.00000000   0.00000000  -0.00000000   0.00000000  -0.00000000   0.00000000  -0.00000000 
-22.98110000   0.00000000  -0.00000000   0.00000000  -0.00000000   0.00000000  -0.00000000   0.00000000  -0.00000000   0.00000000  -0.00000000   0.00000000  -0.00000000   0.00000000  -0.00000000   0.00000000  -0.00000000   0.00000000  -0.00000000 
-22.86610000   0.00000000  -0.00000000   0.00000000  -0.00000000   0.00000000  -0.00000000   0.00000000  -0.00000000   0.00000000  -0.00000000   0.00000000  -0.00000000   0.00000000  -0.00000000   0.00000000  -0.00000000   0.00000000  -0.00000000 
-22.75010000   0.00000000  -0.00000000   0.00000000  -0.00000000   0.00000000  -0.00000000   0.00000000  -0.00000000   0.00000000  -0.00000000   0.00000000  -0.00000000   0.00000000  -0.00000000   0.00000000  -0.00000000   0.00000000  -0.00000000 
-22.63410000   0.00000000  -0.00000000   0.00000000  -0.00000000   0.00000000  -0.00000000   0.00000000  -0.00000000   0.00000000  -0.00000000   0.00000000  -0.00000000   0.00000000  -0.00000000   0.00000000  -0.00000000   0.00000000  -0.00000000 
-22.51810000   0.00000000  -0.00000000   0.00000000  -0.00000000   0.00000000  -0.00000000   0.00000000  -0.00000000   0.00000000  -0.00000000   0.00000000  -0.00000000   0.00000000  -0.00000000   0.00000000  -0.00000000   0.00000000  -0.00000000 
-22.40310000   0.00000000  -0.00000000   0.00000000  -0.00000000   0.00000000  -0.00000000   0.00000000  -0.00000000   0.00000000  -0.00000000   0.00000000  -0.00000000   0.00000000  -0.00000000   0.00000000  -0.00000000   0.00000000  -0.00000000 
-22.28710000   0.00000000  -0.00000000   0.00000000  -0.00000000   0.00000000  -0.00000000   0.00000000  -0.00000000   0.00000000  -0.00000000   0.00000000  -0.00000000   0.00000000  -0.00000000   0.00000000  -0.00000000   0.00000000  -0.00000000 
-22.17110000   0.00000000  -0.00000000   0.00000000  -0.00000000   0.00000000  -0.00000000   0.00000000  -0.00000000   0.00000000  -0.00000000   0.00000000  -0.00000000   0.00000000  -0.00000000   0.00000000  -0.00000000   0.00000000  -0.00000000 
-22.05510000   0.00000000  -0.00000000   0.00000000  -0.00000000   0.00000000  -0.00000000   0.00000000  -0.00000000   0.00000000  -0.00000000   0.00000000  -0.00000000   0.00000000  -0.00000000   0.00000000  -0.00000000   0.00000000  -0.00000000 
-21.94010000   0.00000000  -0.00000000   0.00000000  -0.00000000   0.00000000  -0.00000000   0.00000000  -0.00000000   0.00000000  -0.00000000   0.00000000  -0.00000000   0.00000000  -0.00000000   0.00000000  -0.00000000   0.00000000  -0.00000000 
-21.82410000   0.00000000  -0.00000000   0.00000000  -0.00000000   0.00000000  -0.00000000   0.00000000  -0.00000000   0.00000000  -0.00000000   0.00000000  -0.00000000   0.00000000  -0.00000000   0.00000000  -0.00000000   0.00000000  -0.00000000 
-21.70810000   0.00000000  -0.00000000   0.00000000  -0.00000000   0.00000000  -0.00000000   0.00000000  -0.00000000   0.00000000  -0.00000000   0.00000000  -0.00000000   0.00000000  -0.00000000   0.00000000  -0.00000000   0.00000000  -0.00000000 
-21.59210000   0.00000000  -0.00000000   0.00000000  -0.00000000   0.00000000  -0.00000000   0.00000000  -0.00000000   0.00000000  -0.00000000   0.00000000  -0.00000000   0.00000000  -0.00000000   0.00000000  -0.00000000   0.00000000  -0.00000000 
-21.47710000   0.00000000  -0.00000000   0.00000000  -0.00000000   0.00000000  -0.00000000   0.00000000  -0.00000000   0.00000000  -0.00000000   0.00000000  -0.00000000   0.00000000  -0.00000000   0.00000000  -0.00000000   0.00000000  -0.00000000 
-21.36110000   0.00000000  -0.00000000   0.00000000  -0.00000000   0.00000000  -0.00000000   0.00000000  -0.00000000   0.00000000  -0.00000000   0.00000000  -0.00000000   0.00000000  -0.00000000   0.00000000  -0.00000000   0.00000000  -0.00000000 
-21.24510000   0.00000000  -0.00000000   0.00000000  -0.00000000   0.00000000  -0.00000000   0.00000000  -0.00000000   0.00000000  -0.00000000   0.00000000  -0.00000000   0.00000000  -0.00000000   0.00000000  -0.00000000   0.00000000  -0.00000000 
-21.12910000   0.00000000  -0.00000000   0.00000000  -0.00000000   0.00000000  -0.00000000   0.00000000  -0.00000000   0.00000000  -0.00000000   0.00000000  -0.00000000   0.00000000  -0.00000000   0.00000000  -0.00000000   0.00000000  -0.00000000 
-21.01410000   0.00000000  -0.00000000   0.00000000  -0.00000000   0.00000000  -0.00000000   0.00000000  -0.00000000   0.00000000  -0.00000000   0.00000000  -0.00000000   0.00000000  -0.00000000   0.00000000  -0.00000000   0.00000000  -0.00000000 
-20.89810000   0.00000000  -0.00000000   0.00000000  -0.00000000   0.00000000  -0.00000000   0.00000000  -0.00000000   0.00000000  -0.00000000   0.00000000  -0.00000000   0.00000000  -0.00000000   0.00000000  -0.00000000   0.00000000  -0.00000000 
-20.78210000   0.00000000  -0.00000000   0.00000000  -0.00000000   0.00000000  -0.00000000   0.00000000  -0.00000000   0.00000000  -0.00000000   0.00000000  -0.00000000   0.00000000  -0.00000000   0.00000000  -0.00000000   0.00000000  -0.00000000 
-20.66610000   0.00000000  -0.00000000   0.00000000  -0.00000000   0.00000000  -0.00000000   0.00000000  -0.00000000   0.00000000  -0.00000000   0.00000000  -0.00000000   0.00000000  -0.00000000   0.00000000  -0.00000000   0.00000000  -0.00000000 
-20.55110000   0.00000000  -0.00000000   0.00000000  -0.00000000   0.00000000  -0.00000000   0.00000000  -0.00000000   0.00000000  -0.00000000   0.00000000  -0.00000000   0.00000000  -0.00000000   0.00000000  -0.00000000   0.00000000  -0.00000000 
-20.43510000   0.00000000  -0.00000000   0.00000000  -0.00000000   0.00000000  -0.00000000   0.00000000  -0.00000000   0.00000000  -0.00000000   0.00000000  -0.00000000   0.00000000  -0.00000000   0.00000000  -0.00000000   0.00000000  -0.00000000 
-20.31910000   0.00000000  -0.00000000   0.00000000  -0.00000000   0.00000000  -0.00000000   0.00000000  -0.00000000   0.00000000  -0.00000000   0.00000000  -0.00000000   0.00000000  -0.00000000   0.00000000  -0.00000000   0.00000000  -0.00000000 
-20.20310000   0.00000000  -0.00000000   0.00000000  -0.00000000   0.00000000  -0.00000000   0.00000000  -0.00000000   0.00000000  -0.00000000   0.00000000  -0.00000000   0.00000000  -0.00000000   0.00000000  -0.00000000   0.00000000  -0.00000000 
-20.08810000   0.00000000  -0.00000000   0.00000000  -0.00000000   0.00000000  -0.00000000   0.00000000  -0.00000000   0.00000000  -0.00000000   0.00000000  -0.00000000   0.00000000  -0.00000000   0.00000000  -0.00000000   0.00000000  -0.00000000 
-19.97210000   0.00000000  -0.00000000   0.00000000  -0.00000000   0.00000000  -0.00000000   0.00000000  -0.00000000   0.00000000  -0.00000000   0.00000000  -0.00000000   0.00000000  -0.00000000   0.00000000  -0.00000000   0.00000000  -0.00000000 
-19.85610000   0.00000000  -0.00000000   0.00000000  -0.00000000   0.00000000  -0.00000000   0.00000000  -0.00000000   0.00000000  -0.00000000   0.00000000  -0.00000000   0.00000000  -0.00000000   0.00000000  -0.00000000   0.00000000  -0.00000000 
-19.74010000   0.00000000  -0.00000000   0.00000000  -0.00000000   0.00000000  -0.00000000   0.00000000  -0.00000000   0.00000000  -0.00000000   0.00000000  -0.00000000   0.00000000  -0.00000000   0.00000000  -0.00000000   0.00000000  -0.00000000 
-19.62510000   0.00000003  -0.00000003   0.00000000  -0.00000000   0.00000002  -0.00000002   0.00000000  -0.00000000   0.00000000  -0.00000000   0.00000000  -0.00000000   0.00000000  -0.00000000   0.00000001  -0.00000001   0.00000000  -0.00000000 
-19.50910000   0.00000035  -0.00000035   0.00000002  -0.00000002   0.00000017  -0.00000017   0.00000004  -0.00000004   0.00000002  -0.00000002   0.00000003  -0.00000003   0.00000004  -0.00000004   0.00000008  -0.00000008   0.00000001  -0.00000001 
-19.39310000   0.00000190  -0.00000190   0.00000009  -0.00000009   0.00000090  -0.00000090   0.00000023  -0.00000023   0.00000011  -0.00000011   0.00000017  -0.00000017   0.00000021  -0.00000021   0.00000044  -0.00000044   0.00000004  -0.00000004 
-19.27710000   0.00000546  -0.00000546   0.00000025  -0.00000025   0.00000259  -0.00000259   0.00000067  -0.00000067   0.00000033  -0.00000033   0.00000048  -0.00000048   0.00000059  -0.00000059   0.00000127  -0.00000127   0.00000012  -0.00000012 
-19.16110000   0.00000829  -0.00000829   0.00000038  -0.00000038   0.00000393  -0.00000393   0.00000102  -0.00000102   0.00000050  -0.00000050   0.00000074  -0.00000074   0.00000090  -0.00000090   0.00000193  -0.00000193   0.00000018  -0.00000018 
-19.04610000   0.00000669  -0.00000669   0.00000031  -0.00000031   0.00000317  -0.00000317   0.00000082  -0.00000082   0.00000040  -0.00000040   0.00000059  -0.00000059   0.00000072  -0.00000072   0.00000156  -0.00000156   0.00000014  -0.00000014 
-18.93010000   0.00000286  -0.00000286   0.00000013  -0.00000013   0.00000136  -0.00000136   0.00000035  -0.00000035   0.00000017  -0.00000017   0.00000025  -0.00000025   0.00000031  -0.00000031   0.00000067  -0.00000067   0.00000006  -0.00000006 
-18.81410000   0.00000065  -0.00000065   0.00000003  -0.00000003   0.00000031  -0.00000031   0.00000008  -0.00000008   0.00000004  -0.00000004   0.00000006  -0.00000006   0.00000007  -0.00000007   0.00000015  -0.00000015   0.00000001  -0.00000001 
-18.69810000   0.00000008  -0.00000008   0.00000000  -0.00000000   0.00000004  -0.00000004   0.00000001  -0.00000001   0.00000000  -0.00000000   0.00000001  -0.00000001   0.00000001  -0.00000001   0.00000002  -0.00000002   0.00000000  -0.00000000 
-18.58310000   0.00000000  -0.00000000   0.00000000  -0.00000000   0.00000000  -0.00000000   0.00000000  -0.00000000   0.00000000  -0.00000000   0.00000000  -0.00000000   0.00000000  -0.00000000   0.00000000  -0.00000000   0.00000000  -0.00000000 
-18.46710000   0.00000000  -0.00000000   0.00000000  -0.00000000   0.00000000  -0.00000000   0.00000000  -0.00000000   0.00000000  -0.00000000   0.00000000  -0.00000000   0.00000000  -0.00000000   0.00000000  -0.00000000   0.00000000  -0.00000000 
-18.35110000   0.00000000  -0.00000000   0.00000000  -0.00000000   0.00000000  -0.00000000   0.00000000  -0.00000000   0.00000000  -0.00000000   0.00000000  -0.00000000   0.00000000  -0.00000000   0.00000000  -0.00000000   0.00000000  -0.00000000 
-18.23510000   0.00000000  -0.00000000   0.00000000  -0.00000000   0.00000000  -0.00000000   0.00000000  -0.00000000   0.00000000  -0.00000000   0.00000000  -0.00000000   0.00000000  -0.00000000   0.00000000  -0.00000000   0.00000000  -0.00000000 
-18.12010000   0.00000000  -0.00000000   0.00000000  -0.00000000   0.00000000  -0.00000000   0.00000000  -0.00000000   0.00000000  -0.00000000   0.00000000  -0.00000000   0.00000000  -0.00000000   0.00000000  -0.00000000   0.00000000  -0.00000000 
-18.00410000   0.00000000  -0.00000000   0.00000000  -0.00000000   0.00000000  -0.00000000   0.00000000  -0.00000000   0.00000000  -0.00000000   0.00000000  -0.00000000   0.00000000  -0.00000000   0.00000000  -0.00000000   0.00000000  -0.00000000 
-17.88810000   0.00000000  -0.00000000   0.00000000  -0.00000000   0.00000000  -0.00000000   0.00000000  -0.00000000   0.00000000  -0.00000000   0.00000000  -0.00000000   0.00000000  -0.00000000   0.00000000  -0.00000000   0.00000000  -0.00000000 
-17.77210000   0.00000000  -0.00000000   0.00000000  -0.00000000   0.00000000  -0.00000000   0.00000000  -0.00000000   0.00000000  -0.00000000   0.00000000  -0.00000000   0.00000000  -0.00000000   0.00000000  -0.00000000   0.00000000  -0.00000000 
-17.65710000   0.00000000  -0.00000000   0.00000000  -0.00000000   0.00000000  -0.00000000   0.00000000  -0.00000000   0.00000000  -0.00000000   0.00000000  -0.00000000   0.00000000  -0.00000000   0.00000000  -0.00000000   0.00000000  -0.00000000 
-17.54110000   0.00000000  -0.00000000   0.00000000  -0.00000000   0.00000000  -0.00000000   0.00000000  -0.00000000   0.00000000  -0.00000000   0.00000000  -0.00000000   0.00000000  -0.00000000   0.00000000  -0.00000000   0.00000000  -0.00000000 
-17.42510000   0.00000000  -0.00000000   0.00000000  -0.00000000   0.00000000  -0.00000000   0.00000000  -0.00000000   0.00000000  -0.00000000   0.00000000  -0.00000000   0.00000000  -0.00000000   0.00000000  -0.00000000   0.00000000  -0.00000000 
-17.30910000   0.00000003  -0.00000003   0.00000000  -0.00000000   0.00000001  -0.00000001   0.00000000  -0.00000000   0.00000000  -0.00000000   0.00000000  -0.00000000   0.00000000  -0.00000000   0.00000000  -0.00000000   0.00000000  -0.00000000 
-17.19410000   0.00000050  -0.00000050   0.00000000  -0.00000000   0.00000012  -0.00000012   0.00000003  -0.00000003   0.00000001  -0.00000001   0.00000000  -0.00000000   0.00000002  -0.00000002   0.00000004  -0.00000004   0.00000000  -0.00000000 
-17.07810000   0.00000384  -0.00000385   0.00000000  -0.00000000   0.00000089  -0.00000089   0.00000021  -0.00000021   0.00000007  -0.00000007   0.00000000  -0.00000000   0.00000018  -0.00000018   0.00000030  -0.00000030   0.00000000  -0.00000000 
-16.96210000   0.00001577  -0.00001577   0.00000000  -0.00000000   0.00000367  -0.00000367   0.00000086  -0.00000086   0.00000030  -0.00000030   0.00000001  -0.00000001   0.00000075  -0.00000075   0.00000125  -0.00000125   0.00000001  -0.00000001 
-16.84610000   0.00003426  -0.00003426   0.00000000  -0.00000000   0.00000797  -0.00000797   0.00000187  -0.00000187   0.00000065  -0.00000065   0.00000003  -0.00000003   0.00000163  -0.00000163   0.00000271  -0.00000271   0.00000002  -0.00000002 
-16.73110000   0.00003957  -0.00003957   0.00000000  -0.00000000   0.00000921  -0.00000921   0.00000218  -0.00000218   0.00000076  -0.00000076   0.00000004  -0.00000004   0.00000188  -0.00000188   0.00000314  -0.00000314   0.00000003  -0.00000003 
-16.61510000   0.00002513  -0.00002513   0.00000001  -0.00000001   0.00000592  -0.00000592   0.00000155  -0.00000155   0.00000059  -0.00000059   0.00000003  -0.00000003   0.00000125  -0.00000125   0.00000211  -0.00000211   0.00000002  -0.00000002 
-16.49910000   0.00001355  -0.00001355   0.00000013  -0.00000013   0.00000343  -0.00000343   0.00000166  -0.00000166   0.00000085  -0.00000085   0.00000009  -0.00000009   0.00000091  -0.00000091   0.00000163  -0.00000163   0.00000005  -0.00000005 
-16.38310000   0.00002187  -0.00002187   0.00000096  -0.00000096   0.00000473  -0.00000473   0.00000350  -0.00000350   0.00000204  -0.00000204   0.00000043  -0.00000043   0.00000154  -0.00000154   0.00000288  -0.00000288   0.00000024  -0.00000024 
-16.26810000   0.00005296  -0.00005296   0.00000402  -0.00000402   0.00000665  -0.00000665   0.00000540  -0.00000540   0.00000333  -0.00000333   0.00000144  -0.00000144   0.00000217  -0.00000217   0.00000410  -0.00000410   0.00000083  -0.00000083 
-16.15210000   0.00012630  -0.00012630   0.00000919  -0.00000919   0.00000571  -0.00000571   0.00000533  -0.00000533   0.00000359  -0.00000359   0.00000299  -0.00000299   0.00000191  -0.00000191   0.00000339  -0.00000339   0.00000177  -0.00000177 
-16.03610000   0.00049440  -0.00049440   0.00001323  -0.00001323   0.00000313  -0.00000313   0.00000564  -0.00000564   0.00000351  -0.00000351   0.00000347  -0.00000347   0.00000251  -0.00000251   0.00000170  -0.00000170   0.00000290  -0.00000290 
-15.92010000   0.00239200  -0.00239200   0.00002537  -0.00002537   0.00000146  -0.00000146   0.00001884  -0.00001884   0.00000811  -0.00000811   0.00000220  -0.00000220   0.00001029  -0.00001029   0.00000060  -0.00000060   0.00000826  -0.00000826 
-15.80510000   0.00797400  -0.00797400   0.00008506  -0.00008506   0.00000272  -0.00000272   0.00007757  -0.00007757   0.00003119  -0.00003119   0.00000081  -0.00000081   0.00003543  -0.00003543   0.00000026  -0.00000026   0.00003226  -0.00003226 
-15.68910000   0.01679000  -0.01679000   0.00024770  -0.00024770   0.00001200  -0.00001200   0.00023140  -0.00023140   0.00009579  -0.00009579   0.00000058  -0.00000058   0.00007884  -0.00007884   0.00000056  -0.00000056   0.00009800  -0.00009800 
-15.57310000   0.02479000  -0.02479000   0.00056060  -0.00056060   0.00003512  -0.00003512   0.00053630  -0.00053630   0.00023200  -0.00023200   0.00000172  -0.00000172   0.00012770  -0.00012770   0.00000178  -0.00000178   0.00023030  -0.00023030 
-15.45710000   0.02943000  -0.02943000   0.00097650  -0.00097650   0.00006651  -0.00006651   0.00096390  -0.00096390   0.00043350  -0.00043350   0.00000482  -0.00000482   0.00016940  -0.00016940   0.00000473  -0.00000473   0.00041570  -0.00041570 
-15.34210000   0.02948000  -0.02948000   0.00136000  -0.00136000   0.00009453  -0.00009453   0.00136600  -0.00136600   0.00064370  -0.00064370   0.00001070  -0.00001070   0.00019080  -0.00019080   0.00001023  -0.00001023   0.00060830  -0.00060830 
-15.22610000   0.02802000  -0.02802000   0.00187900  -0.00187900   0.00011280  -0.00011280   0.00188600  -0.00188600   0.00094630  -0.00094630   0.00001840  -0.00001840   0.00021420  -0.00021420   0.00001739  -0.00001739   0.00090360  -0.00090360 
-15.11010000   0.02935000  -0.02935000   0.00261800  -0.00261800   0.00012130  -0.00012130   0.00263400  -0.00263400   0.00138700  -0.00138700   0.00002856  -0.00002856   0.00026360  -0.00026360   0.00002655  -0.00002655   0.00133200  -0.00133200 
-14.99410000   0.02898000  -0.02898000   0.00304100  -0.00304100   0.00016750  -0.00016750   0.00308500  -0.00308500   0.00169000  -0.00169000   0.00004868  -0.00004868   0.00028720  -0.00028720   0.00004467  -0.00004467   0.00162800  -0.00162800 
-14.87810000   0.02549000  -0.02549000   0.00330400  -0.00330400   0.00047150  -0.00047150   0.00333000  -0.00333000   0.00194100  -0.00194100   0.00008800  -0.00008800   0.00028220  -0.00028220   0.00007891  -0.00007891   0.00190900  -0.00190900 
-14.76310000   0.02544000  -0.02544000   0.00432400  -0.00432400   0.00194000  -0.00194000   0.00430200  -0.00430200   0.00269500  -0.00269500   0.00021790  -0.00021790   0.00032840  -0.00032840   0.00018810  -0.00018810   0.00268900  -0.00268900 
-14.64710000   0.02802000  -0.02802000   0.00559000  -0.00559000   0.00620100  -0.00620100   0.00562400  -0.00562400   0.00368200  -0.00368200   0.00071550  -0.00071550   0.00039930  -0.00039930   0.00062820  -0.00062820   0.00363600  -0.00363600 
-14.53110000   0.02619000  -0.02619000   0.00598900  -0.00598900   0.01307000  -0.01307000   0.00610800  -0.00610800   0.00417200  -0.00417200   0.00201000  -0.00201000   0.00039480  -0.00039480   0.00184700  -0.00184700   0.00411100  -0.00411100 
-14.41510000   0.02267000  -0.02267000   0.00675200  -0.00675200   0.01933000  -0.01933000   0.00683500  -0.00683500   0.00499300  -0.00499300   0.00437000  -0.00437000   0.00037200  -0.00037200   0.00418100  -0.00418100   0.00498200  -0.00498200 
-14.30010000   0.02330000  -0.02330000   0.00918400  -0.00918400   0.02293000  -0.02293000   0.00924600  -0.00924600   0.00718300  -0.00718300   0.00784700  -0.00784700   0.00042190  -0.00042190   0.00775500  -0.00775500   0.00715100  -0.00715100 
-14.18410000   0.02477000  -0.02477000   0.01195000  -0.01195000   0.02432000  -0.02432000   0.01199000  -0.01199000   0.00980200  -0.00980200   0.01260000  -0.01260000   0.00047100  -0.00047100   0.01279000  -0.01279000   0.00975500  -0.00975500 
-14.06810000   0.02325000  -0.02325000   0.01487000  -0.01487000   0.02413000  -0.02413000   0.01468000  -0.01468000   0.01278000  -0.01278000   0.01947000  -0.01947000   0.00045260  -0.00045260   0.01995000  -0.01995000   0.01281000  -0.01281000 
-13.95210000   0.02109000  -0.02109000   0.01941000  -0.01941000   0.02274000  -0.02274000   0.01914000  -0.01914000   0.01750000  -0.01750000   0.03027000  -0.03027000   0.00042250  -0.00042250   0.03059000  -0.03059000   0.01732000  -0.01732000 
-13.83710000   0.01778000  -0.01778000   0.02227000  -0.02227000   0.02034000  -0.02034000   0.02222000  -0.02222000   0.02071000  -0.02071000   0.04659000  -0.04659000   0.00036390  -0.00036390   0.04628000  -0.04628000   0.02012000  -0.02012000 
-13.72110000   0.01172000  -0.01172000   0.01965000  -0.01965000   0.01675000  -0.01675000   0.01967000  -0.01967000   0.01847000  -0.01847000   0.06345000  -0.06345000   0.00024010  -0.00024010   0.06299000  -0.06299000   0.01782000  -0.01782000 
-13.60510000   0.00584100  -0.00584100   0.01320000  -0.01320000   0.01161000  -0.01161000   0.01321000  -0.01321000   0.01245000  -0.01245000   0.06742000  -0.06742000   0.00011700  -0.00011700   0.06757000  -0.06757000   0.01199000  -0.01199000 
-13.48910000   0.00229100  -0.00229100   0.00647800  -0.00647800   0.00614200  -0.00614200   0.00654800  -0.00654800   0.00618200  -0.00618200   0.05101000  -0.05101000   0.00004322  -0.00004322   0.05158000  -0.05158000   0.00589500  -0.00589500 
-13.37410000   0.00069700  -0.00069700   0.00219800  -0.00219800   0.00228700  -0.00228700   0.00225500  -0.00225500   0.00213000  -0.00213000   0.02572000  -0.02572000   0.00001157  -0.00001157   0.02614000  -0.02614000   0.00201000  -0.00201000 
-13.25810000   0.00016090  -0.00016090   0.00051690  -0.00051690   0.00056660  -0.00056660   0.00053490  -0.00053490   0.00050530  -0.00050530   0.00823200  -0.00823200   0.00000222  -0.00000222   0.00839700  -0.00839700   0.00047650  -0.00047650 
-13.14210000   0.00003704  -0.00003704   0.00009048  -0.00009048   0.00009574  -0.00009574   0.00009099  -0.00009099   0.00008558  -0.00008558   0.00162700  -0.00162700   0.00000052  -0.00000052   0.00165400  -0.00165400   0.00008438  -0.00008438 
-13.02610000   0.00002653  -0.00002653   0.00001874  -0.00001874   0.00002281  -0.00002281   0.00001277  -0.00001277   0.00001121  -0.00001121   0.00023150  -0.00023150   0.00000047  -0.00000047   0.00020230  -0.00020230   0.00001821  -0.00001821 
-12.91110000   0.00002705  -0.00002705   0.00001042  -0.00001042   0.00001650  -0.00001650   0.00000315  -0.00000315   0.00000199  -0.00000199   0.00006411  -0.00006411   0.00000050  -0.00000050   0.00002377  -0.00002377   0.00001056  -0.00001056 
-12.79510000   0.00001621  -0.00001621   0.00000584  -0.00000584   0.00000966  -0.00000966   0.00000142  -0.00000142   0.00000075  -0.00000075   0.00003153  -0.00003153   0.00000030  -0.00000030   0.00000685  -0.00000685   0.00000595  -0.00000595 
-12.67910000   0.00000518  -0.00000518   0.00000186  -0.00000186   0.00000308  -0.00000308   0.00000044  -0.00000044   0.00000023  -0.00000023   0.00000994  -0.00000994   0.00000010  -0.00000010   0.00000203  -0.00000203   0.00000189  -0.00000189 
-12.56310000   0.00000088  -0.00000088   0.00000031  -0.00000031   0.00000052  -0.00000052   0.00000007  -0.00000007   0.00000004  -0.00000004   0.00000168  -0.00000168   0.00000002  -0.00000002   0.00000034  -0.00000034   0.00000032  -0.00000032 
-12.44810000   0.00000008  -0.00000008   0.00000003  -0.00000003   0.00000005  -0.00000005   0.00000001  -0.00000001   0.00000000  -0.00000000   0.00000015  -0.00000015   0.00000000  -0.00000000   0.00000003  -0.00000003   0.00000003  -0.00000003 
-12.33210000   0.00000000  -0.00000000   0.00000000  -0.00000000   0.00000000  -0.00000000   0.00000000  -0.00000000   0.00000000  -0.00000000   0.00000001  -0.00000001   0.00000000  -0.00000000   0.00000000  -0.00000000   0.00000000  -0.00000000 
-12.21610000   0.00000000  -0.00000000   0.00000000  -0.00000000   0.00000000  -0.00000000   0.00000000  -0.00000000   0.00000000  -0.00000000   0.00000000  -0.00000000   0.00000000  -0.00000000   0.00000000  -0.00000000   0.00000000  -0.00000000 
-12.10010000   0.00000000  -0.00000000   0.00000000  -0.00000000   0.00000000  -0.00000000   0.00000001  -0.00000001   0.00000002  -0.00000002   0.00000000  -0.00000000   0.00000000  -0.00000000   0.00000003  -0.00000003   0.00000000  -0.00000000 
-11.98510000   0.00000005  -0.00000005   0.00000001  -0.00000001   0.00000002  -0.00000002   0.00000017  -0.00000017   0.00000024  -0.00000024   0.00000002  -0.00000002   0.00000002  -0.00000002   0.00000052  -0.00000052   0.00000002  -0.00000002 
-11.86910000   0.00000042  -0.00000042   0.00000006  -0.00000006   0.00000014  -0.00000014   0.00000141  -0.00000141   0.00000199  -0.00000199   0.00000018  -0.00000018   0.00000019  -0.00000019   0.00000428  -0.00000428   0.00000016  -0.00000016 
-11.75310000   0.00000183  -0.00000183   0.00000025  -0.00000025   0.00000060  -0.00000060   0.00000612  -0.00000612   0.00000864  -0.00000864   0.00000077  -0.00000077   0.00000082  -0.00000082   0.00001859  -0.00001859   0.00000070  -0.00000070 
-11.63710000   0.00000421  -0.00000421   0.00000057  -0.00000057   0.00000139  -0.00000139   0.00001408  -0.00001408   0.00001987  -0.00001987   0.00000177  -0.00000177   0.00000189  -0.00000189   0.00004274  -0.00004274   0.00000160  -0.00000160 
-11.52210000   0.00000513  -0.00000513   0.00000070  -0.00000070   0.00000170  -0.00000170   0.00001717  -0.00001717   0.00002422  -0.00002422   0.00000216  -0.00000216   0.00000230  -0.00000230   0.00005211  -0.00005211   0.00000195  -0.00000195 
-11.40610000   0.00000332  -0.00000332   0.00000045  -0.00000045   0.00000110  -0.00000110   0.00001111  -0.00001111   0.00001568  -0.00001568   0.00000140  -0.00000140   0.00000149  -0.00000149   0.00003372  -0.00003372   0.00000126  -0.00000126 
-11.29010000   0.00000114  -0.00000114   0.00000015  -0.00000015   0.00000038  -0.00000038   0.00000381  -0.00000381   0.00000538  -0.00000538   0.00000048  -0.00000048   0.00000051  -0.00000051   0.00001157  -0.00001157   0.00000043  -0.00000043 
-11.17410000   0.00000021  -0.00000021   0.00000003  -0.00000003   0.00000007  -0.00000007   0.00000069  -0.00000069   0.00000098  -0.00000098   0.00000009  -0.00000009   0.00000009  -0.00000009   0.00000210  -0.00000210   0.00000008  -0.00000008 
-11.05910000   0.00000002  -0.00000002   0.00000000  -0.00000000   0.00000001  -0.00000001   0.00000007  -0.00000007   0.00000009  -0.00000009   0.00000001  -0.00000001   0.00000001  -0.00000001   0.00000020  -0.00000020   0.00000001  -0.00000001 
-10.94310000   0.00000000  -0.00000000   0.00000000  -0.00000000   0.00000000  -0.00000000   0.00000000  -0.00000000   0.00000000  -0.00000000   0.00000000  -0.00000000   0.00000000  -0.00000000   0.00000001  -0.00000001   0.00000000  -0.00000000 
-10.82710000   0.00000000  -0.00000000   0.00000000  -0.00000000   0.00000000  -0.00000000   0.00000000  -0.00000000   0.00000000  -0.00000000   0.00000000  -0.00000000   0.00000000  -0.00000000   0.00000000  -0.00000000   0.00000000  -0.00000000 
-10.71110000   0.00000000  -0.00000000   0.00000000  -0.00000000   0.00000000  -0.00000000   0.00000000  -0.00000000   0.00000000  -0.00000000   0.00000000  -0.00000000   0.00000000  -0.00000000   0.00000000  -0.00000000   0.00000000  -0.00000000 
-10.59510000   0.00000000  -0.00000000   0.00000000  -0.00000000   0.00000000  -0.00000000   0.00000000  -0.00000000   0.00000000  -0.00000000   0.00000000  -0.00000000   0.00000000  -0.00000000   0.00000000  -0.00000000   0.00000000  -0.00000000 
-10.48010000   0.00000000  -0.00000000   0.00000000  -0.00000000   0.00000000  -0.00000000   0.00000000  -0.00000000   0.00000000  -0.00000000   0.00000000  -0.00000000   0.00000000  -0.00000000   0.00000000  -0.00000000   0.00000000  -0.00000000 
-10.36410000   0.00000003  -0.00000003   0.00000002  -0.00000002   0.00000001  -0.00000001   0.00000002  -0.00000002   0.00000001  -0.00000001   0.00000005  -0.00000005   0.00000001  -0.00000001   0.00000005  -0.00000005   0.00000004  -0.00000004 
-10.24810000   0.00000043  -0.00000043   0.00000029  -0.00000029   0.00000014  -0.00000014   0.00000026  -0.00000026   0.00000016  -0.00000016   0.00000067  -0.00000067   0.00000017  -0.00000017   0.00000066  -0.00000066   0.00000054  -0.00000054 
-10.13210000   0.00000283  -0.00000283   0.00000196  -0.00000196   0.00000095  -0.00000095   0.00000171  -0.00000171   0.00000109  -0.00000109   0.00000453  -0.00000453   0.00000114  -0.00000114   0.00000435  -0.00000435   0.00000378  -0.00000378 
-10.01710000   0.00000998  -0.00000998   0.00000712  -0.00000712   0.00000333  -0.00000333   0.00000599  -0.00000599   0.00000384  -0.00000384   0.00001625  -0.00001625   0.00000410  -0.00000410   0.00001524  -0.00001524   0.00001394  -0.00001394 
 -9.90110000   0.00001863  -0.00001863   0.00001375  -0.00001375   0.00000621  -0.00000621   0.00001114  -0.00001114   0.00000717  -0.00000717   0.00003093  -0.00003093   0.00000781  -0.00000781   0.00002831  -0.00002831   0.00002735  -0.00002735 
 -9.78510000   0.00001846  -0.00001846   0.00001412  -0.00001412   0.00000614  -0.00000614   0.00001099  -0.00001099   0.00000710  -0.00000710   0.00003132  -0.00003132   0.00000791  -0.00000791   0.00002791  -0.00002791   0.00002854  -0.00002854 
 -9.66910000   0.00000972  -0.00000972   0.00000772  -0.00000772   0.00000323  -0.00000323   0.00000576  -0.00000576   0.00000374  -0.00000374   0.00001687  -0.00001687   0.00000426  -0.00000426   0.00001461  -0.00001461   0.00001585  -0.00001585 
 -9.55410000   0.00000271  -0.00000271   0.00000224  -0.00000224   0.00000090  -0.00000090   0.00000160  -0.00000160   0.00000104  -0.00000104   0.00000482  -0.00000482   0.00000122  -0.00000122   0.00000405  -0.00000405   0.00000468  -0.00000468 
 -9.43810000   0.00000040  -0.00000040   0.00000034  -0.00000034   0.00000013  -0.00000013   0.00000023  -0.00000023   0.00000015  -0.00000015   0.00000073  -0.00000073   0.00000019  -0.00000019   0.00000059  -0.00000059   0.00000073  -0.00000073 
 -9.32210000   0.00000003  -0.00000003   0.00000003  -0.00000003   0.00000001  -0.00000001   0.00000002  -0.00000002   0.00000001  -0.00000001   0.00000006  -0.00000006   0.00000001  -0.00000001   0.00000005  -0.00000005   0.00000006  -0.00000006 
 -9.20610000   0.00000000  -0.00000000   0.00000000  -0.00000000   0.00000000  -0.00000000   0.00000000  -0.00000000   0.00000000  -0.00000000   0.00000000  -0.00000000   0.00000000  -0.00000000   0.00000000  -0.00000000   0.00000000  -0.00000000 
 -9.09110000   0.00000000  -0.00000000   0.00000000  -0.00000000   0.00000000  -0.00000000   0.00000000  -0.00000000   0.00000000  -0.00000000   0.00000000  -0.00000000   0.00000000  -0.00000000   0.00000000  -0.00000000   0.00000000  -0.00000000 
 -8.97510000   0.00000000  -0.00000000   0.00000000  -0.00000000   0.00000000  -0.00000000   0.00000000  -0.00000000   0.00000000  -0.00000000   0.00000000  -0.00000000   0.00000000  -0.00000000   0.00000000  -0.00000000   0.00000000  -0.00000000 
 -8.85910000   0.00000000  -0.00000000   0.00000000  -0.00000000   0.00000000  -0.00000000   0.00000000  -0.00000000   0.00000001  -0.00000001   0.00000001  -0.00000001   0.00000004  -0.00000004   0.00000000  -0.00000000   0.00000004  -0.00000004 
 -8.74310000   0.00000003  -0.00000003   0.00000008  -0.00000008   0.00000000  -0.00000000   0.00000000  -0.00000000   0.00000022  -0.00000022   0.00000020  -0.00000020   0.00000061  -0.00000061   0.00000000  -0.00000000   0.00000060  -0.00000060 
 -8.62810000   0.00000026  -0.00000026   0.00000068  -0.00000068   0.00000001  -0.00000001   0.00000002  -0.00000002   0.00000185  -0.00000185   0.00000167  -0.00000167   0.00000523  -0.00000523   0.00000000  -0.00000000   0.00000511  -0.00000511 
 -8.51210000   0.00000119  -0.00000119   0.00000307  -0.00000307   0.00000003  -0.00000003   0.00000010  -0.00000010   0.00000836  -0.00000836   0.00000754  -0.00000754   0.00002359  -0.00002359   0.00000003  -0.00000003   0.00002301  -0.00002301 
 -8.39610000   0.00000314  -0.00000314   0.00000731  -0.00000731   0.00000009  -0.00000009   0.00000049  -0.00000049   0.00002054  -0.00002054   0.00001804  -0.00001804   0.00005706  -0.00005706   0.00000021  -0.00000021   0.00005489  -0.00005489 
 -8.28010000   0.00000668  -0.00000668   0.00000927  -0.00000927   0.00000036  -0.00000036   0.00000292  -0.00000292   0.00003168  -0.00003168   0.00002328  -0.00002328   0.00007965  -0.00007965   0.00000162  -0.00000162   0.00006954  -0.00006954 
 -8.16510000   0.00001829  -0.00001829   0.00000636  -0.00000636   0.00000148  -0.00000148   0.00001356  -0.00001356   0.00004991  -0.00004991   0.00001802  -0.00001802   0.00009110  -0.00009110   0.00000798  -0.00000798   0.00004730  -0.00004730 
 -8.04910000   0.00004578  -0.00004578   0.00000312  -0.00000312   0.00000381  -0.00000381   0.00003599  -0.00003599   0.00009439  -0.00009439   0.00001355  -0.00001355   0.00013440  -0.00013440   0.00002171  -0.00002171   0.00001917  -0.00001917 
 -7.93310000   0.00010500  -0.00010500   0.00000469  -0.00000469   0.00000539  -0.00000539   0.00005335  -0.00005335   0.00013400  -0.00013400   0.00001562  -0.00001562   0.00020390  -0.00020390   0.00003332  -0.00003332   0.00001493  -0.00001493 
 -7.81710000   0.00055090  -0.00055090   0.00002386  -0.00002386   0.00000432  -0.00000432   0.00006384  -0.00006384   0.00020440  -0.00020440   0.00001926  -0.00001926   0.00056220  -0.00056220   0.00003736  -0.00003736   0.00010240  -0.00010240 
 -7.70210000   0.00350600  -0.00350600   0.00015160  -0.00015160   0.00000387  -0.00000387   0.00020370  -0.00020370   0.00091860  -0.00091860   0.00003165  -0.00003165   0.00307100  -0.00307100   0.00008238  -0.00008238   0.00077440  -0.00077440 
 -7.58610000   0.01435000  -0.01435000   0.00071080  -0.00071080   0.00001270  -0.00001270   0.00090510  -0.00090510   0.00427300  -0.00427300   0.00009089  -0.00009089   0.01212000  -0.01212000   0.00030550  -0.00030550   0.00378200  -0.00378200 
 -7.47010000   0.03585000  -0.03585000   0.00218200  -0.00218200   0.00004660  -0.00004660   0.00275800  -0.00275800   0.01279000  -0.01279000   0.00026770  -0.00026770   0.02858000  -0.02858000   0.00086560  -0.00086560   0.01163000  -0.01163000 
 -7.35410000   0.05684000  -0.05684000   0.00453600  -0.00453600   0.00013020  -0.00013020   0.00565200  -0.00565200   0.02465000  -0.02465000   0.00088250  -0.00088250   0.04159000  -0.04159000   0.00201900  -0.00201900   0.02313000  -0.02313000 
 -7.23910000   0.06391000  -0.06391000   0.00713800  -0.00713800   0.00029800  -0.00029800   0.00861100  -0.00861100   0.03438000  -0.03438000   0.00365600  -0.00365600   0.04282000  -0.04282000   0.00528600  -0.00528600   0.03336000  -0.03336000 
 -7.12310000   0.06466000  -0.06466000   0.00997500  -0.00997500   0.00066320  -0.00066320   0.01129000  -0.01129000   0.04417000  -0.04417000   0.01312000  -0.01312000   0.04194000  -0.04194000   0.01494000  -0.01494000   0.04425000  -0.04425000 
 -7.00710000   0.06842000  -0.06842000   0.01325000  -0.01325000   0.00153600  -0.00153600   0.01384000  -0.01384000   0.05904000  -0.05904000   0.03246000  -0.03246000   0.04832000  -0.04832000   0.03407000  -0.03407000   0.06046000  -0.06046000 
 -6.89110000   0.06942000  -0.06942000   0.01668000  -0.01668000   0.00331400  -0.00331400   0.01609000  -0.01609000   0.07610000  -0.07610000   0.05290000  -0.05290000   0.06224000  -0.06224000   0.05408000  -0.05408000   0.07875000  -0.07875000 
 -6.77610000   0.06691000  -0.06691000   0.01904000  -0.01904000   0.00688600  -0.00688600   0.01741000  -0.01741000   0.08669000  -0.08669000   0.06351000  -0.06351000   0.07993000  -0.07993000   0.06395000  -0.06395000   0.08875000  -0.08875000 
 -6.66010000   0.06062000  -0.06062000   0.01748000  -0.01748000   0.01394000  -0.01394000   0.01577000  -0.01577000   0.07859000  -0.07859000   0.07432000  -0.07432000   0.08792000  -0.08792000   0.07349000  -0.07349000   0.07741000  -0.07741000 
 -6.54410000   0.04689000  -0.04689000   0.01233000  -0.01233000   0.02232000  -0.02232000   0.01131000  -0.01131000   0.05681000  -0.05681000   0.08797000  -0.08797000   0.07954000  -0.07954000   0.08682000  -0.08682000   0.05304000  -0.05304000 
 -6.42810000   0.03062000  -0.03062000   0.00765400  -0.00765400   0.02457000  -0.02457000   0.00715800  -0.00715800   0.03956000  -0.03956000   0.08078000  -0.08078000   0.06592000  -0.06592000   0.08166000  -0.08166000   0.03630000  -0.03630000 
 -6.31210000   0.01918000  -0.01918000   0.00490200  -0.00490200   0.02028000  -0.02028000   0.00453500  -0.00453500   0.02807000  -0.02807000   0.05689000  -0.05689000   0.05236000  -0.05236000   0.05944000  -0.05944000   0.02681000  -0.02681000 
 -6.19710000   0.01220000  -0.01220000   0.00296100  -0.00296100   0.01613000  -0.01613000   0.00268300  -0.00268300   0.01584000  -0.01584000   0.04649000  -0.04649000   0.03386000  -0.03386000   0.04779000  -0.04779000   0.01602000  -0.01602000 
 -6.08110000   0.00747000  -0.00747000   0.00195500  -0.00195500   0.01367000  -0.01367000   0.00178300  -0.00178300   0.00709500  -0.00709500   0.05249000  -0.05249000   0.01691000  -0.01691000   0.05138000  -0.05138000   0.00804500  -0.00804500 
 -5.96510000   0.00655000  -0.00655000   0.00306000  -0.00306000   0.01109000  -0.01109000   0.00286600  -0.00286600   0.00871600  -0.00871600   0.05512000  -0.05512000   0.01419000  -0.01419000   0.05392000  -0.05392000   0.01129000  -0.01129000 
 -5.84910000   0.01249000  -0.01249000   0.00765800  -0.00765800   0.00795000  -0.00795000   0.00736000  -0.00736000   0.02467000  -0.02467000   0.04434000  -0.04434000   0.02953000  -0.02953000   0.04468000  -0.04468000   0.03051000  -0.03051000 
 -5.73410000   0.02964000  -0.02964000   0.01574000  -0.01574000   0.00562300  -0.00562300   0.01547000  -0.01547000   0.05158000  -0.05158000   0.03383000  -0.03383000   0.05417000  -0.05417000   0.03407000  -0.03407000   0.05989000  -0.05989000 
 -5.61810000   0.05907000  -0.05907000   0.02415000  -0.02415000   0.00492800  -0.00492800   0.02417000  -0.02417000   0.07681000  -0.07681000   0.03417000  -0.03417000   0.07142000  -0.07142000   0.03337000  -0.03337000   0.08392000  -0.08392000 
 -5.50210000   0.08927000  -0.08927000   0.02881000  -0.02881000   0.00508400  -0.00508400   0.02914000  -0.02914000   0.09233000  -0.09233000   0.03962000  -0.03962000   0.07440000  -0.07440000   0.03855000  -0.03855000   0.09516000  -0.09516000 
 -5.38610000   0.10240000  -0.10240000   0.02782000  -0.02782000   0.00572700  -0.00572700   0.02829000  -0.02829000   0.09761000  -0.09761000   0.04762000  -0.04762000   0.06761000  -0.06761000   0.04624000  -0.04624000   0.09571000  -0.09571000 
 -5.27110000   0.09245000  -0.09245000   0.02271000  -0.02271000   0.00686700  -0.00686700   0.02326000  -0.02326000   0.09003000  -0.09003000   0.05848000  -0.05848000   0.05449000  -0.05449000   0.05635000  -0.05635000   0.08503000  -0.08503000 
 -5.15510000   0.06506000  -0.06506000   0.01601000  -0.01601000   0.00839500  -0.00839500   0.01665000  -0.01665000   0.06683000  -0.06683000   0.07119000  -0.07119000   0.03651000  -0.03651000   0.06789000  -0.06789000   0.06220000  -0.06220000 
 -5.03910000   0.03676000  -0.03676000   0.01164000  -0.01164000   0.01226000  -0.01226000   0.01223000  -0.01223000   0.04604000  -0.04604000   0.09844000  -0.09844000   0.02086000  -0.02086000   0.09087000  -0.09087000   0.04486000  -0.04486000 
 -4.92310000   0.02264000  -0.02264000   0.01124000  -0.01124000   0.01980000  -0.01980000   0.01161000  -0.01161000   0.04533000  -0.04533000   0.15410000  -0.15410000   0.01374000  -0.01374000   0.13850000  -0.13850000   0.04625000  -0.04625000 
 -4.80810000   0.01781000  -0.01781000   0.01076000  -0.01076000   0.02591000  -0.02591000   0.01085000  -0.01085000   0.05035000  -0.05035000   0.21750000  -0.21750000   0.01271000  -0.01271000   0.20020000  -0.20020000   0.05060000  -0.05060000 
 -4.69210000   0.01362000  -0.01362000   0.00893700  -0.00893700   0.02635000  -0.02635000   0.00886800  -0.00886800   0.04420000  -0.04420000   0.24680000  -0.24680000   0.01539000  -0.01539000   0.24240000  -0.24240000   0.04392000  -0.04392000 
 -4.57610000   0.00921000  -0.00921000   0.00781200  -0.00781200   0.02370000  -0.02370000   0.00778300  -0.00778300   0.03346000  -0.03346000   0.22260000  -0.22260000   0.01937000  -0.01937000   0.23190000  -0.23190000   0.03581000  -0.03581000 
 -4.46010000   0.00583800  -0.00583800   0.00677700  -0.00677700   0.01950000  -0.01950000   0.00686100  -0.00686100   0.03269000  -0.03269000   0.16380000  -0.16380000   0.01922000  -0.01922000   0.17460000  -0.17460000   0.03943000  -0.03943000 
 -4.34510000   0.00385400  -0.00385400   0.00517400  -0.00517400   0.01439000  -0.01439000   0.00527000  -0.00527000   0.03828000  -0.03828000   0.11120000  -0.11120000   0.01560000  -0.01560000   0.11650000  -0.11650000   0.04595000  -0.04595000 
 -4.22910000   0.00355900  -0.00355900   0.00537800  -0.00537800   0.01037000  -0.01037000   0.00543200  -0.00543200   0.04249000  -0.04249000   0.09446000  -0.09446000   0.01522000  -0.01522000   0.09386000  -0.09386000   0.04779000  -0.04779000 
 -4.11310000   0.00598100  -0.00598100   0.01054000  -0.01054000   0.00745400  -0.00745400   0.01056000  -0.01056000   0.05357000  -0.05357000   0.09717000  -0.09717000   0.02349000  -0.02349000   0.09737000  -0.09737000   0.05476000  -0.05476000 
 -3.99710000   0.00977500  -0.00977500   0.01878000  -0.01878000   0.00515500  -0.00515500   0.01874000  -0.01874000   0.07039000  -0.07039000   0.08458000  -0.08458000   0.03945000  -0.03945000   0.09202000  -0.09202000   0.06753000  -0.06753000 
 -3.88210000   0.01080000  -0.01080000   0.02265000  -0.02265000   0.00493600  -0.00493600   0.02268000  -0.02268000   0.08324000  -0.08324000   0.06582000  -0.06582000   0.05132000  -0.05132000   0.07346000  -0.07346000   0.07943000  -0.07943000 
 -3.76610000   0.00808700  -0.00808700   0.01929000  -0.01929000   0.00931500  -0.00931500   0.01952000  -0.01952000   0.08988000  -0.08988000   0.07918000  -0.07918000   0.04741000  -0.04741000   0.07806000  -0.07806000   0.08521000  -0.08521000 
 -3.65010000   0.00471900  -0.00471900   0.01439000  -0.01439000   0.01871000  -0.01871000   0.01456000  -0.01456000   0.09176000  -0.09176000   0.12170000  -0.12170000   0.03512000  -0.03512000   0.11700000  -0.11700000   0.08616000  -0.08616000 
 -3.53410000   0.00335800  -0.00335800   0.01351000  -0.01351000   0.02973000  -0.02973000   0.01327000  -0.01327000   0.09366000  -0.09366000   0.14260000  -0.14260000   0.03028000  -0.03028000   0.14400000  -0.14400000   0.08992000  -0.08992000 
 -3.41910000   0.00445500  -0.00445500   0.01643000  -0.01643000   0.03726000  -0.03726000   0.01578000  -0.01578000   0.09326000  -0.09326000   0.12370000  -0.12370000   0.03561000  -0.03561000   0.12840000  -0.12840000   0.09195000  -0.09195000 
 -3.30310000   0.00689200  -0.00689200   0.02072000  -0.02072000   0.03698000  -0.03698000   0.02002000  -0.02002000   0.08610000  -0.08610000   0.09714000  -0.09714000   0.04557000  -0.04557000   0.09788000  -0.09788000   0.08422000  -0.08422000 
 -3.18710000   0.00833300  -0.00833300   0.02265000  -0.02265000   0.03417000  -0.03417000   0.02204000  -0.02204000   0.06593000  -0.06593000   0.07966000  -0.07966000   0.04930000  -0.04929000   0.07785000  -0.07785000   0.06234000  -0.06234000 
 -3.07110000   0.00726300  -0.00726300   0.02002000  -0.02002000   0.03770000  -0.03770000   0.01921000  -0.01921000   0.04016000  -0.04016000   0.06575000  -0.06575000   0.04068000  -0.04068000   0.06544000  -0.06544000   0.03860000  -0.03860000 
 -2.95610000   0.00460300  -0.00460300   0.01437000  -0.01437000   0.04239000  -0.04239000   0.01348000  -0.01348000   0.02717000  -0.02717000   0.05144000  -0.05144000   0.02729000  -0.02729000   0.05329000  -0.05329000   0.02827000  -0.02827000 
 -2.84010000   0.00249700  -0.00249700   0.00937600  -0.00937600   0.04432000  -0.04432000   0.00867300  -0.00867300   0.02671000  -0.02671000   0.03826000  -0.03826000   0.02390000  -0.02390000   0.04135000  -0.04135000   0.02803000  -0.02803000 
 -2.72410000   0.00233800  -0.00233800   0.00838900  -0.00838900   0.04464000  -0.04464000   0.00763700  -0.00763700   0.03552000  -0.03552000   0.02714000  -0.02714000   0.04670000  -0.04670000   0.03063000  -0.03063000   0.03775000  -0.03775000 
 -2.60810000   0.00403700  -0.00403700   0.01129000  -0.01129000   0.03693000  -0.03693000   0.01077000  -0.01077000   0.06614000  -0.06614000   0.01651000  -0.01651000   0.11370000  -0.11370000   0.01947000  -0.01947000   0.06997000  -0.06997000 
 -2.49310000   0.00655300  -0.00655300   0.01491000  -0.01491000   0.02438000  -0.02438000   0.01542000  -0.01542000   0.12540000  -0.12540000   0.00831600  -0.00831600   0.22620000  -0.22620000   0.01017000  -0.01017000   0.12840000  -0.12840000 
 -2.37710000   0.00838200  -0.00838200   0.01693000  -0.01693000   0.01573000  -0.01573000   0.01827000  -0.01827000   0.18410000  -0.18410000   0.00418400  -0.00418400   0.32420000  -0.32420000   0.00515200  -0.00515200   0.18310000  -0.18310000 
 -2.26110000   0.00877800  -0.00877800   0.01694000  -0.01694000   0.00950200  -0.00950200   0.01838000  -0.01838000   0.20490000  -0.20490000   0.00229100  -0.00229100   0.34030000  -0.34030000   0.00272200  -0.00272200   0.19940000  -0.19940000 
 -2.14510000   0.00852100  -0.00852100   0.01552000  -0.01552000   0.00434600  -0.00434600   0.01687000  -0.01687000   0.19780000  -0.19780000   0.00129500  -0.00129500   0.30070000  -0.30070000   0.00142700  -0.00142700   0.19090000  -0.19090000 
 -2.02910000   0.00798300  -0.00798300   0.01253000  -0.01253000   0.00162600  -0.00162600   0.01365000  -0.01365000   0.17820000  -0.17820000   0.00083510  -0.00083510   0.25710000  -0.25710000   0.00085580  -0.00085580   0.17290000  -0.17290000 
 -1.91410000   0.00703000  -0.00703000   0.00810100  -0.00810100   0.00073500  -0.00073500   0.00889300  -0.00889300   0.14870000  -0.14870000   0.00056970  -0.00056970   0.21720000  -0.21720000   0.00057470  -0.00057470   0.14590000  -0.14590000 
 -1.79810000   0.00571400  -0.00571400   0.00424300  -0.00424300   0.00054190  -0.00054190   0.00477700  -0.00477700   0.12050000  -0.12050000   0.00036910  -0.00036910   0.16500000  -0.16500000   0.00037490  -0.00037490   0.11960000  -0.11960000 
 -1.68210000   0.00407900  -0.00407900   0.00190800  -0.00190800   0.00061210  -0.00061210   0.00223000  -0.00223000   0.08641000  -0.08641000   0.00027780  -0.00027780   0.10120000  -0.10120000   0.00027760  -0.00027760   0.08644000  -0.08644000 
 -1.56610000   0.00261000  -0.00261000   0.00072920  -0.00072920   0.00067890  -0.00067890   0.00087670  -0.00087670   0.04810000  -0.04810000   0.00022180  -0.00022180   0.05284000  -0.05284000   0.00021830  -0.00021830   0.04823000  -0.04823000 
 -1.45110000   0.00173700  -0.00173700   0.00023550  -0.00023550   0.00060940  -0.00060940   0.00028590  -0.00028590   0.02036000  -0.02036000   0.00013550  -0.00013550   0.03081000  -0.03081000   0.00013270  -0.00013270   0.02032000  -0.02032000 
 -1.33510000   0.00149500  -0.00149500   0.00007010  -0.00007010   0.00053380  -0.00053380   0.00008282  -0.00008282   0.00668800  -0.00668800   0.00005716  -0.00005716   0.02634000  -0.02634000   0.00005554  -0.00005554   0.00659200  -0.00659200 
 -1.21910000   0.00143800  -0.00143800   0.00002581  -0.00002581   0.00048230  -0.00048230   0.00002768  -0.00002768   0.00195700  -0.00195700   0.00001759  -0.00001759   0.02589000  -0.02589000   0.00001706  -0.00001706   0.00187300  -0.00187300 
 -1.10310000   0.00101100  -0.00101100   0.00001167  -0.00001167   0.00032660  -0.00032660   0.00001164  -0.00001164   0.00062950  -0.00062950   0.00000463  -0.00000463   0.01843000  -0.01843000   0.00000471  -0.00000471   0.00057760  -0.00057760 
 -0.98810000   0.00043510  -0.00043510   0.00000388  -0.00000388   0.00013650  -0.00013650   0.00000381  -0.00000381   0.00017980  -0.00017980   0.00000109  -0.00000109   0.00801800  -0.00801800   0.00000128  -0.00000128   0.00016010  -0.00016010 
 -0.87210000   0.00011220  -0.00011220   0.00000074  -0.00000074   0.00003407  -0.00003407   0.00000072  -0.00000072   0.00003257  -0.00003257   0.00000019  -0.00000019   0.00209200  -0.00209200   0.00000028  -0.00000028   0.00002854  -0.00002854 
 -0.75610000   0.00001733  -0.00001733   0.00000008  -0.00000008   0.00000510  -0.00000510   0.00000007  -0.00000007   0.00000328  -0.00000328   0.00000002  -0.00000002   0.00032670  -0.00032670   0.00000004  -0.00000004   0.00000286  -0.00000286 
 -0.64010000   0.00000157  -0.00000157   0.00000000  -0.00000000   0.00000045  -0.00000045   0.00000000  -0.00000000   0.00000018  -0.00000018   0.00000000  -0.00000000   0.00002992  -0.00002992   0.00000000  -0.00000000   0.00000016  -0.00000016 
 -0.52510000   0.00000012  -0.00000012   0.00000001  -0.00000001   0.00000002  -0.00000002   0.00000001  -0.00000001   0.00000022  -0.00000022   0.00000000  -0.00000000   0.00000212  -0.00000212   0.00000001  -0.00000001   0.00000024  -0.00000024 
 -0.40910000   0.00000115  -0.00000115   0.00000016  -0.00000016   0.00000000  -0.00000000   0.00000026  -0.00000026   0.00000603  -0.00000603   0.00000011  -0.00000011   0.00001716  -0.00001716   0.00000022  -0.00000022   0.00000711  -0.00000711 
 -0.29310000   0.00001853  -0.00001853   0.00000275  -0.00000275   0.00000005  -0.00000005   0.00000406  -0.00000406   0.00009838  -0.00009838   0.00000180  -0.00000180   0.00028380  -0.00028380   0.00000355  -0.00000355   0.00012360  -0.00012360 
 -0.17710000   0.00016490  -0.00016490   0.00002853  -0.00002853   0.00000046  -0.00000046   0.00003756  -0.00003756   0.00094480  -0.00094480   0.00001614  -0.00001614   0.00262200  -0.00262200   0.00003255  -0.00003255   0.00124500  -0.00124500 
 -0.06210000   0.00083580  -0.00083580   0.00018500  -0.00018500   0.00000237  -0.00000237   0.00021400  -0.00021400   0.00563300  -0.00563300   0.00008422  -0.00008422   0.01418000  -0.01418000   0.00017230  -0.00017230   0.00756100  -0.00756100 
  0.05390000   0.00261000  -0.00261000   0.00078410  -0.00078410   0.00000790  -0.00000790   0.00080480  -0.00080480   0.02221000  -0.02221000   0.00027380  -0.00027380   0.04958000  -0.04958000   0.00056340  -0.00056340   0.02922000  -0.02922000 
  0.16990000   0.00566400  -0.00566400   0.00222200  -0.00222200   0.00001909  -0.00001909   0.00211400  -0.00211400   0.06078000  -0.06078000   0.00065480  -0.00065480   0.12590000  -0.12590000   0.00130300  -0.00130300   0.07537000  -0.07537000 
  0.28590000   0.00922600  -0.00922600   0.00433800  -0.00433800   0.00003965  -0.00003965   0.00404000  -0.00404000   0.12210000  -0.12210000   0.00161200  -0.00161200   0.24160000  -0.24160000   0.00267200  -0.00267200   0.13870000  -0.13870000 
  0.40090000   0.01126000  -0.01126000   0.00637100  -0.00637100   0.00008863  -0.00008863   0.00602900  -0.00602900   0.20440000  -0.20440000   0.00484500  -0.00484500   0.34540000  -0.34540000   0.00597000  -0.00597000   0.21260000  -0.21260000 
  0.51690000   0.01096000  -0.01096000   0.00794100  -0.00794100   0.00021820  -0.00021820   0.00775600  -0.00775600   0.31840000  -0.31840000   0.01367000  -0.01367000   0.38110000  -0.38110000   0.01402000  -0.01402000   0.31410000  -0.31410000 
  0.63290000   0.01030000  -0.01030000   0.00884200  -0.00884200   0.00047650  -0.00047650   0.00904900  -0.00904900   0.43300000  -0.43300000   0.03067000  -0.03067000   0.35600000  -0.35600000   0.03002000  -0.03002000   0.41400000  -0.41400000 
  0.74890000   0.01112000  -0.01112000   0.00860900  -0.00860900   0.00083300  -0.00083300   0.00938600  -0.00938600   0.46660000  -0.46660000   0.05724000  -0.05724000   0.33330000  -0.33330000   0.05636000  -0.05636000   0.43440000  -0.43440000 
  0.86390000   0.01363000  -0.01363000   0.00765200  -0.00765200   0.00122800  -0.00122800   0.00858700  -0.00858700   0.41420000  -0.41420000   0.09510000  -0.09510000   0.35840000  -0.35840000   0.09232000  -0.09232000   0.38760000  -0.38760000 
  0.97990000   0.01597000  -0.01597000   0.00753200  -0.00753200   0.00164400  -0.00164400   0.00786400  -0.00786400   0.35150000  -0.35150000   0.13600000  -0.13600000   0.38950000  -0.38950000   0.12690000  -0.12690000   0.34730000  -0.34730000 
  1.09590000   0.01614000  -0.01614000   0.00856500  -0.00856600   0.00227700  -0.00227700   0.00822000  -0.00822000   0.31340000  -0.31340000   0.16960000  -0.16960000   0.36110000  -0.36110000   0.15370000  -0.15370000   0.32550000  -0.32550000 
  1.21190000   0.01369000  -0.01369000   0.00893800  -0.00893800   0.00348500  -0.00348500   0.00855800  -0.00855800   0.27130000  -0.27130000   0.20780000  -0.20780000   0.26680000  -0.26680000   0.19070000  -0.19070000   0.28740000  -0.28740000 
  1.32690000   0.00925900  -0.00925900   0.00769800  -0.00769800   0.00446600  -0.00446600   0.00763000  -0.00763000   0.20540000  -0.20540000   0.23120000  -0.23120000   0.15460000  -0.15460000   0.22330000  -0.22330000   0.21780000  -0.21780000 
  1.44290000   0.00514900  -0.00514900   0.00596700  -0.00596700   0.00418500  -0.00418500   0.00594400  -0.00594400   0.14200000  -0.14200000   0.20380000  -0.20380000   0.07372000  -0.07372000   0.20940000  -0.20940000   0.14880000  -0.14880000 
  1.55890000   0.00317700  -0.00317700   0.00488700  -0.00488700   0.00411500  -0.00411500   0.00474800  -0.00474800   0.10700000  -0.10700000   0.18630000  -0.18630000   0.03282000  -0.03282000   0.19400000  -0.19400000   0.11050000  -0.11050000 
  1.67490000   0.00248200  -0.00248200   0.00419200  -0.00419200   0.00517700  -0.00517700   0.00414100  -0.00414100   0.08914000  -0.08914000   0.21920000  -0.21920000   0.01694000  -0.01694000   0.22360000  -0.22360000   0.08984000  -0.08984000 
  1.78990000   0.00166800  -0.00166800   0.00319600  -0.00319600   0.00530200  -0.00530200   0.00326900  -0.00326900   0.06687000  -0.06687000   0.22320000  -0.22320000   0.00999000  -0.00999000   0.23020000  -0.23020000   0.06576000  -0.06576000 
  1.90590000   0.00083920  -0.00083910   0.00211900  -0.00211900   0.00395900  -0.00395900   0.00215800  -0.00215800   0.04275000  -0.04275000   0.17960000  -0.17960000   0.00512100  -0.00512100   0.18750000  -0.18750000   0.04179000  -0.04179000 
  2.02190000   0.00044530  -0.00044520   0.00125300  -0.00125300   0.00333400  -0.00333400   0.00124300  -0.00124300   0.02278000  -0.02278000   0.17160000  -0.17160000   0.00288100  -0.00288100   0.17470000  -0.17470000   0.02232000  -0.02232000 
  2.13790000   0.00033840  -0.00033710   0.00068800  -0.00068800   0.00359600  -0.00359600   0.00067110  -0.00067080   0.00916200  -0.00916200   0.19550000  -0.19550000   0.00269200  -0.00269000   0.19600000  -0.19600000   0.00898200  -0.00898100 
  2.25390000   0.00028820  -0.00027640   0.00039950  -0.00039930   0.00314500  -0.00314500   0.00040040  -0.00039730   0.00294400  -0.00293900   0.19470000  -0.19470000   0.00246300  -0.00244900   0.19390000  -0.19430000   0.00290400  -0.00290200 
  2.36890000   0.00033410  -0.00027590   0.00028470  -0.00028370   0.00227500  -0.00227200   0.00034280  -0.00032680   0.00112800  -0.00110000   0.20080000  -0.20110000   0.00179200  -0.00172300   0.19640000  -0.19820000   0.00112800  -0.00111700 
  2.48490000   0.00052220  -0.00036370   0.00028480  -0.00028290   0.00188500  -0.00187400   0.00041160  -0.00036540   0.00082780  -0.00074860   0.22360000  -0.22570000   0.00143000  -0.00125400   0.21630000  -0.22160000   0.00083650  -0.00080960 
  2.60090000   0.00064660  -0.00040900   0.00027380  -0.00027500   0.00153600  -0.00150500   0.00040700  -0.00033540   0.00074780  -0.00064010   0.19930000  -0.20620000   0.00126200  -0.00104700   0.18950000  -0.19860000   0.00075660  -0.00072660 
  2.71690000   0.00050600  -0.00030930   0.00017680  -0.00018440   0.00091400  -0.00087130   0.00025430  -0.00019530   0.00048500  -0.00042110   0.12310000  -0.13470000   0.00084960  -0.00074660   0.11240000  -0.12140000   0.00048350  -0.00047540 
  2.83190000   0.00023730  -0.00014690   0.00006944  -0.00007808   0.00037030  -0.00033960   0.00009606  -0.00007067   0.00019520  -0.00018660   0.05101000  -0.06120000   0.00036580  -0.00037450   0.04410000  -0.04920000   0.00019040  -0.00019940 
  2.94790000   0.00006528  -0.00004207   0.00001617  -0.00002038   0.00009967  -0.00008830   0.00002192  -0.00001639   0.00004724  -0.00005318   0.01364000  -0.01831000   0.00009607  -0.00011950   0.01130000  -0.01298000   0.00004544  -0.00005257 
  3.06390000   0.00001034  -0.00000702   0.00000219  -0.00000319   0.00001672  -0.00001458   0.00000300  -0.00000244   0.00000676  -0.00000919   0.00222100  -0.00334300   0.00001497  -0.00002246   0.00181100  -0.00213200   0.00000652  -0.00000847 
  3.17990000   0.00000093  -0.00000066   0.00000017  -0.00000029   0.00000163  -0.00000142   0.00000024  -0.00000022   0.00000056  -0.00000091   0.00020810  -0.00034940   0.00000134  -0.00000236   0.00017160  -0.00020680   0.00000055  -0.00000080 
  3.29490000   0.00000005  -0.00000003   0.00000001  -0.00000001   0.00000009  -0.00000008   0.00000001  -0.00000001   0.00000003  -0.00000005   0.00001077  -0.00002008   0.00000007  -0.00000013   0.00000914  -0.00001129   0.00000003  -0.00000004 
  3.41090000   0.00000000  -0.00000000   0.00000000  -0.00000000   0.00000000  -0.00000000   0.00000000  -0.00000000   0.00000000  -0.00000000   0.00000030  -0.00000062   0.00000000  -0.00000000   0.00000026  -0.00000034   0.00000000  -0.00000000 
  3.52690000   0.00000000  -0.00000000   0.00000000  -0.00000000   0.00000000  -0.00000000   0.00000000  -0.00000000   0.00000000  -0.00000000   0.00000000  -0.00000001   0.00000000  -0.00000000   0.00000000  -0.00000001   0.00000000  -0.00000000 
  3.64290000   0.00000000  -0.00000000   0.00000000  -0.00000000   0.00000000  -0.00000000   0.00000000  -0.00000000   0.00000000  -0.00000000   0.00000000  -0.00000000   0.00000000  -0.00000000   0.00000000  -0.00000000   0.00000000  -0.00000000 
  3.75790000   0.00000000  -0.00000000   0.00000000  -0.00000000   0.00000000  -0.00000000   0.00000000  -0.00000000   0.00000000  -0.00000000   0.00000000  -0.00000000   0.00000000  -0.00000000   0.00000000  -0.00000000   0.00000000  -0.00000000 
  3.87390000   0.00000000  -0.00000000   0.00000000  -0.00000000   0.00000000  -0.00000000   0.00000000  -0.00000000   0.00000000  -0.00000000   0.00000000  -0.00000000   0.00000000  -0.00000000   0.00000000  -0.00000000   0.00000000  -0.00000000 
  3.98990000   0.00000000  -0.00000000   0.00000000  -0.00000000   0.00000000  -0.00000000   0.00000000  -0.00000000   0.00000000  -0.00000000   0.00000000  -0.00000000   0.00000000  -0.00000000   0.00000000  -0.00000000   0.00000000  -0.00000000 
  4.10590000   0.00000000  -0.00000000   0.00000000  -0.00000000   0.00000000  -0.00000000   0.00000000  -0.00000000   0.00000000  -0.00000000   0.00000000  -0.00000000   0.00000000  -0.00000000   0.00000000  -0.00000000   0.00000000  -0.00000000 
  4.22090000   0.00000000  -0.00000000   0.00000000  -0.00000000   0.00000000  -0.00000000   0.00000000  -0.00000000   0.00000000  -0.00000000   0.00000000  -0.00000000   0.00000000  -0.00000000   0.00000000  -0.00000000   0.00000000  -0.00000000 
  4.33690000   0.00000000  -0.00000000   0.00000000  -0.00000000   0.00000000  -0.00000000   0.00000000  -0.00000000   0.00000000  -0.00000000   0.00000000  -0.00000000   0.00000000  -0.00000000   0.00000000  -0.00000000   0.00000000  -0.00000000 
  4.45290000   0.00000000  -0.00000000   0.00000000  -0.00000000   0.00000000  -0.00000000   0.00000000  -0.00000000   0.00000000  -0.00000000   0.00000000  -0.00000000   0.00000000  -0.00000000   0.00000000  -0.00000000   0.00000000  -0.00000000 
  4.56890000   0.00000000  -0.00000000   0.00000000  -0.00000000   0.00000000  -0.00000000   0.00000000  -0.00000000   0.00000000  -0.00000000   0.00000000  -0.00000000   0.00000000  -0.00000000   0.00000000  -0.00000000   0.00000000  -0.00000000 
  4.68390000   0.00000000  -0.00000000   0.00000000  -0.00000000   0.00000000  -0.00000000   0.00000000  -0.00000000   0.00000000  -0.00000000   0.00000000  -0.00000000   0.00000000  -0.00000000   0.00000000  -0.00000000   0.00000000  -0.00000000 
