-30.04310000   0.00000000  -0.00000000   0.00000000  -0.00000000   0.00000000  -0.00000000   0.00000000  -0.00000000   0.00000000  -0.00000000   0.00000000  -0.00000000   0.00000000  -0.00000000   0.00000000  -0.00000000   0.00000000  -0.00000000 
-29.92710000   0.00000000  -0.00000000   0.00000000  -0.00000000   0.00000000  -0.00000000   0.00000000  -0.00000000   0.00000000  -0.00000000   0.00000000  -0.00000000   0.00000000  -0.00000000   0.00000000  -0.00000000   0.00000000  -0.00000000 
-29.81110000   0.00000000  -0.00000000   0.00000000  -0.00000000   0.00000000  -0.00000000   0.00000000  -0.00000000   0.00000000  -0.00000000   0.00000000  -0.00000000   0.00000000  -0.00000000   0.00000000  -0.00000000   0.00000000  -0.00000000 
-29.69510000   0.00000000  -0.00000000   0.00000000  -0.00000000   0.00000000  -0.00000000   0.00000000  -0.00000000   0.00000000  -0.00000000   0.00000000  -0.00000000   0.00000000  -0.00000000   0.00000000  -0.00000000   0.00000000  -0.00000000 
-29.58010000   0.00000000  -0.00000000   0.00000000  -0.00000000   0.00000000  -0.00000000   0.00000000  -0.00000000   0.00000000  -0.00000000   0.00000000  -0.00000000   0.00000000  -0.00000000   0.00000000  -0.00000000   0.00000000  -0.00000000 
-29.46410000   0.00000000  -0.00000000   0.00000000  -0.00000000   0.00000000  -0.00000000   0.00000000  -0.00000000   0.00000000  -0.00000000   0.00000000  -0.00000000   0.00000000  -0.00000000   0.00000000  -0.00000000   0.00000000  -0.00000000 
-29.34810000   0.00000000  -0.00000000   0.00000000  -0.00000000   0.00000000  -0.00000000   0.00000000  -0.00000000   0.00000000  -0.00000000   0.00000000  -0.00000000   0.00000000  -0.00000000   0.00000000  -0.00000000   0.00000000  -0.00000000 
-29.23210000   0.00000000  -0.00000000   0.00000000  -0.00000000   0.00000000  -0.00000000   0.00000000  -0.00000000   0.00000000  -0.00000000   0.00000000  -0.00000000   0.00000000  -0.00000000   0.00000000  -0.00000000   0.00000000  -0.00000000 
-29.11710000   0.00000000  -0.00000000   0.00000000  -0.00000000   0.00000000  -0.00000000   0.00000000  -0.00000000   0.00000000  -0.00000000   0.00000000  -0.00000000   0.00000000  -0.00000000   0.00000000  -0.00000000   0.00000000  -0.00000000 
-29.00110000   0.00000000  -0.00000000   0.00000000  -0.00000000   0.00000000  -0.00000000   0.00000000  -0.00000000   0.00000000  -0.00000000   0.00000000  -0.00000000   0.00000000  -0.00000000   0.00000000  -0.00000000   0.00000000  -0.00000000 
-28.88510000   0.00000000  -0.00000000   0.00000000  -0.00000000   0.00000000  -0.00000000   0.00000000  -0.00000000   0.00000000  -0.00000000   0.00000000  -0.00000000   0.00000000  -0.00000000   0.00000000  -0.00000000   0.00000000  -0.00000000 
-28.76910000   0.00000000  -0.00000000   0.00000000  -0.00000000   0.00000000  -0.00000000   0.00000000  -0.00000000   0.00000000  -0.00000000   0.00000000  -0.00000000   0.00000000  -0.00000000   0.00000000  -0.00000000   0.00000000  -0.00000000 
-28.65410000   0.00000000  -0.00000000   0.00000000  -0.00000000   0.00000000  -0.00000000   0.00000000  -0.00000000   0.00000000  -0.00000000   0.00000000  -0.00000000   0.00000000  -0.00000000   0.00000000  -0.00000000   0.00000000  -0.00000000 
-28.53810000   0.00000000  -0.00000000   0.00000000  -0.00000000   0.00000000  -0.00000000   0.00000000  -0.00000000   0.00000000  -0.00000000   0.00000000  -0.00000000   0.00000000  -0.00000000   0.00000000  -0.00000000   0.00000000  -0.00000000 
-28.42210000   0.00000000  -0.00000000   0.00000000  -0.00000000   0.00000000  -0.00000000   0.00000000  -0.00000000   0.00000000  -0.00000000   0.00000000  -0.00000000   0.00000000  -0.00000000   0.00000000  -0.00000000   0.00000000  -0.00000000 
-28.30610000   0.00000000  -0.00000000   0.00000000  -0.00000000   0.00000000  -0.00000000   0.00000000  -0.00000000   0.00000000  -0.00000000   0.00000000  -0.00000000   0.00000000  -0.00000000   0.00000000  -0.00000000   0.00000000  -0.00000000 
-28.19110000   0.00000000  -0.00000000   0.00000000  -0.00000000   0.00000000  -0.00000000   0.00000000  -0.00000000   0.00000000  -0.00000000   0.00000000  -0.00000000   0.00000000  -0.00000000   0.00000000  -0.00000000   0.00000000  -0.00000000 
-28.07510000   0.00000000  -0.00000000   0.00000000  -0.00000000   0.00000000  -0.00000000   0.00000000  -0.00000000   0.00000000  -0.00000000   0.00000000  -0.00000000   0.00000000  -0.00000000   0.00000000  -0.00000000   0.00000000  -0.00000000 
-27.95910000   0.00000000  -0.00000000   0.00000000  -0.00000000   0.00000000  -0.00000000   0.00000000  -0.00000000   0.00000000  -0.00000000   0.00000000  -0.00000000   0.00000000  -0.00000000   0.00000000  -0.00000000   0.00000000  -0.00000000 
-27.84310000   0.00000000  -0.00000000   0.00000000  -0.00000000   0.00000000  -0.00000000   0.00000000  -0.00000000   0.00000000  -0.00000000   0.00000000  -0.00000000   0.00000000  -0.00000000   0.00000000  -0.00000000   0.00000000  -0.00000000 
-27.72710000   0.00000000  -0.00000000   0.00000000  -0.00000000   0.00000000  -0.00000000   0.00000000  -0.00000000   0.00000000  -0.00000000   0.00000000  -0.00000000   0.00000000  -0.00000000   0.00000000  -0.00000000   0.00000000  -0.00000000 
-27.61210000   0.00000000  -0.00000000   0.00000000  -0.00000000   0.00000000  -0.00000000   0.00000000  -0.00000000   0.00000000  -0.00000000   0.00000000  -0.00000000   0.00000000  -0.00000000   0.00000000  -0.00000000   0.00000000  -0.00000000 
-27.49610000   0.00000000  -0.00000000   0.00000000  -0.00000000   0.00000000  -0.00000000   0.00000000  -0.00000000   0.00000000  -0.00000000   0.00000000  -0.00000000   0.00000000  -0.00000000   0.00000000  -0.00000000   0.00000000  -0.00000000 
-27.38010000   0.00000000  -0.00000000   0.00000000  -0.00000000   0.00000000  -0.00000000   0.00000000  -0.00000000   0.00000000  -0.00000000   0.00000000  -0.00000000   0.00000000  -0.00000000   0.00000000  -0.00000000   0.00000000  -0.00000000 
-27.26410000   0.00000000  -0.00000000   0.00000000  -0.00000000   0.00000000  -0.00000000   0.00000000  -0.00000000   0.00000000  -0.00000000   0.00000000  -0.00000000   0.00000000  -0.00000000   0.00000000  -0.00000000   0.00000000  -0.00000000 
-27.14910000   0.00000000  -0.00000000   0.00000000  -0.00000000   0.00000000  -0.00000000   0.00000000  -0.00000000   0.00000000  -0.00000000   0.00000000  -0.00000000   0.00000000  -0.00000000   0.00000000  -0.00000000   0.00000000  -0.00000000 
-27.03310000   0.00000000  -0.00000000   0.00000000  -0.00000000   0.00000000  -0.00000000   0.00000000  -0.00000000   0.00000000  -0.00000000   0.00000000  -0.00000000   0.00000000  -0.00000000   0.00000000  -0.00000000   0.00000000  -0.00000000 
-26.91710000   0.00000000  -0.00000000   0.00000000  -0.00000000   0.00000000  -0.00000000   0.00000000  -0.00000000   0.00000000  -0.00000000   0.00000000  -0.00000000   0.00000000  -0.00000000   0.00000000  -0.00000000   0.00000000  -0.00000000 
-26.80110000   0.00000000  -0.00000000   0.00000000  -0.00000000   0.00000000  -0.00000000   0.00000000  -0.00000000   0.00000000  -0.00000000   0.00000000  -0.00000000   0.00000000  -0.00000000   0.00000000  -0.00000000   0.00000000  -0.00000000 
-26.68610000   0.00000000  -0.00000000   0.00000000  -0.00000000   0.00000000  -0.00000000   0.00000000  -0.00000000   0.00000000  -0.00000000   0.00000000  -0.00000000   0.00000000  -0.00000000   0.00000000  -0.00000000   0.00000000  -0.00000000 
-26.57010000   0.00000000  -0.00000000   0.00000000  -0.00000000   0.00000000  -0.00000000   0.00000000  -0.00000000   0.00000000  -0.00000000   0.00000000  -0.00000000   0.00000000  -0.00000000   0.00000000  -0.00000000   0.00000000  -0.00000000 
-26.45410000   0.00000000  -0.00000000   0.00000000  -0.00000000   0.00000000  -0.00000000   0.00000000  -0.00000000   0.00000000  -0.00000000   0.00000000  -0.00000000   0.00000000  -0.00000000   0.00000000  -0.00000000   0.00000000  -0.00000000 
-26.33810000   0.00000000  -0.00000000   0.00000000  -0.00000000   0.00000000  -0.00000000   0.00000000  -0.00000000   0.00000000  -0.00000000   0.00000000  -0.00000000   0.00000000  -0.00000000   0.00000000  -0.00000000   0.00000000  -0.00000000 
-26.22310000   0.00000000  -0.00000000   0.00000000  -0.00000000   0.00000000  -0.00000000   0.00000000  -0.00000000   0.00000000  -0.00000000   0.00000000  -0.00000000   0.00000000  -0.00000000   0.00000000  -0.00000000   0.00000000  -0.00000000 
-26.10710000   0.00000000  -0.00000000   0.00000000  -0.00000000   0.00000000  -0.00000000   0.00000000  -0.00000000   0.00000000  -0.00000000   0.00000000  -0.00000000   0.00000000  -0.00000000   0.00000000  -0.00000000   0.00000000  -0.00000000 
-25.99110000   0.00000000  -0.00000000   0.00000000  -0.00000000   0.00000000  -0.00000000   0.00000000  -0.00000000   0.00000000  -0.00000000   0.00000000  -0.00000000   0.00000000  -0.00000000   0.00000000  -0.00000000   0.00000000  -0.00000000 
-25.87510000   0.00000000  -0.00000000   0.00000000  -0.00000000   0.00000000  -0.00000000   0.00000000  -0.00000000   0.00000000  -0.00000000   0.00000000  -0.00000000   0.00000000  -0.00000000   0.00000000  -0.00000000   0.00000000  -0.00000000 
-25.76010000   0.00000000  -0.00000000   0.00000000  -0.00000000   0.00000000  -0.00000000   0.00000000  -0.00000000   0.00000000  -0.00000000   0.00000000  -0.00000000   0.00000000  -0.00000000   0.00000000  -0.00000000   0.00000000  -0.00000000 
-25.64410000   0.00000000  -0.00000000   0.00000000  -0.00000000   0.00000000  -0.00000000   0.00000000  -0.00000000   0.00000000  -0.00000000   0.00000000  -0.00000000   0.00000000  -0.00000000   0.00000000  -0.00000000   0.00000000  -0.00000000 
-25.52810000   0.00000000  -0.00000000   0.00000000  -0.00000000   0.00000000  -0.00000000   0.00000000  -0.00000000   0.00000000  -0.00000000   0.00000000  -0.00000000   0.00000000  -0.00000000   0.00000000  -0.00000000   0.00000000  -0.00000000 
-25.41210000   0.00000000  -0.00000000   0.00000000  -0.00000000   0.00000000  -0.00000000   0.00000000  -0.00000000   0.00000000  -0.00000000   0.00000000  -0.00000000   0.00000000  -0.00000000   0.00000000  -0.00000000   0.00000000  -0.00000000 
-25.29710000   0.00000000  -0.00000000   0.00000000  -0.00000000   0.00000000  -0.00000000   0.00000000  -0.00000000   0.00000000  -0.00000000   0.00000000  -0.00000000   0.00000000  -0.00000000   0.00000000  -0.00000000   0.00000000  -0.00000000 
-25.18110000   0.00000000  -0.00000000   0.00000000  -0.00000000   0.00000000  -0.00000000   0.00000000  -0.00000000   0.00000000  -0.00000000   0.00000000  -0.00000000   0.00000000  -0.00000000   0.00000000  -0.00000000   0.00000000  -0.00000000 
-25.06510000   0.00000000  -0.00000000   0.00000000  -0.00000000   0.00000000  -0.00000000   0.00000000  -0.00000000   0.00000000  -0.00000000   0.00000000  -0.00000000   0.00000000  -0.00000000   0.00000000  -0.00000000   0.00000000  -0.00000000 
-24.94910000   0.00000000  -0.00000000   0.00000000  -0.00000000   0.00000000  -0.00000000   0.00000000  -0.00000000   0.00000000  -0.00000000   0.00000000  -0.00000000   0.00000000  -0.00000000   0.00000000  -0.00000000   0.00000000  -0.00000000 
-24.83410000   0.00000000  -0.00000000   0.00000000  -0.00000000   0.00000000  -0.00000000   0.00000000  -0.00000000   0.00000000  -0.00000000   0.00000000  -0.00000000   0.00000000  -0.00000000   0.00000000  -0.00000000   0.00000000  -0.00000000 
-24.71810000   0.00000000  -0.00000000   0.00000000  -0.00000000   0.00000000  -0.00000000   0.00000000  -0.00000000   0.00000000  -0.00000000   0.00000000  -0.00000000   0.00000000  -0.00000000   0.00000000  -0.00000000   0.00000000  -0.00000000 
-24.60210000   0.00000000  -0.00000000   0.00000000  -0.00000000   0.00000000  -0.00000000   0.00000000  -0.00000000   0.00000000  -0.00000000   0.00000000  -0.00000000   0.00000000  -0.00000000   0.00000000  -0.00000000   0.00000000  -0.00000000 
-24.48610000   0.00000000  -0.00000000   0.00000000  -0.00000000   0.00000000  -0.00000000   0.00000000  -0.00000000   0.00000000  -0.00000000   0.00000000  -0.00000000   0.00000000  -0.00000000   0.00000000  -0.00000000   0.00000000  -0.00000000 
-24.37110000   0.00000000  -0.00000000   0.00000000  -0.00000000   0.00000000  -0.00000000   0.00000000  -0.00000000   0.00000000  -0.00000000   0.00000000  -0.00000000   0.00000000  -0.00000000   0.00000000  -0.00000000   0.00000000  -0.00000000 
-24.25510000   0.00000000  -0.00000000   0.00000000  -0.00000000   0.00000000  -0.00000000   0.00000000  -0.00000000   0.00000000  -0.00000000   0.00000000  -0.00000000   0.00000000  -0.00000000   0.00000000  -0.00000000   0.00000000  -0.00000000 
-24.13910000   0.00000000  -0.00000000   0.00000000  -0.00000000   0.00000000  -0.00000000   0.00000000  -0.00000000   0.00000000  -0.00000000   0.00000000  -0.00000000   0.00000000  -0.00000000   0.00000000  -0.00000000   0.00000000  -0.00000000 
-24.02310000   0.00000000  -0.00000000   0.00000000  -0.00000000   0.00000000  -0.00000000   0.00000000  -0.00000000   0.00000000  -0.00000000   0.00000000  -0.00000000   0.00000000  -0.00000000   0.00000000  -0.00000000   0.00000000  -0.00000000 
-23.90810000   0.00000000  -0.00000000   0.00000000  -0.00000000   0.00000000  -0.00000000   0.00000000  -0.00000000   0.00000000  -0.00000000   0.00000000  -0.00000000   0.00000000  -0.00000000   0.00000000  -0.00000000   0.00000000  -0.00000000 
-23.79210000   0.00000000  -0.00000000   0.00000000  -0.00000000   0.00000000  -0.00000000   0.00000000  -0.00000000   0.00000000  -0.00000000   0.00000000  -0.00000000   0.00000000  -0.00000000   0.00000000  -0.00000000   0.00000000  -0.00000000 
-23.67610000   0.00000000  -0.00000000   0.00000000  -0.00000000   0.00000000  -0.00000000   0.00000000  -0.00000000   0.00000000  -0.00000000   0.00000000  -0.00000000   0.00000000  -0.00000000   0.00000000  -0.00000000   0.00000000  -0.00000000 
-23.56010000   0.00000000  -0.00000000   0.00000000  -0.00000000   0.00000000  -0.00000000   0.00000000  -0.00000000   0.00000000  -0.00000000   0.00000000  -0.00000000   0.00000000  -0.00000000   0.00000000  -0.00000000   0.00000000  -0.00000000 
-23.44410000   0.00000000  -0.00000000   0.00000000  -0.00000000   0.00000000  -0.00000000   0.00000000  -0.00000000   0.00000000  -0.00000000   0.00000000  -0.00000000   0.00000000  -0.00000000   0.00000000  -0.00000000   0.00000000  -0.00000000 
-23.32910000   0.00000000  -0.00000000   0.00000000  -0.00000000   0.00000000  -0.00000000   0.00000000  -0.00000000   0.00000000  -0.00000000   0.00000000  -0.00000000   0.00000000  -0.00000000   0.00000000  -0.00000000   0.00000000  -0.00000000 
-23.21310000   0.00000000  -0.00000000   0.00000000  -0.00000000   0.00000000  -0.00000000   0.00000000  -0.00000000   0.00000000  -0.00000000   0.00000000  -0.00000000   0.00000000  -0.00000000   0.00000000  -0.00000000   0.00000000  -0.00000000 
-23.09710000   0.00000000  -0.00000000   0.00000000  -0.00000000   0.00000000  -0.00000000   0.00000000  -0.00000000   0.00000000  -0.00000000   0.00000000  -0.00000000   0.00000000  -0.00000000   0.00000000  -0.00000000   0.00000000  -0.00000000 
-22.98110000   0.00000000  -0.00000000   0.00000000  -0.00000000   0.00000000  -0.00000000   0.00000000  -0.00000000   0.00000000  -0.00000000   0.00000000  -0.00000000   0.00000000  -0.00000000   0.00000000  -0.00000000   0.00000000  -0.00000000 
-22.86610000   0.00000000  -0.00000000   0.00000000  -0.00000000   0.00000000  -0.00000000   0.00000000  -0.00000000   0.00000000  -0.00000000   0.00000000  -0.00000000   0.00000000  -0.00000000   0.00000000  -0.00000000   0.00000000  -0.00000000 
-22.75010000   0.00000000  -0.00000000   0.00000000  -0.00000000   0.00000000  -0.00000000   0.00000000  -0.00000000   0.00000000  -0.00000000   0.00000000  -0.00000000   0.00000000  -0.00000000   0.00000000  -0.00000000   0.00000000  -0.00000000 
-22.63410000   0.00000000  -0.00000000   0.00000000  -0.00000000   0.00000000  -0.00000000   0.00000000  -0.00000000   0.00000000  -0.00000000   0.00000000  -0.00000000   0.00000000  -0.00000000   0.00000000  -0.00000000   0.00000000  -0.00000000 
-22.51810000   0.00000000  -0.00000000   0.00000000  -0.00000000   0.00000000  -0.00000000   0.00000000  -0.00000000   0.00000000  -0.00000000   0.00000000  -0.00000000   0.00000000  -0.00000000   0.00000000  -0.00000000   0.00000000  -0.00000000 
-22.40310000   0.00000000  -0.00000000   0.00000000  -0.00000000   0.00000000  -0.00000000   0.00000000  -0.00000000   0.00000000  -0.00000000   0.00000000  -0.00000000   0.00000000  -0.00000000   0.00000000  -0.00000000   0.00000000  -0.00000000 
-22.28710000   0.00000000  -0.00000000   0.00000000  -0.00000000   0.00000000  -0.00000000   0.00000000  -0.00000000   0.00000000  -0.00000000   0.00000000  -0.00000000   0.00000000  -0.00000000   0.00000000  -0.00000000   0.00000000  -0.00000000 
-22.17110000   0.00000000  -0.00000000   0.00000000  -0.00000000   0.00000000  -0.00000000   0.00000000  -0.00000000   0.00000000  -0.00000000   0.00000000  -0.00000000   0.00000000  -0.00000000   0.00000000  -0.00000000   0.00000000  -0.00000000 
-22.05510000   0.00000000  -0.00000000   0.00000000  -0.00000000   0.00000000  -0.00000000   0.00000000  -0.00000000   0.00000000  -0.00000000   0.00000000  -0.00000000   0.00000000  -0.00000000   0.00000000  -0.00000000   0.00000000  -0.00000000 
-21.94010000   0.00000000  -0.00000000   0.00000000  -0.00000000   0.00000000  -0.00000000   0.00000000  -0.00000000   0.00000000  -0.00000000   0.00000000  -0.00000000   0.00000000  -0.00000000   0.00000000  -0.00000000   0.00000000  -0.00000000 
-21.82410000   0.00000000  -0.00000000   0.00000000  -0.00000000   0.00000000  -0.00000000   0.00000000  -0.00000000   0.00000000  -0.00000000   0.00000000  -0.00000000   0.00000000  -0.00000000   0.00000000  -0.00000000   0.00000000  -0.00000000 
-21.70810000   0.00000000  -0.00000000   0.00000000  -0.00000000   0.00000000  -0.00000000   0.00000000  -0.00000000   0.00000000  -0.00000000   0.00000000  -0.00000000   0.00000000  -0.00000000   0.00000000  -0.00000000   0.00000000  -0.00000000 
-21.59210000   0.00000000  -0.00000000   0.00000000  -0.00000000   0.00000000  -0.00000000   0.00000000  -0.00000000   0.00000000  -0.00000000   0.00000000  -0.00000000   0.00000000  -0.00000000   0.00000000  -0.00000000   0.00000000  -0.00000000 
-21.47710000   0.00000000  -0.00000000   0.00000000  -0.00000000   0.00000000  -0.00000000   0.00000000  -0.00000000   0.00000000  -0.00000000   0.00000000  -0.00000000   0.00000000  -0.00000000   0.00000000  -0.00000000   0.00000000  -0.00000000 
-21.36110000   0.00000000  -0.00000000   0.00000000  -0.00000000   0.00000000  -0.00000000   0.00000000  -0.00000000   0.00000000  -0.00000000   0.00000000  -0.00000000   0.00000000  -0.00000000   0.00000000  -0.00000000   0.00000000  -0.00000000 
-21.24510000   0.00000000  -0.00000000   0.00000000  -0.00000000   0.00000000  -0.00000000   0.00000000  -0.00000000   0.00000000  -0.00000000   0.00000000  -0.00000000   0.00000000  -0.00000000   0.00000000  -0.00000000   0.00000000  -0.00000000 
-21.12910000   0.00000000  -0.00000000   0.00000000  -0.00000000   0.00000000  -0.00000000   0.00000000  -0.00000000   0.00000000  -0.00000000   0.00000000  -0.00000000   0.00000000  -0.00000000   0.00000000  -0.00000000   0.00000000  -0.00000000 
-21.01410000   0.00000000  -0.00000000   0.00000000  -0.00000000   0.00000000  -0.00000000   0.00000000  -0.00000000   0.00000000  -0.00000000   0.00000000  -0.00000000   0.00000000  -0.00000000   0.00000000  -0.00000000   0.00000000  -0.00000000 
-20.89810000   0.00000000  -0.00000000   0.00000000  -0.00000000   0.00000000  -0.00000000   0.00000000  -0.00000000   0.00000000  -0.00000000   0.00000000  -0.00000000   0.00000000  -0.00000000   0.00000000  -0.00000000   0.00000000  -0.00000000 
-20.78210000   0.00000000  -0.00000000   0.00000000  -0.00000000   0.00000000  -0.00000000   0.00000000  -0.00000000   0.00000000  -0.00000000   0.00000000  -0.00000000   0.00000000  -0.00000000   0.00000000  -0.00000000   0.00000000  -0.00000000 
-20.66610000   0.00000000  -0.00000000   0.00000000  -0.00000000   0.00000000  -0.00000000   0.00000000  -0.00000000   0.00000000  -0.00000000   0.00000000  -0.00000000   0.00000000  -0.00000000   0.00000000  -0.00000000   0.00000000  -0.00000000 
-20.55110000   0.00000000  -0.00000000   0.00000000  -0.00000000   0.00000000  -0.00000000   0.00000000  -0.00000000   0.00000000  -0.00000000   0.00000000  -0.00000000   0.00000000  -0.00000000   0.00000000  -0.00000000   0.00000000  -0.00000000 
-20.43510000   0.00000000  -0.00000000   0.00000000  -0.00000000   0.00000000  -0.00000000   0.00000000  -0.00000000   0.00000000  -0.00000000   0.00000000  -0.00000000   0.00000000  -0.00000000   0.00000000  -0.00000000   0.00000000  -0.00000000 
-20.31910000   0.00000000  -0.00000000   0.00000000  -0.00000000   0.00000000  -0.00000000   0.00000000  -0.00000000   0.00000000  -0.00000000   0.00000000  -0.00000000   0.00000000  -0.00000000   0.00000000  -0.00000000   0.00000000  -0.00000000 
-20.20310000   0.00000000  -0.00000000   0.00000000  -0.00000000   0.00000000  -0.00000000   0.00000000  -0.00000000   0.00000000  -0.00000000   0.00000000  -0.00000000   0.00000000  -0.00000000   0.00000000  -0.00000000   0.00000000  -0.00000000 
-20.08810000   0.00000000  -0.00000000   0.00000000  -0.00000000   0.00000000  -0.00000000   0.00000000  -0.00000000   0.00000000  -0.00000000   0.00000000  -0.00000000   0.00000000  -0.00000000   0.00000000  -0.00000000   0.00000000  -0.00000000 
-19.97210000   0.00000000  -0.00000000   0.00000000  -0.00000000   0.00000000  -0.00000000   0.00000000  -0.00000000   0.00000000  -0.00000000   0.00000000  -0.00000000   0.00000000  -0.00000000   0.00000000  -0.00000000   0.00000000  -0.00000000 
-19.85610000   0.00000000  -0.00000000   0.00000000  -0.00000000   0.00000000  -0.00000000   0.00000000  -0.00000000   0.00000000  -0.00000000   0.00000000  -0.00000000   0.00000000  -0.00000000   0.00000000  -0.00000000   0.00000000  -0.00000000 
-19.74010000   0.00000000  -0.00000000   0.00000000  -0.00000000   0.00000000  -0.00000000   0.00000000  -0.00000000   0.00000000  -0.00000000   0.00000000  -0.00000000   0.00000000  -0.00000000   0.00000000  -0.00000000   0.00000000  -0.00000000 
-19.62510000   0.00000003  -0.00000003   0.00000000  -0.00000000   0.00000002  -0.00000002   0.00000000  -0.00000000   0.00000000  -0.00000000   0.00000000  -0.00000000   0.00000000  -0.00000000   0.00000001  -0.00000001   0.00000000  -0.00000000 
-19.50910000   0.00000035  -0.00000035   0.00000002  -0.00000002   0.00000016  -0.00000016   0.00000004  -0.00000004   0.00000002  -0.00000002   0.00000003  -0.00000003   0.00000004  -0.00000004   0.00000009  -0.00000009   0.00000001  -0.00000001 
-19.39310000   0.00000188  -0.00000188   0.00000009  -0.00000009   0.00000089  -0.00000089   0.00000024  -0.00000024   0.00000012  -0.00000012   0.00000017  -0.00000017   0.00000020  -0.00000020   0.00000046  -0.00000046   0.00000004  -0.00000004 
-19.27710000   0.00000539  -0.00000539   0.00000025  -0.00000025   0.00000255  -0.00000255   0.00000069  -0.00000069   0.00000034  -0.00000034   0.00000049  -0.00000049   0.00000058  -0.00000058   0.00000132  -0.00000132   0.00000012  -0.00000012 
-19.16110000   0.00000818  -0.00000818   0.00000038  -0.00000038   0.00000388  -0.00000388   0.00000105  -0.00000105   0.00000052  -0.00000052   0.00000074  -0.00000074   0.00000088  -0.00000088   0.00000201  -0.00000201   0.00000018  -0.00000018 
-19.04610000   0.00000660  -0.00000660   0.00000031  -0.00000031   0.00000313  -0.00000313   0.00000085  -0.00000085   0.00000042  -0.00000042   0.00000060  -0.00000060   0.00000071  -0.00000071   0.00000162  -0.00000162   0.00000014  -0.00000014 
-18.93010000   0.00000282  -0.00000282   0.00000013  -0.00000013   0.00000134  -0.00000134   0.00000036  -0.00000036   0.00000018  -0.00000018   0.00000026  -0.00000026   0.00000031  -0.00000031   0.00000069  -0.00000069   0.00000006  -0.00000006 
-18.81410000   0.00000064  -0.00000064   0.00000003  -0.00000003   0.00000030  -0.00000030   0.00000008  -0.00000008   0.00000004  -0.00000004   0.00000006  -0.00000006   0.00000007  -0.00000007   0.00000016  -0.00000016   0.00000001  -0.00000001 
-18.69810000   0.00000008  -0.00000008   0.00000000  -0.00000000   0.00000004  -0.00000004   0.00000001  -0.00000001   0.00000000  -0.00000000   0.00000001  -0.00000001   0.00000001  -0.00000001   0.00000002  -0.00000002   0.00000000  -0.00000000 
-18.58310000   0.00000000  -0.00000000   0.00000000  -0.00000000   0.00000000  -0.00000000   0.00000000  -0.00000000   0.00000000  -0.00000000   0.00000000  -0.00000000   0.00000000  -0.00000000   0.00000000  -0.00000000   0.00000000  -0.00000000 
-18.46710000   0.00000000  -0.00000000   0.00000000  -0.00000000   0.00000000  -0.00000000   0.00000000  -0.00000000   0.00000000  -0.00000000   0.00000000  -0.00000000   0.00000000  -0.00000000   0.00000000  -0.00000000   0.00000000  -0.00000000 
-18.35110000   0.00000000  -0.00000000   0.00000000  -0.00000000   0.00000000  -0.00000000   0.00000000  -0.00000000   0.00000000  -0.00000000   0.00000000  -0.00000000   0.00000000  -0.00000000   0.00000000  -0.00000000   0.00000000  -0.00000000 
-18.23510000   0.00000000  -0.00000000   0.00000000  -0.00000000   0.00000000  -0.00000000   0.00000000  -0.00000000   0.00000000  -0.00000000   0.00000000  -0.00000000   0.00000000  -0.00000000   0.00000000  -0.00000000   0.00000000  -0.00000000 
-18.12010000   0.00000000  -0.00000000   0.00000000  -0.00000000   0.00000000  -0.00000000   0.00000000  -0.00000000   0.00000000  -0.00000000   0.00000000  -0.00000000   0.00000000  -0.00000000   0.00000000  -0.00000000   0.00000000  -0.00000000 
-18.00410000   0.00000000  -0.00000000   0.00000000  -0.00000000   0.00000000  -0.00000000   0.00000000  -0.00000000   0.00000000  -0.00000000   0.00000000  -0.00000000   0.00000000  -0.00000000   0.00000000  -0.00000000   0.00000000  -0.00000000 
-17.88810000   0.00000000  -0.00000000   0.00000000  -0.00000000   0.00000000  -0.00000000   0.00000000  -0.00000000   0.00000000  -0.00000000   0.00000000  -0.00000000   0.00000000  -0.00000000   0.00000000  -0.00000000   0.00000000  -0.00000000 
-17.77210000   0.00000000  -0.00000000   0.00000000  -0.00000000   0.00000000  -0.00000000   0.00000000  -0.00000000   0.00000000  -0.00000000   0.00000000  -0.00000000   0.00000000  -0.00000000   0.00000000  -0.00000000   0.00000000  -0.00000000 
-17.65710000   0.00000000  -0.00000000   0.00000000  -0.00000000   0.00000000  -0.00000000   0.00000000  -0.00000000   0.00000000  -0.00000000   0.00000000  -0.00000000   0.00000000  -0.00000000   0.00000000  -0.00000000   0.00000000  -0.00000000 
-17.54110000   0.00000000  -0.00000000   0.00000000  -0.00000000   0.00000000  -0.00000000   0.00000000  -0.00000000   0.00000000  -0.00000000   0.00000000  -0.00000000   0.00000000  -0.00000000   0.00000000  -0.00000000   0.00000000  -0.00000000 
-17.42510000   0.00000000  -0.00000000   0.00000000  -0.00000000   0.00000000  -0.00000000   0.00000000  -0.00000000   0.00000000  -0.00000000   0.00000000  -0.00000000   0.00000000  -0.00000000   0.00000000  -0.00000000   0.00000000  -0.00000000 
-17.30910000   0.00000003  -0.00000003   0.00000000  -0.00000000   0.00000001  -0.00000001   0.00000000  -0.00000000   0.00000000  -0.00000000   0.00000000  -0.00000000   0.00000000  -0.00000000   0.00000000  -0.00000000   0.00000000  -0.00000000 
-17.19410000   0.00000050  -0.00000050   0.00000000  -0.00000000   0.00000012  -0.00000012   0.00000003  -0.00000003   0.00000001  -0.00000001   0.00000000  -0.00000000   0.00000002  -0.00000002   0.00000004  -0.00000004   0.00000000  -0.00000000 
-17.07810000   0.00000390  -0.00000390   0.00000000  -0.00000000   0.00000092  -0.00000092   0.00000021  -0.00000021   0.00000007  -0.00000007   0.00000000  -0.00000000   0.00000019  -0.00000019   0.00000030  -0.00000030   0.00000000  -0.00000000 
-16.96210000   0.00001599  -0.00001599   0.00000000  -0.00000000   0.00000376  -0.00000376   0.00000086  -0.00000086   0.00000030  -0.00000030   0.00000001  -0.00000001   0.00000078  -0.00000078   0.00000124  -0.00000124   0.00000001  -0.00000001 
-16.84610000   0.00003474  -0.00003474   0.00000000  -0.00000000   0.00000817  -0.00000817   0.00000187  -0.00000187   0.00000065  -0.00000065   0.00000002  -0.00000002   0.00000169  -0.00000169   0.00000270  -0.00000270   0.00000002  -0.00000002 
-16.73110000   0.00004020  -0.00004019   0.00000000  -0.00000000   0.00000945  -0.00000945   0.00000217  -0.00000217   0.00000076  -0.00000076   0.00000003  -0.00000003   0.00000196  -0.00000196   0.00000312  -0.00000312   0.00000003  -0.00000003 
-16.61510000   0.00002625  -0.00002625   0.00000003  -0.00000003   0.00000622  -0.00000622   0.00000143  -0.00000143   0.00000052  -0.00000052   0.00000006  -0.00000006   0.00000133  -0.00000133   0.00000198  -0.00000198   0.00000002  -0.00000002 
-16.49910000   0.00001758  -0.00001758   0.00000021  -0.00000021   0.00000427  -0.00000427   0.00000104  -0.00000104   0.00000047  -0.00000047   0.00000024  -0.00000024   0.00000109  -0.00000109   0.00000100  -0.00000100   0.00000003  -0.00000003 
-16.38310000   0.00003194  -0.00003194   0.00000112  -0.00000112   0.00000687  -0.00000687   0.00000189  -0.00000189   0.00000105  -0.00000105   0.00000080  -0.00000080   0.00000196  -0.00000196   0.00000118  -0.00000118   0.00000017  -0.00000017 
-16.26810000   0.00006496  -0.00006496   0.00000401  -0.00000401   0.00000961  -0.00000961   0.00000330  -0.00000330   0.00000209  -0.00000209   0.00000186  -0.00000186   0.00000276  -0.00000276   0.00000174  -0.00000174   0.00000071  -0.00000071 
-16.15210000   0.00013050  -0.00013050   0.00000865  -0.00000865   0.00000774  -0.00000774   0.00000422  -0.00000422   0.00000306  -0.00000306   0.00000302  -0.00000302   0.00000232  -0.00000232   0.00000172  -0.00000172   0.00000166  -0.00000166 
-16.03610000   0.00049490  -0.00049490   0.00001237  -0.00001237   0.00000369  -0.00000369   0.00000576  -0.00000576   0.00000379  -0.00000379   0.00000315  -0.00000315   0.00000266  -0.00000266   0.00000119  -0.00000119   0.00000284  -0.00000284 
-15.92010000   0.00241900  -0.00241900   0.00002490  -0.00002490   0.00000145  -0.00000145   0.00001915  -0.00001915   0.00000850  -0.00000850   0.00000191  -0.00000191   0.00001048  -0.00001048   0.00000059  -0.00000059   0.00000838  -0.00000838 
-15.80510000   0.00808900  -0.00808900   0.00008554  -0.00008554   0.00000285  -0.00000285   0.00007736  -0.00007736   0.00003142  -0.00003142   0.00000071  -0.00000071   0.00003613  -0.00003613   0.00000030  -0.00000030   0.00003295  -0.00003295 
-15.68910000   0.01704000  -0.01704000   0.00025020  -0.00025020   0.00001272  -0.00001272   0.00023050  -0.00023050   0.00009605  -0.00009605   0.00000057  -0.00000057   0.00008046  -0.00008046   0.00000059  -0.00000059   0.00010030  -0.00010030 
-15.57310000   0.02518000  -0.02518000   0.00056730  -0.00056730   0.00003703  -0.00003703   0.00053480  -0.00053480   0.00023240  -0.00023240   0.00000179  -0.00000179   0.00013030  -0.00013030   0.00000183  -0.00000183   0.00023580  -0.00023580 
-15.45710000   0.02988000  -0.02988000   0.00098950  -0.00098950   0.00006994  -0.00006994   0.00096250  -0.00096250   0.00043400  -0.00043400   0.00000507  -0.00000507   0.00017270  -0.00017270   0.00000484  -0.00000484   0.00042570  -0.00042570 
-15.34210000   0.02993000  -0.02993000   0.00137700  -0.00137700   0.00009925  -0.00009925   0.00136400  -0.00136400   0.00064440  -0.00064440   0.00001132  -0.00001132   0.00019450  -0.00019450   0.00001045  -0.00001045   0.00062210  -0.00062210 
-15.22610000   0.02848000  -0.02848000   0.00190200  -0.00190200   0.00011840  -0.00011840   0.00188200  -0.00188200   0.00094780  -0.00094780   0.00001959  -0.00001959   0.00021860  -0.00021860   0.00001777  -0.00001777   0.00092290  -0.00092290 
-15.11010000   0.02985000  -0.02985000   0.00265800  -0.00265800   0.00012740  -0.00012740   0.00262900  -0.00262900   0.00139000  -0.00139000   0.00003046  -0.00003046   0.00026880  -0.00026880   0.00002713  -0.00002713   0.00136400  -0.00136400 
-14.99410000   0.02940000  -0.02940000   0.00310400  -0.00310400   0.00017460  -0.00017460   0.00308100  -0.00308100   0.00169300  -0.00169300   0.00005161  -0.00005161   0.00029190  -0.00029190   0.00004558  -0.00004558   0.00167300  -0.00167300 
-14.87810000   0.02574000  -0.02574000   0.00338900  -0.00338900   0.00048120  -0.00048120   0.00333400  -0.00333400   0.00194500  -0.00194500   0.00009228  -0.00009228   0.00028540  -0.00028540   0.00008045  -0.00008045   0.00196700  -0.00196700 
-14.76310000   0.02554000  -0.02554000   0.00444600  -0.00444600   0.00195900  -0.00195900   0.00432100  -0.00432100   0.00270400  -0.00270400   0.00022370  -0.00022370   0.00033050  -0.00033050   0.00019120  -0.00019120   0.00277300  -0.00277300 
-14.64710000   0.02801000  -0.02801000   0.00575100  -0.00575100   0.00625400  -0.00625400   0.00565500  -0.00565500   0.00369600  -0.00369600   0.00072390  -0.00072390   0.00040020  -0.00040020   0.00063490  -0.00063490   0.00375000  -0.00375000 
-14.53110000   0.02610000  -0.02610000   0.00616400  -0.00616400   0.01320000  -0.01320000   0.00614100  -0.00614100   0.00419000  -0.00419000   0.00202700  -0.00202700   0.00039450  -0.00039450   0.00185700  -0.00185700   0.00424000  -0.00424000 
-14.41510000   0.02255000  -0.02255000   0.00694700  -0.00694700   0.01957000  -0.01957000   0.00687500  -0.00687500   0.00502200  -0.00502200   0.00441600  -0.00441600   0.00037130  -0.00037130   0.00419000  -0.00419000   0.00513500  -0.00513500 
-14.30010000   0.02311000  -0.02311000   0.00945500  -0.00945500   0.02324000  -0.02324000   0.00930200  -0.00930200   0.00722300  -0.00722300   0.00797900  -0.00797900   0.00042030  -0.00042030   0.00775700  -0.00775700   0.00737800  -0.00737800 
-14.18410000   0.02445000  -0.02445000   0.01232000  -0.01232000   0.02461000  -0.02461000   0.01207000  -0.01207000   0.00984500  -0.00984500   0.01292000  -0.01292000   0.00046640  -0.00046640   0.01280000  -0.01280000   0.01007000  -0.01007000 
-14.06810000   0.02283000  -0.02283000   0.01528000  -0.01528000   0.02429000  -0.02429000   0.01477000  -0.01477000   0.01283000  -0.01283000   0.02009000  -0.02009000   0.00044530  -0.00044530   0.02003000  -0.02003000   0.01318000  -0.01318000 
-13.95210000   0.02079000  -0.02079000   0.01969000  -0.01969000   0.02273000  -0.02273000   0.01922000  -0.01922000   0.01756000  -0.01756000   0.03125000  -0.03125000   0.00041720  -0.00041720   0.03080000  -0.03080000   0.01760000  -0.01760000 
-13.83710000   0.01777000  -0.01777000   0.02217000  -0.02217000   0.02022000  -0.02022000   0.02225000  -0.02225000   0.02076000  -0.02076000   0.04773000  -0.04773000   0.00036360  -0.00036360   0.04658000  -0.04658000   0.02009000  -0.02009000 
-13.72110000   0.01183000  -0.01183000   0.01928000  -0.01928000   0.01663000  -0.01663000   0.01965000  -0.01965000   0.01849000  -0.01849000   0.06420000  -0.06420000   0.00024170  -0.00024170   0.06327000  -0.06327000   0.01755000  -0.01755000 
-13.60510000   0.00589400  -0.00589400   0.01288000  -0.01288000   0.01156000  -0.01156000   0.01319000  -0.01319000   0.01246000  -0.01246000   0.06733000  -0.06733000   0.00011750  -0.00011750   0.06776000  -0.06776000   0.01174000  -0.01174000 
-13.48910000   0.00229200  -0.00229200   0.00632900  -0.00632900   0.00614000  -0.00614000   0.00654400  -0.00654400   0.00618800  -0.00618800   0.05044000  -0.05044000   0.00004288  -0.00004288   0.05167000  -0.05167000   0.00577500  -0.00577500 
-13.37410000   0.00069160  -0.00069160   0.00215700  -0.00215700   0.00229600  -0.00229600   0.00225800  -0.00225800   0.00213600  -0.00213600   0.02530000  -0.02530000   0.00001133  -0.00001133   0.02618000  -0.02618000   0.00197600  -0.00197600 
-13.25810000   0.00016000  -0.00016000   0.00051020  -0.00051020   0.00057030  -0.00057030   0.00053680  -0.00053680   0.00050760  -0.00050760   0.00807900  -0.00807900   0.00000217  -0.00000217   0.00840900  -0.00840900   0.00047060  -0.00047060 
-13.14210000   0.00004025  -0.00004025   0.00008869  -0.00008869   0.00009868  -0.00009868   0.00009131  -0.00009131   0.00008593  -0.00008593   0.00159100  -0.00159100   0.00000056  -0.00000056   0.00165500  -0.00165500   0.00008257  -0.00008257 
-13.02610000   0.00003393  -0.00003393   0.00001599  -0.00001599   0.00002811  -0.00002811   0.00001262  -0.00001262   0.00001101  -0.00001101   0.00021450  -0.00021450   0.00000060  -0.00000060   0.00020130  -0.00020130   0.00001546  -0.00001546 
-12.91110000   0.00003550  -0.00003550   0.00000731  -0.00000731   0.00002248  -0.00002248   0.00000292  -0.00000292   0.00000171  -0.00000171   0.00004813  -0.00004813   0.00000064  -0.00000064   0.00002230  -0.00002230   0.00000747  -0.00000747 
-12.79510000   0.00002131  -0.00002131   0.00000396  -0.00000396   0.00001327  -0.00001327   0.00000128  -0.00000128   0.00000057  -0.00000057   0.00002199  -0.00002199   0.00000038  -0.00000038   0.00000595  -0.00000595   0.00000408  -0.00000408 
-12.67910000   0.00000681  -0.00000681   0.00000126  -0.00000126   0.00000424  -0.00000424   0.00000040  -0.00000040   0.00000017  -0.00000017   0.00000689  -0.00000689   0.00000012  -0.00000012   0.00000174  -0.00000174   0.00000130  -0.00000130 
-12.56310000   0.00000115  -0.00000115   0.00000021  -0.00000021   0.00000072  -0.00000072   0.00000007  -0.00000007   0.00000003  -0.00000003   0.00000116  -0.00000116   0.00000002  -0.00000002   0.00000029  -0.00000029   0.00000022  -0.00000022 
-12.44810000   0.00000010  -0.00000010   0.00000002  -0.00000002   0.00000006  -0.00000006   0.00000001  -0.00000001   0.00000000  -0.00000000   0.00000010  -0.00000010   0.00000000  -0.00000000   0.00000003  -0.00000003   0.00000002  -0.00000002 
-12.33210000   0.00000000  -0.00000000   0.00000000  -0.00000000   0.00000000  -0.00000000   0.00000000  -0.00000000   0.00000000  -0.00000000   0.00000000  -0.00000000   0.00000000  -0.00000000   0.00000000  -0.00000000   0.00000000  -0.00000000 
-12.21610000   0.00000000  -0.00000000   0.00000000  -0.00000000   0.00000000  -0.00000000   0.00000000  -0.00000000   0.00000000  -0.00000000   0.00000000  -0.00000000   0.00000000  -0.00000000   0.00000000  -0.00000000   0.00000000  -0.00000000 
-12.10010000   0.00000000  -0.00000000   0.00000000  -0.00000000   0.00000000  -0.00000000   0.00000001  -0.00000001   0.00000002  -0.00000002   0.00000000  -0.00000000   0.00000000  -0.00000000   0.00000004  -0.00000004   0.00000000  -0.00000000 
-11.98510000   0.00000004  -0.00000004   0.00000001  -0.00000001   0.00000001  -0.00000001   0.00000018  -0.00000018   0.00000025  -0.00000025   0.00000002  -0.00000002   0.00000003  -0.00000003   0.00000055  -0.00000055   0.00000002  -0.00000002 
-11.86910000   0.00000034  -0.00000034   0.00000004  -0.00000004   0.00000011  -0.00000011   0.00000149  -0.00000149   0.00000209  -0.00000209   0.00000015  -0.00000015   0.00000026  -0.00000026   0.00000456  -0.00000456   0.00000017  -0.00000018 
-11.75310000   0.00000150  -0.00000150   0.00000019  -0.00000019   0.00000047  -0.00000047   0.00000647  -0.00000647   0.00000908  -0.00000908   0.00000067  -0.00000067   0.00000113  -0.00000113   0.00001981  -0.00001982   0.00000076  -0.00000076 
-11.63710000   0.00000344  -0.00000344   0.00000044  -0.00000044   0.00000107  -0.00000107   0.00001489  -0.00001489   0.00002088  -0.00002088   0.00000153  -0.00000153   0.00000260  -0.00000260   0.00004555  -0.00004555   0.00000175  -0.00000175 
-11.52210000   0.00000419  -0.00000419   0.00000054  -0.00000054   0.00000131  -0.00000131   0.00001815  -0.00001815   0.00002546  -0.00002546   0.00000187  -0.00000187   0.00000316  -0.00000316   0.00005555  -0.00005555   0.00000213  -0.00000213 
-11.40610000   0.00000271  -0.00000271   0.00000035  -0.00000035   0.00000085  -0.00000085   0.00001175  -0.00001175   0.00001648  -0.00001648   0.00000121  -0.00000121   0.00000205  -0.00000205   0.00003595  -0.00003595   0.00000138  -0.00000138 
-11.29010000   0.00000093  -0.00000093   0.00000012  -0.00000012   0.00000029  -0.00000029   0.00000403  -0.00000403   0.00000565  -0.00000565   0.00000042  -0.00000042   0.00000070  -0.00000070   0.00001233  -0.00001233   0.00000047  -0.00000047 
-11.17410000   0.00000017  -0.00000017   0.00000002  -0.00000002   0.00000005  -0.00000005   0.00000073  -0.00000073   0.00000103  -0.00000103   0.00000008  -0.00000008   0.00000013  -0.00000013   0.00000224  -0.00000224   0.00000009  -0.00000009 
-11.05910000   0.00000002  -0.00000002   0.00000000  -0.00000000   0.00000001  -0.00000001   0.00000007  -0.00000007   0.00000010  -0.00000010   0.00000001  -0.00000001   0.00000001  -0.00000001   0.00000021  -0.00000021   0.00000001  -0.00000001 
-10.94310000   0.00000000  -0.00000000   0.00000000  -0.00000000   0.00000000  -0.00000000   0.00000000  -0.00000000   0.00000000  -0.00000000   0.00000000  -0.00000000   0.00000000  -0.00000000   0.00000001  -0.00000001   0.00000000  -0.00000000 
-10.82710000   0.00000000  -0.00000000   0.00000000  -0.00000000   0.00000000  -0.00000000   0.00000000  -0.00000000   0.00000000  -0.00000000   0.00000000  -0.00000000   0.00000000  -0.00000000   0.00000000  -0.00000000   0.00000000  -0.00000000 
-10.71110000   0.00000000  -0.00000000   0.00000000  -0.00000000   0.00000000  -0.00000000   0.00000000  -0.00000000   0.00000000  -0.00000000   0.00000000  -0.00000000   0.00000000  -0.00000000   0.00000000  -0.00000000   0.00000000  -0.00000000 
-10.59510000   0.00000000  -0.00000000   0.00000000  -0.00000000   0.00000000  -0.00000000   0.00000000  -0.00000000   0.00000000  -0.00000000   0.00000000  -0.00000000   0.00000000  -0.00000000   0.00000000  -0.00000000   0.00000000  -0.00000000 
-10.48010000   0.00000000  -0.00000000   0.00000000  -0.00000000   0.00000000  -0.00000000   0.00000000  -0.00000000   0.00000000  -0.00000000   0.00000000  -0.00000000   0.00000000  -0.00000000   0.00000000  -0.00000000   0.00000000  -0.00000000 
-10.36410000   0.00000003  -0.00000003   0.00000003  -0.00000003   0.00000001  -0.00000001   0.00000002  -0.00000002   0.00000001  -0.00000001   0.00000006  -0.00000006   0.00000002  -0.00000002   0.00000005  -0.00000005   0.00000005  -0.00000005 
-10.24810000   0.00000037  -0.00000037   0.00000033  -0.00000033   0.00000012  -0.00000012   0.00000023  -0.00000023   0.00000014  -0.00000014   0.00000076  -0.00000076   0.00000021  -0.00000021   0.00000059  -0.00000059   0.00000062  -0.00000062 
-10.13210000   0.00000247  -0.00000247   0.00000223  -0.00000223   0.00000082  -0.00000082   0.00000153  -0.00000153   0.00000095  -0.00000095   0.00000502  -0.00000502   0.00000138  -0.00000138   0.00000393  -0.00000393   0.00000420  -0.00000420 
-10.01710000   0.00000864  -0.00000864   0.00000788  -0.00000788   0.00000287  -0.00000287   0.00000546  -0.00000546   0.00000341  -0.00000341   0.00001764  -0.00001764   0.00000484  -0.00000484   0.00001391  -0.00001391   0.00001502  -0.00001502 
 -9.90110000   0.00001601  -0.00001601   0.00001477  -0.00001477   0.00000531  -0.00000531   0.00001030  -0.00001030   0.00000648  -0.00000648   0.00003282  -0.00003282   0.00000902  -0.00000902   0.00002616  -0.00002616   0.00002855  -0.00002855 
 -9.78510000   0.00001574  -0.00001574   0.00001471  -0.00001471   0.00000523  -0.00000523   0.00001034  -0.00001034   0.00000654  -0.00000654   0.00003243  -0.00003243   0.00000893  -0.00000893   0.00002613  -0.00002613   0.00002884  -0.00002884 
 -9.66910000   0.00000822  -0.00000822   0.00000778  -0.00000778   0.00000273  -0.00000273   0.00000551  -0.00000551   0.00000351  -0.00000351   0.00001701  -0.00001701   0.00000469  -0.00000469   0.00001387  -0.00001387   0.00001550  -0.00001550 
 -9.55410000   0.00000227  -0.00000227   0.00000218  -0.00000218   0.00000076  -0.00000076   0.00000156  -0.00000156   0.00000100  -0.00000100   0.00000473  -0.00000473   0.00000131  -0.00000131   0.00000391  -0.00000391   0.00000442  -0.00000442 
 -9.43810000   0.00000033  -0.00000033   0.00000032  -0.00000032   0.00000011  -0.00000011   0.00000023  -0.00000023   0.00000015  -0.00000015   0.00000070  -0.00000070   0.00000019  -0.00000019   0.00000058  -0.00000058   0.00000067  -0.00000067 
 -9.32210000   0.00000003  -0.00000003   0.00000003  -0.00000003   0.00000001  -0.00000001   0.00000002  -0.00000002   0.00000001  -0.00000001   0.00000005  -0.00000005   0.00000001  -0.00000001   0.00000005  -0.00000005   0.00000005  -0.00000005 
 -9.20610000   0.00000000  -0.00000000   0.00000000  -0.00000000   0.00000000  -0.00000000   0.00000000  -0.00000000   0.00000000  -0.00000000   0.00000000  -0.00000000   0.00000000  -0.00000000   0.00000000  -0.00000000   0.00000000  -0.00000000 
 -9.09110000   0.00000000  -0.00000000   0.00000000  -0.00000000   0.00000000  -0.00000000   0.00000000  -0.00000000   0.00000000  -0.00000000   0.00000000  -0.00000000   0.00000000  -0.00000000   0.00000000  -0.00000000   0.00000000  -0.00000000 
 -8.97510000   0.00000000  -0.00000000   0.00000000  -0.00000000   0.00000000  -0.00000000   0.00000000  -0.00000000   0.00000000  -0.00000000   0.00000000  -0.00000000   0.00000000  -0.00000000   0.00000000  -0.00000000   0.00000000  -0.00000000 
 -8.85910000   0.00000000  -0.00000000   0.00000000  -0.00000000   0.00000000  -0.00000000   0.00000000  -0.00000000   0.00000002  -0.00000002   0.00000001  -0.00000001   0.00000005  -0.00000005   0.00000000  -0.00000000   0.00000003  -0.00000003 
 -8.74310000   0.00000004  -0.00000004   0.00000007  -0.00000007   0.00000000  -0.00000000   0.00000000  -0.00000000   0.00000029  -0.00000029   0.00000018  -0.00000018   0.00000081  -0.00000081   0.00000000  -0.00000000   0.00000055  -0.00000055 
 -8.62810000   0.00000034  -0.00000034   0.00000058  -0.00000058   0.00000002  -0.00000002   0.00000000  -0.00000000   0.00000251  -0.00000251   0.00000153  -0.00000153   0.00000688  -0.00000688   0.00000002  -0.00000002   0.00000472  -0.00000472 
 -8.51210000   0.00000153  -0.00000153   0.00000259  -0.00000259   0.00000009  -0.00000009   0.00000003  -0.00000003   0.00001134  -0.00001134   0.00000689  -0.00000689   0.00003102  -0.00003102   0.00000011  -0.00000011   0.00002129  -0.00002129 
 -8.39610000   0.00000388  -0.00000388   0.00000618  -0.00000618   0.00000022  -0.00000022   0.00000032  -0.00000032   0.00002767  -0.00002767   0.00001647  -0.00001647   0.00007486  -0.00007486   0.00000043  -0.00000043   0.00005078  -0.00005078 
 -8.28010000   0.00000725  -0.00000725   0.00000783  -0.00000783   0.00000046  -0.00000046   0.00000278  -0.00000278   0.00004095  -0.00004095   0.00002122  -0.00002122   0.00010310  -0.00010310   0.00000213  -0.00000213   0.00006435  -0.00006435 
 -8.16510000   0.00001692  -0.00001692   0.00000535  -0.00000535   0.00000118  -0.00000118   0.00001384  -0.00001384   0.00005740  -0.00005740   0.00001622  -0.00001622   0.00011180  -0.00011180   0.00000939  -0.00000939   0.00004387  -0.00004387 
 -8.04910000   0.00004162  -0.00004162   0.00000249  -0.00000249   0.00000275  -0.00000275   0.00003698  -0.00003698   0.00010020  -0.00010020   0.00001167  -0.00001167   0.00015610  -0.00015610   0.00002479  -0.00002479   0.00001804  -0.00001804 
 -7.93310000   0.00010310  -0.00010310   0.00000362  -0.00000362   0.00000382  -0.00000382   0.00005436  -0.00005436   0.00013880  -0.00013880   0.00001301  -0.00001301   0.00023320  -0.00023320   0.00003657  -0.00003657   0.00001453  -0.00001453 
 -7.81710000   0.00056310  -0.00056310   0.00002192  -0.00002192   0.00000310  -0.00000310   0.00006429  -0.00006429   0.00020820  -0.00020820   0.00001646  -0.00001646   0.00059220  -0.00059220   0.00003818  -0.00003818   0.00009988  -0.00009988 
 -7.70210000   0.00355600  -0.00355600   0.00015000  -0.00015000   0.00000342  -0.00000342   0.00020820  -0.00020820   0.00093630  -0.00093630   0.00003080  -0.00003080   0.00308300  -0.00308300   0.00008428  -0.00008428   0.00076000  -0.00076000 
 -7.58610000   0.01449000  -0.01449000   0.00071250  -0.00071250   0.00001318  -0.00001318   0.00092990  -0.00092990   0.00436100  -0.00436100   0.00009659  -0.00009659   0.01210000  -0.01210000   0.00032190  -0.00032190   0.00373200  -0.00373200 
 -7.47010000   0.03607000  -0.03607000   0.00219200  -0.00219200   0.00004954  -0.00004954   0.00282700  -0.00282700   0.01305000  -0.01305000   0.00028770  -0.00028770   0.02858000  -0.02858000   0.00091670  -0.00091670   0.01155000  -0.01155000 
 -7.35410000   0.05703000  -0.05703000   0.00455800  -0.00455800   0.00013950  -0.00013950   0.00577500  -0.00577500   0.02512000  -0.02512000   0.00092660  -0.00092660   0.04179000  -0.04179000   0.00212600  -0.00212600   0.02310000  -0.02310000 
 -7.23910000   0.06400000  -0.06400000   0.00717500  -0.00717500   0.00031770  -0.00031770   0.00875900  -0.00875900   0.03498000  -0.03498000   0.00374000  -0.00374000   0.04352000  -0.04352000   0.00548400  -0.00548400   0.03358000  -0.03358000 
 -7.12310000   0.06473000  -0.06473000   0.01004000  -0.01004000   0.00069500  -0.00069500   0.01140000  -0.01140000   0.04478000  -0.04478000   0.01329000  -0.01329000   0.04336000  -0.04336000   0.01530000  -0.01530000   0.04494000  -0.04494000 
 -7.00710000   0.06839000  -0.06839000   0.01338000  -0.01338000   0.00158100  -0.00158100   0.01384000  -0.01384000   0.05947000  -0.05947000   0.03285000  -0.03285000   0.05047000  -0.05047000   0.03466000  -0.03466000   0.06168000  -0.06168000 
 -6.89110000   0.06927000  -0.06927000   0.01686000  -0.01686000   0.00337700  -0.00337700   0.01598000  -0.01598000   0.07607000  -0.07607000   0.05362000  -0.05362000   0.06483000  -0.06483000   0.05479000  -0.05479000   0.08016000  -0.08016000 
 -6.77610000   0.06680000  -0.06680000   0.01917000  -0.01917000   0.00697900  -0.00697900   0.01723000  -0.01723000   0.08626000  -0.08626000   0.06445000  -0.06445000   0.08204000  -0.08204000   0.06459000  -0.06459000   0.08971000  -0.08971000 
 -6.66010000   0.06060000  -0.06060000   0.01750000  -0.01750000   0.01407000  -0.01407000   0.01560000  -0.01560000   0.07828000  -0.07828000   0.07527000  -0.07527000   0.08853000  -0.08853000   0.07397000  -0.07397000   0.07765000  -0.07765000 
 -6.54410000   0.04693000  -0.04693000   0.01230000  -0.01230000   0.02243000  -0.02243000   0.01119000  -0.01119000   0.05689000  -0.05689000   0.08880000  -0.08880000   0.07899000  -0.07899000   0.08701000  -0.08701000   0.05296000  -0.05296000 
 -6.42810000   0.03073000  -0.03073000   0.00762000  -0.00762000   0.02460000  -0.02460000   0.00707900  -0.00707900   0.03986000  -0.03986000   0.08131000  -0.08131000   0.06513000  -0.06513000   0.08146000  -0.08146000   0.03622000  -0.03622000 
 -6.31210000   0.01934000  -0.01934000   0.00487400  -0.00487400   0.02028000  -0.02028000   0.00448300  -0.00448300   0.02842000  -0.02842000   0.05714000  -0.05714000   0.05159000  -0.05159000   0.05909000  -0.05909000   0.02677000  -0.02677000 
 -6.19710000   0.01233000  -0.01233000   0.00294800  -0.00294800   0.01614000  -0.01614000   0.00266200  -0.00266200   0.01612000  -0.01612000   0.04669000  -0.04669000   0.03322000  -0.03322000   0.04759000  -0.04759000   0.01601000  -0.01601000 
 -6.08110000   0.00756300  -0.00756300   0.00196100  -0.00196100   0.01369000  -0.01369000   0.00179700  -0.00179700   0.00721800  -0.00721800   0.05276000  -0.05276000   0.01650000  -0.01650000   0.05137000  -0.05137000   0.00808300  -0.00808300 
 -5.96510000   0.00668200  -0.00668200   0.00309500  -0.00309500   0.01110000  -0.01110000   0.00291400  -0.00291400   0.00876600  -0.00876600   0.05546000  -0.05546000   0.01372000  -0.01372000   0.05398000  -0.05398000   0.01145000  -0.01145000 
 -5.84910000   0.01283000  -0.01283000   0.00774000  -0.00774000   0.00796000  -0.00796000   0.00742300  -0.00742300   0.02482000  -0.02482000   0.04458000  -0.04458000   0.02848000  -0.02848000   0.04468000  -0.04468000   0.03067000  -0.03067000 
 -5.73410000   0.03034000  -0.03034000   0.01587000  -0.01587000   0.00563300  -0.00563300   0.01554000  -0.01554000   0.05205000  -0.05205000   0.03382000  -0.03382000   0.05272000  -0.05272000   0.03395000  -0.03395000   0.05958000  -0.05958000 
 -5.61810000   0.06003000  -0.06003000   0.02432000  -0.02432000   0.00494000  -0.00494000   0.02426000  -0.02426000   0.07771000  -0.07771000   0.03402000  -0.03402000   0.07042000  -0.07042000   0.03308000  -0.03308000   0.08306000  -0.08306000 
 -5.50210000   0.09000000  -0.09000000   0.02896000  -0.02896000   0.00510500  -0.00510500   0.02923000  -0.02923000   0.09348000  -0.09348000   0.03963000  -0.03963000   0.07416000  -0.07416000   0.03806000  -0.03806000   0.09440000  -0.09440000 
 -5.38610000   0.10240000  -0.10240000   0.02787000  -0.02787000   0.00577000  -0.00577000   0.02841000  -0.02841000   0.09857000  -0.09857000   0.04807000  -0.04807000   0.06766000  -0.06766000   0.04568000  -0.04568000   0.09547000  -0.09547000 
 -5.27110000   0.09192000  -0.09192000   0.02263000  -0.02263000   0.00692500  -0.00692500   0.02345000  -0.02345000   0.09046000  -0.09046000   0.05944000  -0.05944000   0.05443000  -0.05443000   0.05599000  -0.05599000   0.08511000  -0.08511000 
 -5.15510000   0.06431000  -0.06431000   0.01589000  -0.01589000   0.00844700  -0.00844700   0.01685000  -0.01685000   0.06679000  -0.06679000   0.07255000  -0.07255000   0.03634000  -0.03634000   0.06780000  -0.06780000   0.06231000  -0.06231000 
 -5.03910000   0.03621000  -0.03621000   0.01157000  -0.01157000   0.01228000  -0.01228000   0.01238000  -0.01238000   0.04590000  -0.04590000   0.10040000  -0.10040000   0.02067000  -0.02067000   0.09104000  -0.09104000   0.04498000  -0.04498000 
 -4.92310000   0.02236000  -0.02236000   0.01125000  -0.01125000   0.01977000  -0.01977000   0.01169000  -0.01169000   0.04529000  -0.04529000   0.15700000  -0.15700000   0.01357000  -0.01357000   0.13910000  -0.13910000   0.04645000  -0.04645000 
 -4.80810000   0.01771000  -0.01771000   0.01082000  -0.01082000   0.02582000  -0.02582000   0.01090000  -0.01090000   0.05035000  -0.05035000   0.22060000  -0.22060000   0.01258000  -0.01258000   0.20120000  -0.20120000   0.05084000  -0.05084000 
 -4.69210000   0.01361000  -0.01361000   0.00900800  -0.00900800   0.02623000  -0.02623000   0.00890000  -0.00890000   0.04410000  -0.04410000   0.24850000  -0.24850000   0.01534000  -0.01534000   0.24340000  -0.24340000   0.04408000  -0.04408000 
 -4.57610000   0.00922800  -0.00922800   0.00786500  -0.00786500   0.02361000  -0.02361000   0.00779700  -0.00779700   0.03330000  -0.03330000   0.22230000  -0.22230000   0.01944000  -0.01944000   0.23300000  -0.23300000   0.03589000  -0.03589000 
 -4.46010000   0.00586200  -0.00586200   0.00682400  -0.00682400   0.01951000  -0.01951000   0.00685300  -0.00685300   0.03259000  -0.03259000   0.16260000  -0.16260000   0.01940000  -0.01940000   0.17580000  -0.17580000   0.03952000  -0.03952000 
 -4.34510000   0.00386900  -0.00386900   0.00523600  -0.00523600   0.01457000  -0.01457000   0.00526000  -0.00526000   0.03823000  -0.03823000   0.11020000  -0.11020000   0.01584000  -0.01584000   0.11750000  -0.11750000   0.04611000  -0.04611000 
 -4.22910000   0.00352000  -0.00352000   0.00547700  -0.00547700   0.01079000  -0.01079000   0.00545300  -0.00545300   0.04245000  -0.04245000   0.09387000  -0.09387000   0.01558000  -0.01558000   0.09487000  -0.09487000   0.04803000  -0.04803000 
 -4.11310000   0.00585000  -0.00585000   0.01071000  -0.01071000   0.00807900  -0.00807900   0.01064000  -0.01064000   0.05354000  -0.05354000   0.09655000  -0.09655000   0.02405000  -0.02405000   0.09880000  -0.09880000   0.05520000  -0.05520000 
 -3.99710000   0.00957400  -0.00957400   0.01898000  -0.01898000   0.00574100  -0.00574100   0.01887000  -0.01887000   0.07033000  -0.07033000   0.08348000  -0.08348000   0.04009000  -0.04009000   0.09371000  -0.09371000   0.06812000  -0.06812000 
 -3.88210000   0.01060000  -0.01060000   0.02277000  -0.02277000   0.00518800  -0.00518800   0.02275000  -0.02275000   0.08304000  -0.08304000   0.06410000  -0.06410000   0.05174000  -0.05174000   0.07456000  -0.07456000   0.07987000  -0.07987000 
 -3.76610000   0.00793400  -0.00793400   0.01931000  -0.01931000   0.00919100  -0.00919100   0.01946000  -0.01946000   0.08952000  -0.08952000   0.07700000  -0.07700000   0.04751000  -0.04751000   0.07797000  -0.07797000   0.08536000  -0.08536000 
 -3.65010000   0.00463600  -0.00463600   0.01440000  -0.01440000   0.01844000  -0.01844000   0.01447000  -0.01447000   0.09136000  -0.09136000   0.11950000  -0.11950000   0.03515000  -0.03515000   0.11580000  -0.11580000   0.08622000  -0.08622000 
 -3.53410000   0.00333300  -0.00333300   0.01354000  -0.01354000   0.02961000  -0.02961000   0.01324000  -0.01324000   0.09331000  -0.09331000   0.14090000  -0.14090000   0.03043000  -0.03043000   0.14210000  -0.14210000   0.08999000  -0.08999000 
 -3.41910000   0.00446800  -0.00446800   0.01644000  -0.01644000   0.03740000  -0.03740000   0.01579000  -0.01579000   0.09287000  -0.09287000   0.12300000  -0.12300000   0.03588000  -0.03588000   0.12620000  -0.12620000   0.09188000  -0.09188000 
 -3.30310000   0.00691100  -0.00691100   0.02067000  -0.02067000   0.03721000  -0.03721000   0.02004000  -0.02004000   0.08554000  -0.08554000   0.09724000  -0.09724000   0.04590000  -0.04590000   0.09595000  -0.09595000   0.08391000  -0.08391000 
 -3.18710000   0.00832300  -0.00832300   0.02253000  -0.02253000   0.03429000  -0.03429000   0.02202000  -0.02202000   0.06530000  -0.06530000   0.07978000  -0.07978000   0.04966000  -0.04966000   0.07648000  -0.07648000   0.06193000  -0.06193000 
 -3.07110000   0.00723100  -0.00723100   0.01989000  -0.01989000   0.03760000  -0.03760000   0.01916000  -0.01916000   0.03973000  -0.03973000   0.06560000  -0.06560000   0.04104000  -0.04104000   0.06447000  -0.06447000   0.03834000  -0.03834000 
 -2.95610000   0.00457800  -0.00457800   0.01429000  -0.01429000   0.04209000  -0.04209000   0.01344000  -0.01344000   0.02700000  -0.02700000   0.05104000  -0.05104000   0.02759000  -0.02759000   0.05250000  -0.05250000   0.02819000  -0.02819000 
 -2.84010000   0.00248900  -0.00248900   0.00933000  -0.00933000   0.04394000  -0.04394000   0.00865800  -0.00865800   0.02666000  -0.02666000   0.03770000  -0.03770000   0.02408000  -0.02408000   0.04086000  -0.04086000   0.02799000  -0.02799000 
 -2.72410000   0.00233900  -0.00233900   0.00835100  -0.00835100   0.04437000  -0.04437000   0.00763400  -0.00763400   0.03542000  -0.03542000   0.02669000  -0.02669000   0.04672000  -0.04672000   0.03043000  -0.03043000   0.03760000  -0.03760000 
 -2.60810000   0.00403300  -0.00403300   0.01124000  -0.01124000   0.03687000  -0.03687000   0.01077000  -0.01077000   0.06588000  -0.06588000   0.01633000  -0.01633000   0.11320000  -0.11320000   0.01937000  -0.01937000   0.06969000  -0.06969000 
 -2.49310000   0.00653000  -0.00653000   0.01487000  -0.01487000   0.02448000  -0.02448000   0.01543000  -0.01543000   0.12500000  -0.12500000   0.00828400  -0.00828400   0.22510000  -0.22510000   0.01012000  -0.01012000   0.12800000  -0.12800000 
 -2.37710000   0.00834800  -0.00834800   0.01690000  -0.01690000   0.01591000  -0.01591000   0.01826000  -0.01826000   0.18360000  -0.18360000   0.00418200  -0.00418200   0.32290000  -0.32290000   0.00512400  -0.00512400   0.18280000  -0.18280000 
 -2.26110000   0.00875400  -0.00875400   0.01689000  -0.01689000   0.00966600  -0.00966600   0.01834000  -0.01834000   0.20420000  -0.20420000   0.00228400  -0.00228400   0.33930000  -0.33930000   0.00271200  -0.00271200   0.19920000  -0.19920000 
 -2.14510000   0.00851800  -0.00851800   0.01548000  -0.01548000   0.00442000  -0.00442000   0.01680000  -0.01680000   0.19710000  -0.19710000   0.00128400  -0.00128400   0.30000000  -0.30000000   0.00142200  -0.00142200   0.19070000  -0.19070000 
 -2.02910000   0.00800600  -0.00800600   0.01254000  -0.01254000   0.00164000  -0.00164000   0.01358000  -0.01358000   0.17740000  -0.17740000   0.00082620  -0.00082620   0.25640000  -0.25640000   0.00084780  -0.00084780   0.17270000  -0.17270000 
 -1.91410000   0.00707200  -0.00707200   0.00815000  -0.00815000   0.00073430  -0.00073430   0.00884000  -0.00884000   0.14830000  -0.14830000   0.00056340  -0.00056340   0.21670000  -0.21670000   0.00056500  -0.00056500   0.14570000  -0.14570000 
 -1.79810000   0.00575700  -0.00575700   0.00428300  -0.00428300   0.00054060  -0.00054060   0.00474800  -0.00474800   0.12050000  -0.12050000   0.00036420  -0.00036420   0.16490000  -0.16490000   0.00036710  -0.00036710   0.11950000  -0.11950000 
 -1.68210000   0.00410700  -0.00410700   0.00192600  -0.00192600   0.00060920  -0.00060920   0.00221900  -0.00221900   0.08667000  -0.08667000   0.00027410  -0.00027410   0.10120000  -0.10120000   0.00027420  -0.00027420   0.08628000  -0.08628000 
 -1.56610000   0.00262500  -0.00262500   0.00073330  -0.00073330   0.00067440  -0.00067440   0.00087330  -0.00087330   0.04833000  -0.04833000   0.00021940  -0.00021940   0.05282000  -0.05282000   0.00021840  -0.00021840   0.04808000  -0.04808000 
 -1.45110000   0.00174600  -0.00174600   0.00023520  -0.00023520   0.00060530  -0.00060530   0.00028520  -0.00028520   0.02046000  -0.02046000   0.00013390  -0.00013390   0.03078000  -0.03078000   0.00013360  -0.00013360   0.02024000  -0.02024000 
 -1.33510000   0.00150400  -0.00150400   0.00006932  -0.00006932   0.00053040  -0.00053040   0.00008256  -0.00008256   0.00671200  -0.00671200   0.00005613  -0.00005613   0.02629000  -0.02629000   0.00005600  -0.00005600   0.00656200  -0.00656200 
 -1.21910000   0.00144800  -0.00144800   0.00002526  -0.00002526   0.00047930  -0.00047930   0.00002747  -0.00002747   0.00195800  -0.00195800   0.00001698  -0.00001698   0.02583000  -0.02583000   0.00001709  -0.00001709   0.00186300  -0.00186300 
 -1.10310000   0.00101800  -0.00101800   0.00001136  -0.00001136   0.00032460  -0.00032460   0.00001150  -0.00001150   0.00062770  -0.00062770   0.00000430  -0.00000430   0.01838000  -0.01838000   0.00000459  -0.00000459   0.00057400  -0.00057400 
 -0.98810000   0.00043840  -0.00043840   0.00000377  -0.00000377   0.00013570  -0.00013570   0.00000376  -0.00000376   0.00017890  -0.00017890   0.00000096  -0.00000096   0.00799400  -0.00799400   0.00000120  -0.00000120   0.00015900  -0.00015900 
 -0.87210000   0.00011310  -0.00011310   0.00000072  -0.00000072   0.00003387  -0.00003387   0.00000071  -0.00000071   0.00003237  -0.00003237   0.00000016  -0.00000016   0.00208500  -0.00208500   0.00000025  -0.00000025   0.00002837  -0.00002837 
 -0.75610000   0.00001748  -0.00001748   0.00000007  -0.00000007   0.00000507  -0.00000507   0.00000007  -0.00000007   0.00000325  -0.00000325   0.00000002  -0.00000002   0.00032550  -0.00032550   0.00000003  -0.00000003   0.00000284  -0.00000284 
 -0.64010000   0.00000159  -0.00000159   0.00000000  -0.00000000   0.00000045  -0.00000045   0.00000000  -0.00000000   0.00000018  -0.00000018   0.00000000  -0.00000000   0.00002981  -0.00002981   0.00000000  -0.00000000   0.00000016  -0.00000016 
 -0.52510000   0.00000012  -0.00000012   0.00000001  -0.00000001   0.00000002  -0.00000002   0.00000001  -0.00000001   0.00000022  -0.00000022   0.00000000  -0.00000000   0.00000214  -0.00000214   0.00000001  -0.00000001   0.00000024  -0.00000024 
 -0.40910000   0.00000114  -0.00000114   0.00000016  -0.00000016   0.00000000  -0.00000000   0.00000025  -0.00000025   0.00000627  -0.00000627   0.00000012  -0.00000012   0.00001796  -0.00001796   0.00000020  -0.00000020   0.00000729  -0.00000729 
 -0.29310000   0.00001838  -0.00001838   0.00000277  -0.00000277   0.00000005  -0.00000005   0.00000401  -0.00000401   0.00010210  -0.00010210   0.00000188  -0.00000188   0.00029450  -0.00029460   0.00000332  -0.00000332   0.00012520  -0.00012520 
 -0.17710000   0.00016320  -0.00016320   0.00002864  -0.00002864   0.00000043  -0.00000043   0.00003717  -0.00003717   0.00097620  -0.00097620   0.00001708  -0.00001708   0.00269900  -0.00269900   0.00003087  -0.00003087   0.00124600  -0.00124600 
 -0.06210000   0.00082710  -0.00082710   0.00018530  -0.00018530   0.00000220  -0.00000220   0.00021250  -0.00021250   0.00577800  -0.00577800   0.00009069  -0.00009069   0.01446000  -0.01446000   0.00016540  -0.00016550   0.00749400  -0.00749400 
  0.05390000   0.00258900  -0.00258900   0.00078540  -0.00078540   0.00000739  -0.00000739   0.00080240  -0.00080240   0.02254000  -0.02254000   0.00030150  -0.00030150   0.04999000  -0.04999000   0.00054750  -0.00054750   0.02876000  -0.02876000 
  0.16990000   0.00564700  -0.00564700   0.00223000  -0.00223000   0.00001826  -0.00001826   0.00211300  -0.00211300   0.06098000  -0.06098000   0.00072480  -0.00072480   0.12570000  -0.12570000   0.00127800  -0.00127800   0.07402000  -0.07402000 
  0.28590000   0.00923500  -0.00923500   0.00436800  -0.00436800   0.00003850  -0.00003850   0.00404000  -0.00404000   0.12130000  -0.12130000   0.00168300  -0.00168300   0.24030000  -0.24030000   0.00261100  -0.00261100   0.13650000  -0.13650000 
  0.40090000   0.01128000  -0.01128000   0.00642600  -0.00642600   0.00008594  -0.00008594   0.00601600  -0.00601600   0.20200000  -0.20200000   0.00467400  -0.00467400   0.34380000  -0.34380000   0.00572400  -0.00572400   0.20980000  -0.20980000 
  0.51690000   0.01097000  -0.01097000   0.00800600  -0.00800600   0.00021150  -0.00021150   0.00771200  -0.00771200   0.31510000  -0.31510000   0.01278000  -0.01278000   0.37960000  -0.37960000   0.01323000  -0.01323000   0.31030000  -0.31030000 
  0.63290000   0.01032000  -0.01032000   0.00891100  -0.00891100   0.00046510  -0.00046510   0.00897900  -0.00897900   0.43070000  -0.43070000   0.02879000  -0.02879000   0.35410000  -0.35410000   0.02843000  -0.02843000   0.40960000  -0.40960000 
  0.74890000   0.01118000  -0.01118000   0.00870600  -0.00870600   0.00082000  -0.00082000   0.00932200  -0.00932200   0.46670000  -0.46670000   0.05478000  -0.05478000   0.33130000  -0.33130000   0.05439000  -0.05439000   0.43230000  -0.43230000 
  0.86390000   0.01377000  -0.01377000   0.00776400  -0.00776400   0.00121400  -0.00121400   0.00854800  -0.00854800   0.41620000  -0.41620000   0.09279000  -0.09279000   0.35760000  -0.35760000   0.09107000  -0.09107000   0.38920000  -0.38920000 
  0.97990000   0.01615000  -0.01615000   0.00762700  -0.00762700   0.00162700  -0.00162700   0.00785400  -0.00785400   0.35360000  -0.35360000   0.13400000  -0.13400000   0.39160000  -0.39160000   0.12720000  -0.12720000   0.35060000  -0.35060000 
  1.09590000   0.01623000  -0.01623000   0.00865500  -0.00865500   0.00225800  -0.00225800   0.00824100  -0.00824100   0.31470000  -0.31470000   0.16730000  -0.16730000   0.36480000  -0.36480000   0.15520000  -0.15520000   0.32860000  -0.32860000 
  1.21190000   0.01370000  -0.01370000   0.00904300  -0.00904300   0.00347500  -0.00347500   0.00860600  -0.00860600   0.27250000  -0.27250000   0.20460000  -0.20460000   0.26920000  -0.26920000   0.19310000  -0.19310000   0.28960000  -0.28960000 
  1.32690000   0.00925400  -0.00925400   0.00779600  -0.00779600   0.00447100  -0.00447100   0.00769900  -0.00769900   0.20700000  -0.20700000   0.22810000  -0.22810000   0.15520000  -0.15520000   0.22550000  -0.22550000   0.21900000  -0.21900000 
  1.44290000   0.00514900  -0.00514900   0.00603400  -0.00603400   0.00420200  -0.00420200   0.00602000  -0.00602000   0.14370000  -0.14370000   0.20200000  -0.20200000   0.07356000  -0.07356000   0.21000000  -0.21000000   0.14920000  -0.14920000 
  1.55890000   0.00317400  -0.00317400   0.00493500  -0.00493500   0.00413300  -0.00413300   0.00480600  -0.00480600   0.10790000  -0.10790000   0.18480000  -0.18480000   0.03260000  -0.03260000   0.19330000  -0.19330000   0.11070000  -0.11070000 
  1.67490000   0.00247800  -0.00247800   0.00424200  -0.00424200   0.00519300  -0.00519300   0.00416300  -0.00416300   0.08895000  -0.08895000   0.21790000  -0.21790000   0.01678000  -0.01678000   0.22230000  -0.22230000   0.09017000  -0.09017000 
  1.78990000   0.00166500  -0.00166500   0.00324400  -0.00324400   0.00531300  -0.00531300   0.00326300  -0.00326300   0.06608000  -0.06608000   0.22290000  -0.22290000   0.00989400  -0.00989400   0.22850000  -0.22850000   0.06624000  -0.06624000 
  1.90590000   0.00083790  -0.00083790   0.00215300  -0.00215300   0.00396900  -0.00396900   0.00214700  -0.00214700   0.04204000  -0.04204000   0.17980000  -0.17980000   0.00508600  -0.00508600   0.18580000  -0.18580000   0.04214000  -0.04214000 
  2.02190000   0.00044390  -0.00044380   0.00126800  -0.00126800   0.00334800  -0.00334800   0.00123700  -0.00123700   0.02239000  -0.02239000   0.17090000  -0.17090000   0.00287500  -0.00287500   0.17330000  -0.17330000   0.02246000  -0.02246000 
  2.13790000   0.00033640  -0.00033500   0.00068820  -0.00068820   0.00361300  -0.00361300   0.00066760  -0.00066730   0.00900500  -0.00900400   0.19450000  -0.19450000   0.00269000  -0.00268800   0.19470000  -0.19480000   0.00899700  -0.00899700 
  2.25390000   0.00028650  -0.00027440   0.00039480  -0.00039480   0.00316100  -0.00316100   0.00039630  -0.00039380   0.00289000  -0.00288600   0.19390000  -0.19390000   0.00246400  -0.00244800   0.19300000  -0.19320000   0.00288900  -0.00288600 
  2.36890000   0.00033390  -0.00027380   0.00028030  -0.00028050   0.00228400  -0.00228200   0.00033510  -0.00032240   0.00110700  -0.00108400   0.20030000  -0.20000000   0.00181300  -0.00173600   0.19670000  -0.19800000   0.00112400  -0.00110400 
  2.48490000   0.00052150  -0.00035800   0.00028090  -0.00028320   0.00187800  -0.00187800   0.00039760  -0.00036340   0.00080340  -0.00073400   0.22540000  -0.22360000   0.00148900  -0.00129300   0.22080000  -0.22560000   0.00085620  -0.00080020 
  2.60090000   0.00064190  -0.00039770   0.00027270  -0.00028180   0.00150600  -0.00151900   0.00039020  -0.00034330   0.00070450  -0.00059720   0.20540000  -0.20080000   0.00135500  -0.00110800   0.20030000  -0.21130000   0.00079980  -0.00071780 
  2.71690000   0.00049850  -0.00029800   0.00018030  -0.00019590   0.00087780  -0.00091080   0.00024240  -0.00021210   0.00043880  -0.00035370   0.13100000  -0.12490000   0.00093950  -0.00079970   0.12520000  -0.13930000   0.00052580  -0.00046370 
  2.83190000   0.00023180  -0.00014110   0.00007394  -0.00008690   0.00034890  -0.00038450   0.00009124  -0.00008441   0.00016870  -0.00013480   0.05632000  -0.05224000   0.00041780  -0.00039800   0.05213000  -0.06218000   0.00021220  -0.00018860 
  2.94790000   0.00006323  -0.00004054   0.00001836  -0.00002384   0.00009304  -0.00011180   0.00002085  -0.00002194   0.00003909  -0.00003264   0.01563000  -0.01422000   0.00011330  -0.00012390   0.01403000  -0.01795000   0.00005155  -0.00004735 
  3.06390000   0.00000993  -0.00000679   0.00000270  -0.00000390   0.00001564  -0.00002064   0.00000288  -0.00000360   0.00000539  -0.00000491   0.00263100  -0.00238700   0.00001817  -0.00002259   0.00231000  -0.00314100   0.00000746  -0.00000719 
  3.17990000   0.00000088  -0.00000064   0.00000023  -0.00000037   0.00000153  -0.00000222   0.00000023  -0.00000035   0.00000043  -0.00000044   0.00025370  -0.00023350   0.00000167  -0.00000230   0.00022040  -0.00031510   0.00000063  -0.00000064 
  3.29490000   0.00000004  -0.00000003   0.00000001  -0.00000002   0.00000008  -0.00000013   0.00000001  -0.00000002   0.00000002  -0.00000002   0.00001348  -0.00001276   0.00000009  -0.00000013   0.00001167  -0.00001743   0.00000003  -0.00000003 
  3.41090000   0.00000000  -0.00000000   0.00000000  -0.00000000   0.00000000  -0.00000000   0.00000000  -0.00000000   0.00000000  -0.00000000   0.00000038  -0.00000038   0.00000000  -0.00000000   0.00000033  -0.00000052   0.00000000  -0.00000000 
  3.52690000   0.00000000  -0.00000000   0.00000000  -0.00000000   0.00000000  -0.00000000   0.00000000  -0.00000000   0.00000000  -0.00000000   0.00000001  -0.00000001   0.00000000  -0.00000000   0.00000001  -0.00000001   0.00000000  -0.00000000 
  3.64290000   0.00000000  -0.00000000   0.00000000  -0.00000000   0.00000000  -0.00000000   0.00000000  -0.00000000   0.00000000  -0.00000000   0.00000000  -0.00000000   0.00000000  -0.00000000   0.00000000  -0.00000000   0.00000000  -0.00000000 
  3.75790000   0.00000000  -0.00000000   0.00000000  -0.00000000   0.00000000  -0.00000000   0.00000000  -0.00000000   0.00000000  -0.00000000   0.00000000  -0.00000000   0.00000000  -0.00000000   0.00000000  -0.00000000   0.00000000  -0.00000000 
  3.87390000   0.00000000  -0.00000000   0.00000000  -0.00000000   0.00000000  -0.00000000   0.00000000  -0.00000000   0.00000000  -0.00000000   0.00000000  -0.00000000   0.00000000  -0.00000000   0.00000000  -0.00000000   0.00000000  -0.00000000 
  3.98990000   0.00000000  -0.00000000   0.00000000  -0.00000000   0.00000000  -0.00000000   0.00000000  -0.00000000   0.00000000  -0.00000000   0.00000000  -0.00000000   0.00000000  -0.00000000   0.00000000  -0.00000000   0.00000000  -0.00000000 
  4.10590000   0.00000000  -0.00000000   0.00000000  -0.00000000   0.00000000  -0.00000000   0.00000000  -0.00000000   0.00000000  -0.00000000   0.00000000  -0.00000000   0.00000000  -0.00000000   0.00000000  -0.00000000   0.00000000  -0.00000000 
  4.22090000   0.00000000  -0.00000000   0.00000000  -0.00000000   0.00000000  -0.00000000   0.00000000  -0.00000000   0.00000000  -0.00000000   0.00000000  -0.00000000   0.00000000  -0.00000000   0.00000000  -0.00000000   0.00000000  -0.00000000 
  4.33690000   0.00000000  -0.00000000   0.00000000  -0.00000000   0.00000000  -0.00000000   0.00000000  -0.00000000   0.00000000  -0.00000000   0.00000000  -0.00000000   0.00000000  -0.00000000   0.00000000  -0.00000000   0.00000000  -0.00000000 
  4.45290000   0.00000000  -0.00000000   0.00000000  -0.00000000   0.00000000  -0.00000000   0.00000000  -0.00000000   0.00000000  -0.00000000   0.00000000  -0.00000000   0.00000000  -0.00000000   0.00000000  -0.00000000   0.00000000  -0.00000000 
  4.56890000   0.00000000  -0.00000000   0.00000000  -0.00000000   0.00000000  -0.00000000   0.00000000  -0.00000000   0.00000000  -0.00000000   0.00000000  -0.00000000   0.00000000  -0.00000000   0.00000000  -0.00000000   0.00000000  -0.00000000 
  4.68390000   0.00000000  -0.00000000   0.00000000  -0.00000000   0.00000000  -0.00000000   0.00000000  -0.00000000   0.00000000  -0.00000000   0.00000000  -0.00000000   0.00000000  -0.00000000   0.00000000  -0.00000000   0.00000000  -0.00000000 
