-30.04310000   0.00000000  -0.00000000   0.00000000  -0.00000000   0.00000000  -0.00000000   0.00000000  -0.00000000   0.00000000  -0.00000000   0.00000000  -0.00000000   0.00000000  -0.00000000   0.00000000  -0.00000000   0.00000000  -0.00000000 
-29.92710000   0.00000000  -0.00000000   0.00000000  -0.00000000   0.00000000  -0.00000000   0.00000000  -0.00000000   0.00000000  -0.00000000   0.00000000  -0.00000000   0.00000000  -0.00000000   0.00000000  -0.00000000   0.00000000  -0.00000000 
-29.81110000   0.00000000  -0.00000000   0.00000000  -0.00000000   0.00000000  -0.00000000   0.00000000  -0.00000000   0.00000000  -0.00000000   0.00000000  -0.00000000   0.00000000  -0.00000000   0.00000000  -0.00000000   0.00000000  -0.00000000 
-29.69510000   0.00000000  -0.00000000   0.00000000  -0.00000000   0.00000000  -0.00000000   0.00000000  -0.00000000   0.00000000  -0.00000000   0.00000000  -0.00000000   0.00000000  -0.00000000   0.00000000  -0.00000000   0.00000000  -0.00000000 
-29.58010000   0.00000000  -0.00000000   0.00000000  -0.00000000   0.00000000  -0.00000000   0.00000000  -0.00000000   0.00000000  -0.00000000   0.00000000  -0.00000000   0.00000000  -0.00000000   0.00000000  -0.00000000   0.00000000  -0.00000000 
-29.46410000   0.00000000  -0.00000000   0.00000000  -0.00000000   0.00000000  -0.00000000   0.00000000  -0.00000000   0.00000000  -0.00000000   0.00000000  -0.00000000   0.00000000  -0.00000000   0.00000000  -0.00000000   0.00000000  -0.00000000 
-29.34810000   0.00000000  -0.00000000   0.00000000  -0.00000000   0.00000000  -0.00000000   0.00000000  -0.00000000   0.00000000  -0.00000000   0.00000000  -0.00000000   0.00000000  -0.00000000   0.00000000  -0.00000000   0.00000000  -0.00000000 
-29.23210000   0.00000000  -0.00000000   0.00000000  -0.00000000   0.00000000  -0.00000000   0.00000000  -0.00000000   0.00000000  -0.00000000   0.00000000  -0.00000000   0.00000000  -0.00000000   0.00000000  -0.00000000   0.00000000  -0.00000000 
-29.11710000   0.00000000  -0.00000000   0.00000000  -0.00000000   0.00000000  -0.00000000   0.00000000  -0.00000000   0.00000000  -0.00000000   0.00000000  -0.00000000   0.00000000  -0.00000000   0.00000000  -0.00000000   0.00000000  -0.00000000 
-29.00110000   0.00000000  -0.00000000   0.00000000  -0.00000000   0.00000000  -0.00000000   0.00000000  -0.00000000   0.00000000  -0.00000000   0.00000000  -0.00000000   0.00000000  -0.00000000   0.00000000  -0.00000000   0.00000000  -0.00000000 
-28.88510000   0.00000000  -0.00000000   0.00000000  -0.00000000   0.00000000  -0.00000000   0.00000000  -0.00000000   0.00000000  -0.00000000   0.00000000  -0.00000000   0.00000000  -0.00000000   0.00000000  -0.00000000   0.00000000  -0.00000000 
-28.76910000   0.00000000  -0.00000000   0.00000000  -0.00000000   0.00000000  -0.00000000   0.00000000  -0.00000000   0.00000000  -0.00000000   0.00000000  -0.00000000   0.00000000  -0.00000000   0.00000000  -0.00000000   0.00000000  -0.00000000 
-28.65410000   0.00000000  -0.00000000   0.00000000  -0.00000000   0.00000000  -0.00000000   0.00000000  -0.00000000   0.00000000  -0.00000000   0.00000000  -0.00000000   0.00000000  -0.00000000   0.00000000  -0.00000000   0.00000000  -0.00000000 
-28.53810000   0.00000000  -0.00000000   0.00000000  -0.00000000   0.00000000  -0.00000000   0.00000000  -0.00000000   0.00000000  -0.00000000   0.00000000  -0.00000000   0.00000000  -0.00000000   0.00000000  -0.00000000   0.00000000  -0.00000000 
-28.42210000   0.00000000  -0.00000000   0.00000000  -0.00000000   0.00000000  -0.00000000   0.00000000  -0.00000000   0.00000000  -0.00000000   0.00000000  -0.00000000   0.00000000  -0.00000000   0.00000000  -0.00000000   0.00000000  -0.00000000 
-28.30610000   0.00000000  -0.00000000   0.00000000  -0.00000000   0.00000000  -0.00000000   0.00000000  -0.00000000   0.00000000  -0.00000000   0.00000000  -0.00000000   0.00000000  -0.00000000   0.00000000  -0.00000000   0.00000000  -0.00000000 
-28.19110000   0.00000000  -0.00000000   0.00000000  -0.00000000   0.00000000  -0.00000000   0.00000000  -0.00000000   0.00000000  -0.00000000   0.00000000  -0.00000000   0.00000000  -0.00000000   0.00000000  -0.00000000   0.00000000  -0.00000000 
-28.07510000   0.00000000  -0.00000000   0.00000000  -0.00000000   0.00000000  -0.00000000   0.00000000  -0.00000000   0.00000000  -0.00000000   0.00000000  -0.00000000   0.00000000  -0.00000000   0.00000000  -0.00000000   0.00000000  -0.00000000 
-27.95910000   0.00000000  -0.00000000   0.00000000  -0.00000000   0.00000000  -0.00000000   0.00000000  -0.00000000   0.00000000  -0.00000000   0.00000000  -0.00000000   0.00000000  -0.00000000   0.00000000  -0.00000000   0.00000000  -0.00000000 
-27.84310000   0.00000000  -0.00000000   0.00000000  -0.00000000   0.00000000  -0.00000000   0.00000000  -0.00000000   0.00000000  -0.00000000   0.00000000  -0.00000000   0.00000000  -0.00000000   0.00000000  -0.00000000   0.00000000  -0.00000000 
-27.72710000   0.00000000  -0.00000000   0.00000000  -0.00000000   0.00000000  -0.00000000   0.00000000  -0.00000000   0.00000000  -0.00000000   0.00000000  -0.00000000   0.00000000  -0.00000000   0.00000000  -0.00000000   0.00000000  -0.00000000 
-27.61210000   0.00000000  -0.00000000   0.00000000  -0.00000000   0.00000000  -0.00000000   0.00000000  -0.00000000   0.00000000  -0.00000000   0.00000000  -0.00000000   0.00000000  -0.00000000   0.00000000  -0.00000000   0.00000000  -0.00000000 
-27.49610000   0.00000000  -0.00000000   0.00000000  -0.00000000   0.00000000  -0.00000000   0.00000000  -0.00000000   0.00000000  -0.00000000   0.00000000  -0.00000000   0.00000000  -0.00000000   0.00000000  -0.00000000   0.00000000  -0.00000000 
-27.38010000   0.00000000  -0.00000000   0.00000000  -0.00000000   0.00000000  -0.00000000   0.00000000  -0.00000000   0.00000000  -0.00000000   0.00000000  -0.00000000   0.00000000  -0.00000000   0.00000000  -0.00000000   0.00000000  -0.00000000 
-27.26410000   0.00000000  -0.00000000   0.00000000  -0.00000000   0.00000000  -0.00000000   0.00000000  -0.00000000   0.00000000  -0.00000000   0.00000000  -0.00000000   0.00000000  -0.00000000   0.00000000  -0.00000000   0.00000000  -0.00000000 
-27.14910000   0.00000000  -0.00000000   0.00000000  -0.00000000   0.00000000  -0.00000000   0.00000000  -0.00000000   0.00000000  -0.00000000   0.00000000  -0.00000000   0.00000000  -0.00000000   0.00000000  -0.00000000   0.00000000  -0.00000000 
-27.03310000   0.00000000  -0.00000000   0.00000000  -0.00000000   0.00000000  -0.00000000   0.00000000  -0.00000000   0.00000000  -0.00000000   0.00000000  -0.00000000   0.00000000  -0.00000000   0.00000000  -0.00000000   0.00000000  -0.00000000 
-26.91710000   0.00000000  -0.00000000   0.00000000  -0.00000000   0.00000000  -0.00000000   0.00000000  -0.00000000   0.00000000  -0.00000000   0.00000000  -0.00000000   0.00000000  -0.00000000   0.00000000  -0.00000000   0.00000000  -0.00000000 
-26.80110000   0.00000000  -0.00000000   0.00000000  -0.00000000   0.00000000  -0.00000000   0.00000000  -0.00000000   0.00000000  -0.00000000   0.00000000  -0.00000000   0.00000000  -0.00000000   0.00000000  -0.00000000   0.00000000  -0.00000000 
-26.68610000   0.00000000  -0.00000000   0.00000000  -0.00000000   0.00000000  -0.00000000   0.00000000  -0.00000000   0.00000000  -0.00000000   0.00000000  -0.00000000   0.00000000  -0.00000000   0.00000000  -0.00000000   0.00000000  -0.00000000 
-26.57010000   0.00000000  -0.00000000   0.00000000  -0.00000000   0.00000000  -0.00000000   0.00000000  -0.00000000   0.00000000  -0.00000000   0.00000000  -0.00000000   0.00000000  -0.00000000   0.00000000  -0.00000000   0.00000000  -0.00000000 
-26.45410000   0.00000000  -0.00000000   0.00000000  -0.00000000   0.00000000  -0.00000000   0.00000000  -0.00000000   0.00000000  -0.00000000   0.00000000  -0.00000000   0.00000000  -0.00000000   0.00000000  -0.00000000   0.00000000  -0.00000000 
-26.33810000   0.00000000  -0.00000000   0.00000000  -0.00000000   0.00000000  -0.00000000   0.00000000  -0.00000000   0.00000000  -0.00000000   0.00000000  -0.00000000   0.00000000  -0.00000000   0.00000000  -0.00000000   0.00000000  -0.00000000 
-26.22310000   0.00000000  -0.00000000   0.00000000  -0.00000000   0.00000000  -0.00000000   0.00000000  -0.00000000   0.00000000  -0.00000000   0.00000000  -0.00000000   0.00000000  -0.00000000   0.00000000  -0.00000000   0.00000000  -0.00000000 
-26.10710000   0.00000000  -0.00000000   0.00000000  -0.00000000   0.00000000  -0.00000000   0.00000000  -0.00000000   0.00000000  -0.00000000   0.00000000  -0.00000000   0.00000000  -0.00000000   0.00000000  -0.00000000   0.00000000  -0.00000000 
-25.99110000   0.00000000  -0.00000000   0.00000000  -0.00000000   0.00000000  -0.00000000   0.00000000  -0.00000000   0.00000000  -0.00000000   0.00000000  -0.00000000   0.00000000  -0.00000000   0.00000000  -0.00000000   0.00000000  -0.00000000 
-25.87510000   0.00000000  -0.00000000   0.00000000  -0.00000000   0.00000000  -0.00000000   0.00000000  -0.00000000   0.00000000  -0.00000000   0.00000000  -0.00000000   0.00000000  -0.00000000   0.00000000  -0.00000000   0.00000000  -0.00000000 
-25.76010000   0.00000000  -0.00000000   0.00000000  -0.00000000   0.00000000  -0.00000000   0.00000000  -0.00000000   0.00000000  -0.00000000   0.00000000  -0.00000000   0.00000000  -0.00000000   0.00000000  -0.00000000   0.00000000  -0.00000000 
-25.64410000   0.00000000  -0.00000000   0.00000000  -0.00000000   0.00000000  -0.00000000   0.00000000  -0.00000000   0.00000000  -0.00000000   0.00000000  -0.00000000   0.00000000  -0.00000000   0.00000000  -0.00000000   0.00000000  -0.00000000 
-25.52810000   0.00000000  -0.00000000   0.00000000  -0.00000000   0.00000000  -0.00000000   0.00000000  -0.00000000   0.00000000  -0.00000000   0.00000000  -0.00000000   0.00000000  -0.00000000   0.00000000  -0.00000000   0.00000000  -0.00000000 
-25.41210000   0.00000000  -0.00000000   0.00000000  -0.00000000   0.00000000  -0.00000000   0.00000000  -0.00000000   0.00000000  -0.00000000   0.00000000  -0.00000000   0.00000000  -0.00000000   0.00000000  -0.00000000   0.00000000  -0.00000000 
-25.29710000   0.00000000  -0.00000000   0.00000000  -0.00000000   0.00000000  -0.00000000   0.00000000  -0.00000000   0.00000000  -0.00000000   0.00000000  -0.00000000   0.00000000  -0.00000000   0.00000000  -0.00000000   0.00000000  -0.00000000 
-25.18110000   0.00000000  -0.00000000   0.00000000  -0.00000000   0.00000000  -0.00000000   0.00000000  -0.00000000   0.00000000  -0.00000000   0.00000000  -0.00000000   0.00000000  -0.00000000   0.00000000  -0.00000000   0.00000000  -0.00000000 
-25.06510000   0.00000000  -0.00000000   0.00000000  -0.00000000   0.00000000  -0.00000000   0.00000000  -0.00000000   0.00000000  -0.00000000   0.00000000  -0.00000000   0.00000000  -0.00000000   0.00000000  -0.00000000   0.00000000  -0.00000000 
-24.94910000   0.00000000  -0.00000000   0.00000000  -0.00000000   0.00000000  -0.00000000   0.00000000  -0.00000000   0.00000000  -0.00000000   0.00000000  -0.00000000   0.00000000  -0.00000000   0.00000000  -0.00000000   0.00000000  -0.00000000 
-24.83410000   0.00000000  -0.00000000   0.00000000  -0.00000000   0.00000000  -0.00000000   0.00000000  -0.00000000   0.00000000  -0.00000000   0.00000000  -0.00000000   0.00000000  -0.00000000   0.00000000  -0.00000000   0.00000000  -0.00000000 
-24.71810000   0.00000000  -0.00000000   0.00000000  -0.00000000   0.00000000  -0.00000000   0.00000000  -0.00000000   0.00000000  -0.00000000   0.00000000  -0.00000000   0.00000000  -0.00000000   0.00000000  -0.00000000   0.00000000  -0.00000000 
-24.60210000   0.00000000  -0.00000000   0.00000000  -0.00000000   0.00000000  -0.00000000   0.00000000  -0.00000000   0.00000000  -0.00000000   0.00000000  -0.00000000   0.00000000  -0.00000000   0.00000000  -0.00000000   0.00000000  -0.00000000 
-24.48610000   0.00000000  -0.00000000   0.00000000  -0.00000000   0.00000000  -0.00000000   0.00000000  -0.00000000   0.00000000  -0.00000000   0.00000000  -0.00000000   0.00000000  -0.00000000   0.00000000  -0.00000000   0.00000000  -0.00000000 
-24.37110000   0.00000000  -0.00000000   0.00000000  -0.00000000   0.00000000  -0.00000000   0.00000000  -0.00000000   0.00000000  -0.00000000   0.00000000  -0.00000000   0.00000000  -0.00000000   0.00000000  -0.00000000   0.00000000  -0.00000000 
-24.25510000   0.00000000  -0.00000000   0.00000000  -0.00000000   0.00000000  -0.00000000   0.00000000  -0.00000000   0.00000000  -0.00000000   0.00000000  -0.00000000   0.00000000  -0.00000000   0.00000000  -0.00000000   0.00000000  -0.00000000 
-24.13910000   0.00000000  -0.00000000   0.00000000  -0.00000000   0.00000000  -0.00000000   0.00000000  -0.00000000   0.00000000  -0.00000000   0.00000000  -0.00000000   0.00000000  -0.00000000   0.00000000  -0.00000000   0.00000000  -0.00000000 
-24.02310000   0.00000000  -0.00000000   0.00000000  -0.00000000   0.00000000  -0.00000000   0.00000000  -0.00000000   0.00000000  -0.00000000   0.00000000  -0.00000000   0.00000000  -0.00000000   0.00000000  -0.00000000   0.00000000  -0.00000000 
-23.90810000   0.00000000  -0.00000000   0.00000000  -0.00000000   0.00000000  -0.00000000   0.00000000  -0.00000000   0.00000000  -0.00000000   0.00000000  -0.00000000   0.00000000  -0.00000000   0.00000000  -0.00000000   0.00000000  -0.00000000 
-23.79210000   0.00000000  -0.00000000   0.00000000  -0.00000000   0.00000000  -0.00000000   0.00000000  -0.00000000   0.00000000  -0.00000000   0.00000000  -0.00000000   0.00000000  -0.00000000   0.00000000  -0.00000000   0.00000000  -0.00000000 
-23.67610000   0.00000000  -0.00000000   0.00000000  -0.00000000   0.00000000  -0.00000000   0.00000000  -0.00000000   0.00000000  -0.00000000   0.00000000  -0.00000000   0.00000000  -0.00000000   0.00000000  -0.00000000   0.00000000  -0.00000000 
-23.56010000   0.00000000  -0.00000000   0.00000000  -0.00000000   0.00000000  -0.00000000   0.00000000  -0.00000000   0.00000000  -0.00000000   0.00000000  -0.00000000   0.00000000  -0.00000000   0.00000000  -0.00000000   0.00000000  -0.00000000 
-23.44410000   0.00000000  -0.00000000   0.00000000  -0.00000000   0.00000000  -0.00000000   0.00000000  -0.00000000   0.00000000  -0.00000000   0.00000000  -0.00000000   0.00000000  -0.00000000   0.00000000  -0.00000000   0.00000000  -0.00000000 
-23.32910000   0.00000000  -0.00000000   0.00000000  -0.00000000   0.00000000  -0.00000000   0.00000000  -0.00000000   0.00000000  -0.00000000   0.00000000  -0.00000000   0.00000000  -0.00000000   0.00000000  -0.00000000   0.00000000  -0.00000000 
-23.21310000   0.00000000  -0.00000000   0.00000000  -0.00000000   0.00000000  -0.00000000   0.00000000  -0.00000000   0.00000000  -0.00000000   0.00000000  -0.00000000   0.00000000  -0.00000000   0.00000000  -0.00000000   0.00000000  -0.00000000 
-23.09710000   0.00000000  -0.00000000   0.00000000  -0.00000000   0.00000000  -0.00000000   0.00000000  -0.00000000   0.00000000  -0.00000000   0.00000000  -0.00000000   0.00000000  -0.00000000   0.00000000  -0.00000000   0.00000000  -0.00000000 
-22.98110000   0.00000000  -0.00000000   0.00000000  -0.00000000   0.00000000  -0.00000000   0.00000000  -0.00000000   0.00000000  -0.00000000   0.00000000  -0.00000000   0.00000000  -0.00000000   0.00000000  -0.00000000   0.00000000  -0.00000000 
-22.86610000   0.00000000  -0.00000000   0.00000000  -0.00000000   0.00000000  -0.00000000   0.00000000  -0.00000000   0.00000000  -0.00000000   0.00000000  -0.00000000   0.00000000  -0.00000000   0.00000000  -0.00000000   0.00000000  -0.00000000 
-22.75010000   0.00000000  -0.00000000   0.00000000  -0.00000000   0.00000000  -0.00000000   0.00000000  -0.00000000   0.00000000  -0.00000000   0.00000000  -0.00000000   0.00000000  -0.00000000   0.00000000  -0.00000000   0.00000000  -0.00000000 
-22.63410000   0.00000000  -0.00000000   0.00000000  -0.00000000   0.00000000  -0.00000000   0.00000000  -0.00000000   0.00000000  -0.00000000   0.00000000  -0.00000000   0.00000000  -0.00000000   0.00000000  -0.00000000   0.00000000  -0.00000000 
-22.51810000   0.00000000  -0.00000000   0.00000000  -0.00000000   0.00000000  -0.00000000   0.00000000  -0.00000000   0.00000000  -0.00000000   0.00000000  -0.00000000   0.00000000  -0.00000000   0.00000000  -0.00000000   0.00000000  -0.00000000 
-22.40310000   0.00000000  -0.00000000   0.00000000  -0.00000000   0.00000000  -0.00000000   0.00000000  -0.00000000   0.00000000  -0.00000000   0.00000000  -0.00000000   0.00000000  -0.00000000   0.00000000  -0.00000000   0.00000000  -0.00000000 
-22.28710000   0.00000000  -0.00000000   0.00000000  -0.00000000   0.00000000  -0.00000000   0.00000000  -0.00000000   0.00000000  -0.00000000   0.00000000  -0.00000000   0.00000000  -0.00000000   0.00000000  -0.00000000   0.00000000  -0.00000000 
-22.17110000   0.00000000  -0.00000000   0.00000000  -0.00000000   0.00000000  -0.00000000   0.00000000  -0.00000000   0.00000000  -0.00000000   0.00000000  -0.00000000   0.00000000  -0.00000000   0.00000000  -0.00000000   0.00000000  -0.00000000 
-22.05510000   0.00000000  -0.00000000   0.00000000  -0.00000000   0.00000000  -0.00000000   0.00000000  -0.00000000   0.00000000  -0.00000000   0.00000000  -0.00000000   0.00000000  -0.00000000   0.00000000  -0.00000000   0.00000000  -0.00000000 
-21.94010000   0.00000000  -0.00000000   0.00000000  -0.00000000   0.00000000  -0.00000000   0.00000000  -0.00000000   0.00000000  -0.00000000   0.00000000  -0.00000000   0.00000000  -0.00000000   0.00000000  -0.00000000   0.00000000  -0.00000000 
-21.82410000   0.00000000  -0.00000000   0.00000000  -0.00000000   0.00000000  -0.00000000   0.00000000  -0.00000000   0.00000000  -0.00000000   0.00000000  -0.00000000   0.00000000  -0.00000000   0.00000000  -0.00000000   0.00000000  -0.00000000 
-21.70810000   0.00000000  -0.00000000   0.00000000  -0.00000000   0.00000000  -0.00000000   0.00000000  -0.00000000   0.00000000  -0.00000000   0.00000000  -0.00000000   0.00000000  -0.00000000   0.00000000  -0.00000000   0.00000000  -0.00000000 
-21.59210000   0.00000000  -0.00000000   0.00000000  -0.00000000   0.00000000  -0.00000000   0.00000000  -0.00000000   0.00000000  -0.00000000   0.00000000  -0.00000000   0.00000000  -0.00000000   0.00000000  -0.00000000   0.00000000  -0.00000000 
-21.47710000   0.00000000  -0.00000000   0.00000000  -0.00000000   0.00000000  -0.00000000   0.00000000  -0.00000000   0.00000000  -0.00000000   0.00000000  -0.00000000   0.00000000  -0.00000000   0.00000000  -0.00000000   0.00000000  -0.00000000 
-21.36110000   0.00000000  -0.00000000   0.00000000  -0.00000000   0.00000000  -0.00000000   0.00000000  -0.00000000   0.00000000  -0.00000000   0.00000000  -0.00000000   0.00000000  -0.00000000   0.00000000  -0.00000000   0.00000000  -0.00000000 
-21.24510000   0.00000000  -0.00000000   0.00000000  -0.00000000   0.00000000  -0.00000000   0.00000000  -0.00000000   0.00000000  -0.00000000   0.00000000  -0.00000000   0.00000000  -0.00000000   0.00000000  -0.00000000   0.00000000  -0.00000000 
-21.12910000   0.00000000  -0.00000000   0.00000000  -0.00000000   0.00000000  -0.00000000   0.00000000  -0.00000000   0.00000000  -0.00000000   0.00000000  -0.00000000   0.00000000  -0.00000000   0.00000000  -0.00000000   0.00000000  -0.00000000 
-21.01410000   0.00000000  -0.00000000   0.00000000  -0.00000000   0.00000000  -0.00000000   0.00000000  -0.00000000   0.00000000  -0.00000000   0.00000000  -0.00000000   0.00000000  -0.00000000   0.00000000  -0.00000000   0.00000000  -0.00000000 
-20.89810000   0.00000000  -0.00000000   0.00000000  -0.00000000   0.00000000  -0.00000000   0.00000000  -0.00000000   0.00000000  -0.00000000   0.00000000  -0.00000000   0.00000000  -0.00000000   0.00000000  -0.00000000   0.00000000  -0.00000000 
-20.78210000   0.00000000  -0.00000000   0.00000000  -0.00000000   0.00000000  -0.00000000   0.00000000  -0.00000000   0.00000000  -0.00000000   0.00000000  -0.00000000   0.00000000  -0.00000000   0.00000000  -0.00000000   0.00000000  -0.00000000 
-20.66610000   0.00000000  -0.00000000   0.00000000  -0.00000000   0.00000000  -0.00000000   0.00000000  -0.00000000   0.00000000  -0.00000000   0.00000000  -0.00000000   0.00000000  -0.00000000   0.00000000  -0.00000000   0.00000000  -0.00000000 
-20.55110000   0.00000000  -0.00000000   0.00000000  -0.00000000   0.00000000  -0.00000000   0.00000000  -0.00000000   0.00000000  -0.00000000   0.00000000  -0.00000000   0.00000000  -0.00000000   0.00000000  -0.00000000   0.00000000  -0.00000000 
-20.43510000   0.00000000  -0.00000000   0.00000000  -0.00000000   0.00000000  -0.00000000   0.00000000  -0.00000000   0.00000000  -0.00000000   0.00000000  -0.00000000   0.00000000  -0.00000000   0.00000000  -0.00000000   0.00000000  -0.00000000 
-20.31910000   0.00000000  -0.00000000   0.00000000  -0.00000000   0.00000000  -0.00000000   0.00000000  -0.00000000   0.00000000  -0.00000000   0.00000000  -0.00000000   0.00000000  -0.00000000   0.00000000  -0.00000000   0.00000000  -0.00000000 
-20.20310000   0.00000000  -0.00000000   0.00000000  -0.00000000   0.00000000  -0.00000000   0.00000000  -0.00000000   0.00000000  -0.00000000   0.00000000  -0.00000000   0.00000000  -0.00000000   0.00000000  -0.00000000   0.00000000  -0.00000000 
-20.08810000   0.00000000  -0.00000000   0.00000000  -0.00000000   0.00000000  -0.00000000   0.00000000  -0.00000000   0.00000000  -0.00000000   0.00000000  -0.00000000   0.00000000  -0.00000000   0.00000000  -0.00000000   0.00000000  -0.00000000 
-19.97210000   0.00000000  -0.00000000   0.00000000  -0.00000000   0.00000000  -0.00000000   0.00000000  -0.00000000   0.00000000  -0.00000000   0.00000000  -0.00000000   0.00000000  -0.00000000   0.00000000  -0.00000000   0.00000000  -0.00000000 
-19.85610000   0.00000000  -0.00000000   0.00000000  -0.00000000   0.00000000  -0.00000000   0.00000000  -0.00000000   0.00000000  -0.00000000   0.00000000  -0.00000000   0.00000000  -0.00000000   0.00000000  -0.00000000   0.00000000  -0.00000000 
-19.74010000   0.00000000  -0.00000000   0.00000000  -0.00000000   0.00000000  -0.00000000   0.00000000  -0.00000000   0.00000000  -0.00000000   0.00000000  -0.00000000   0.00000000  -0.00000000   0.00000000  -0.00000000   0.00000000  -0.00000000 
-19.62510000   0.00000000  -0.00000000   0.00000000  -0.00000000   0.00000000  -0.00000000   0.00000000  -0.00000000   0.00000000  -0.00000000   0.00000000  -0.00000000   0.00000000  -0.00000000   0.00000000  -0.00000000   0.00000000  -0.00000000 
-19.50910000   0.00000000  -0.00000000   0.00000000  -0.00000000   0.00000000  -0.00000000   0.00000000  -0.00000000   0.00000000  -0.00000000   0.00000000  -0.00000000   0.00000000  -0.00000000   0.00000000  -0.00000000   0.00000000  -0.00000000 
-19.39310000   0.00000000  -0.00000000   0.00000000  -0.00000000   0.00000000  -0.00000000   0.00000000  -0.00000000   0.00000000  -0.00000000   0.00000000  -0.00000000   0.00000000  -0.00000000   0.00000000  -0.00000000   0.00000000  -0.00000000 
-19.27710000   0.00000000  -0.00000000   0.00000000  -0.00000000   0.00000000  -0.00000000   0.00000000  -0.00000000   0.00000000  -0.00000000   0.00000000  -0.00000000   0.00000000  -0.00000000   0.00000000  -0.00000000   0.00000000  -0.00000000 
-19.16110000   0.00000000  -0.00000000   0.00000000  -0.00000000   0.00000000  -0.00000000   0.00000000  -0.00000000   0.00000000  -0.00000000   0.00000000  -0.00000000   0.00000000  -0.00000000   0.00000000  -0.00000000   0.00000000  -0.00000000 
-19.04610000   0.00000000  -0.00000000   0.00000000  -0.00000000   0.00000000  -0.00000000   0.00000000  -0.00000000   0.00000000  -0.00000000   0.00000000  -0.00000000   0.00000000  -0.00000000   0.00000000  -0.00000000   0.00000000  -0.00000000 
-18.93010000   0.00000000  -0.00000000   0.00000000  -0.00000000   0.00000000  -0.00000000   0.00000000  -0.00000000   0.00000000  -0.00000000   0.00000000  -0.00000000   0.00000000  -0.00000000   0.00000000  -0.00000000   0.00000000  -0.00000000 
-18.81410000   0.00000000  -0.00000000   0.00000000  -0.00000000   0.00000000  -0.00000000   0.00000000  -0.00000000   0.00000000  -0.00000000   0.00000000  -0.00000000   0.00000000  -0.00000000   0.00000000  -0.00000000   0.00000000  -0.00000000 
-18.69810000   0.00000000  -0.00000000   0.00000000  -0.00000000   0.00000000  -0.00000000   0.00000000  -0.00000000   0.00000000  -0.00000000   0.00000000  -0.00000000   0.00000000  -0.00000000   0.00000000  -0.00000000   0.00000000  -0.00000000 
-18.58310000   0.00000000  -0.00000000   0.00000000  -0.00000000   0.00000000  -0.00000000   0.00000000  -0.00000000   0.00000000  -0.00000000   0.00000000  -0.00000000   0.00000000  -0.00000000   0.00000000  -0.00000000   0.00000000  -0.00000000 
-18.46710000   0.00000000  -0.00000000   0.00000000  -0.00000000   0.00000000  -0.00000000   0.00000000  -0.00000000   0.00000000  -0.00000000   0.00000000  -0.00000000   0.00000000  -0.00000000   0.00000000  -0.00000000   0.00000000  -0.00000000 
-18.35110000   0.00000000  -0.00000000   0.00000000  -0.00000000   0.00000000  -0.00000000   0.00000000  -0.00000000   0.00000000  -0.00000000   0.00000000  -0.00000000   0.00000000  -0.00000000   0.00000000  -0.00000000   0.00000000  -0.00000000 
-18.23510000   0.00000000  -0.00000000   0.00000000  -0.00000000   0.00000000  -0.00000000   0.00000000  -0.00000000   0.00000000  -0.00000000   0.00000000  -0.00000000   0.00000000  -0.00000000   0.00000000  -0.00000000   0.00000000  -0.00000000 
-18.12010000   0.00000000  -0.00000000   0.00000000  -0.00000000   0.00000000  -0.00000000   0.00000000  -0.00000000   0.00000000  -0.00000000   0.00000000  -0.00000000   0.00000000  -0.00000000   0.00000000  -0.00000000   0.00000000  -0.00000000 
-18.00410000   0.00000000  -0.00000000   0.00000000  -0.00000000   0.00000000  -0.00000000   0.00000000  -0.00000000   0.00000000  -0.00000000   0.00000000  -0.00000000   0.00000000  -0.00000000   0.00000000  -0.00000000   0.00000000  -0.00000000 
-17.88810000   0.00000000  -0.00000000   0.00000000  -0.00000000   0.00000000  -0.00000000   0.00000000  -0.00000000   0.00000000  -0.00000000   0.00000000  -0.00000000   0.00000000  -0.00000000   0.00000000  -0.00000000   0.00000000  -0.00000000 
-17.77210000   0.00000000  -0.00000000   0.00000000  -0.00000000   0.00000000  -0.00000000   0.00000000  -0.00000000   0.00000000  -0.00000000   0.00000000  -0.00000000   0.00000000  -0.00000000   0.00000000  -0.00000000   0.00000000  -0.00000000 
-17.65710000   0.00000000  -0.00000000   0.00000000  -0.00000000   0.00000000  -0.00000000   0.00000000  -0.00000000   0.00000000  -0.00000000   0.00000000  -0.00000000   0.00000000  -0.00000000   0.00000000  -0.00000000   0.00000000  -0.00000000 
-17.54110000   0.00000000  -0.00000000   0.00000000  -0.00000000   0.00000000  -0.00000000   0.00000000  -0.00000000   0.00000000  -0.00000000   0.00000000  -0.00000000   0.00000000  -0.00000000   0.00000000  -0.00000000   0.00000000  -0.00000000 
-17.42510000   0.00000000  -0.00000000   0.00000000  -0.00000000   0.00000000  -0.00000000   0.00000000  -0.00000000   0.00000000  -0.00000000   0.00000000  -0.00000000   0.00000000  -0.00000000   0.00000000  -0.00000000   0.00000000  -0.00000000 
-17.30910000   0.00000000  -0.00000000   0.00000000  -0.00000000   0.00000000  -0.00000000   0.00000000  -0.00000000   0.00000000  -0.00000000   0.00000000  -0.00000000   0.00000000  -0.00000000   0.00000000  -0.00000000   0.00000000  -0.00000000 
-17.19410000   0.00000001  -0.00000001   0.00000000  -0.00000000   0.00000000  -0.00000000   0.00000000  -0.00000000   0.00000000  -0.00000000   0.00000000  -0.00000000   0.00000000  -0.00000000   0.00000000  -0.00000000   0.00000000  -0.00000000 
-17.07810000   0.00000008  -0.00000008   0.00000001  -0.00000001   0.00000000  -0.00000000   0.00000001  -0.00000001   0.00000000  -0.00000000   0.00000000  -0.00000000   0.00000000  -0.00000000   0.00000000  -0.00000000   0.00000000  -0.00000000 
-16.96210000   0.00000033  -0.00000033   0.00000003  -0.00000003   0.00000001  -0.00000001   0.00000002  -0.00000002   0.00000001  -0.00000001   0.00000001  -0.00000001   0.00000000  -0.00000000   0.00000000  -0.00000000   0.00000000  -0.00000000 
-16.84610000   0.00000072  -0.00000072   0.00000007  -0.00000007   0.00000002  -0.00000002   0.00000005  -0.00000005   0.00000002  -0.00000002   0.00000001  -0.00000001   0.00000000  -0.00000000   0.00000001  -0.00000001   0.00000000  -0.00000000 
-16.73110000   0.00000084  -0.00000084   0.00000008  -0.00000008   0.00000002  -0.00000002   0.00000006  -0.00000006   0.00000002  -0.00000002   0.00000001  -0.00000001   0.00000000  -0.00000000   0.00000001  -0.00000001   0.00000000  -0.00000000 
-16.61510000   0.00000064  -0.00000064   0.00000006  -0.00000006   0.00000001  -0.00000001   0.00000004  -0.00000004   0.00000001  -0.00000001   0.00000001  -0.00000001   0.00000000  -0.00000000   0.00000001  -0.00000001   0.00000001  -0.00000001 
-16.49910000   0.00000120  -0.00000120   0.00000007  -0.00000007   0.00000002  -0.00000002   0.00000007  -0.00000007   0.00000002  -0.00000002   0.00000001  -0.00000001   0.00000000  -0.00000000   0.00000001  -0.00000001   0.00000002  -0.00000002 
-16.38310000   0.00000565  -0.00000565   0.00000018  -0.00000018   0.00000006  -0.00000006   0.00000038  -0.00000038   0.00000007  -0.00000007   0.00000003  -0.00000003   0.00000001  -0.00000001   0.00000004  -0.00000004   0.00000006  -0.00000006 
-16.26810000   0.00002184  -0.00002184   0.00000033  -0.00000033   0.00000017  -0.00000017   0.00000144  -0.00000144   0.00000026  -0.00000026   0.00000005  -0.00000005   0.00000006  -0.00000006   0.00000013  -0.00000013   0.00000009  -0.00000009 
-16.15210000   0.00007924  -0.00007924   0.00000057  -0.00000057   0.00000033  -0.00000033   0.00000329  -0.00000329   0.00000061  -0.00000061   0.00000006  -0.00000006   0.00000025  -0.00000025   0.00000028  -0.00000028   0.00000014  -0.00000014 
-16.03610000   0.00042840  -0.00042840   0.00000265  -0.00000265   0.00000040  -0.00000040   0.00000611  -0.00000611   0.00000155  -0.00000155   0.00000006  -0.00000006   0.00000163  -0.00000163   0.00000033  -0.00000033   0.00000091  -0.00000091 
-15.92010000   0.00222700  -0.00222700   0.00001759  -0.00001759   0.00000059  -0.00000059   0.00002088  -0.00002088   0.00000745  -0.00000745   0.00000004  -0.00000004   0.00000905  -0.00000905   0.00000022  -0.00000022   0.00000660  -0.00000660 
-15.80510000   0.00744900  -0.00744900   0.00007741  -0.00007741   0.00000253  -0.00000253   0.00008370  -0.00008370   0.00003213  -0.00003213   0.00000007  -0.00000007   0.00003147  -0.00003147   0.00000017  -0.00000017   0.00002978  -0.00002978 
-15.68910000   0.01561000  -0.01561000   0.00023030  -0.00023030   0.00001097  -0.00001097   0.00024550  -0.00024550   0.00009780  -0.00009780   0.00000037  -0.00000037   0.00006987  -0.00006987   0.00000047  -0.00000047   0.00009179  -0.00009179 
-15.57310000   0.02314000  -0.02314000   0.00052400  -0.00052400   0.00003087  -0.00003087   0.00054610  -0.00054610   0.00022750  -0.00022750   0.00000144  -0.00000144   0.00011430  -0.00011430   0.00000160  -0.00000160   0.00021880  -0.00021880 
-15.45710000   0.02806000  -0.02806000   0.00092180  -0.00092180   0.00005732  -0.00005732   0.00093370  -0.00093370   0.00040680  -0.00040680   0.00000405  -0.00000405   0.00015590  -0.00015590   0.00000433  -0.00000433   0.00040180  -0.00040180 
-15.34210000   0.02897000  -0.02897000   0.00129800  -0.00129800   0.00008044  -0.00008044   0.00127800  -0.00127800   0.00058880  -0.00058880   0.00000891  -0.00000891   0.00018100  -0.00018100   0.00000937  -0.00000937   0.00059500  -0.00059500 
-15.22610000   0.02816000  -0.02816000   0.00181200  -0.00181200   0.00009515  -0.00009515   0.00175200  -0.00175200   0.00086780  -0.00086780   0.00001516  -0.00001516   0.00020740  -0.00020740   0.00001582  -0.00001582   0.00088550  -0.00088550 
-15.11010000   0.02978000  -0.02978000   0.00253400  -0.00253400   0.00010100  -0.00010100   0.00246900  -0.00246900   0.00129000  -0.00129000   0.00002311  -0.00002311   0.00025710  -0.00025710   0.00002394  -0.00002394   0.00130000  -0.00130000 
-14.99410000   0.02943000  -0.02943000   0.00295900  -0.00295900   0.00013670  -0.00013670   0.00292000  -0.00292000   0.00159300  -0.00159300   0.00003867  -0.00003867   0.00028050  -0.00028050   0.00004020  -0.00004020   0.00158400  -0.00158400 
-14.87810000   0.02592000  -0.02592000   0.00324700  -0.00324700   0.00039360  -0.00039360   0.00318700  -0.00318700   0.00185800  -0.00185800   0.00006801  -0.00006801   0.00027660  -0.00027660   0.00007268  -0.00007268   0.00185600  -0.00185600 
-14.76310000   0.02574000  -0.02574000   0.00423200  -0.00423200   0.00166100  -0.00166100   0.00416000  -0.00416000   0.00259300  -0.00259300   0.00016700  -0.00016700   0.00032060  -0.00032060   0.00018220  -0.00018220   0.00259600  -0.00259600 
-14.64710000   0.02805000  -0.02805000   0.00544900  -0.00544900   0.00539300  -0.00539300   0.00545400  -0.00545400   0.00353200  -0.00353200   0.00057360  -0.00057360   0.00038620  -0.00038620   0.00060640  -0.00060640   0.00350700  -0.00350700 
-14.53110000   0.02617000  -0.02617000   0.00589500  -0.00589500   0.01164000  -0.01164000   0.00589500  -0.00589500   0.00399800  -0.00399800   0.00169600  -0.00169600   0.00038270  -0.00038270   0.00170700  -0.00170700   0.00397600  -0.00397600 
-14.41510000   0.02278000  -0.02278000   0.00665000  -0.00665000   0.01787000  -0.01787000   0.00645300  -0.00645300   0.00470400  -0.00470400   0.00383900  -0.00383900   0.00036370  -0.00036370   0.00372100  -0.00372100   0.00477000  -0.00477000 
-14.30010000   0.02343000  -0.02343000   0.00892900  -0.00892900   0.02213000  -0.02213000   0.00852600  -0.00852600   0.00662000  -0.00662000   0.00711500  -0.00711500   0.00041340  -0.00041340   0.00682600  -0.00682600   0.00678800  -0.00678800 
-14.18410000   0.02515000  -0.02515000   0.01154000  -0.01154000   0.02430000  -0.02430000   0.01113000  -0.01113000   0.00914200  -0.00914200   0.01177000  -0.01177000   0.00046720  -0.00046720   0.01134000  -0.01134000   0.00927100  -0.00927100 
-14.06810000   0.02425000  -0.02425000   0.01424000  -0.01424000   0.02457000  -0.02457000   0.01399000  -0.01399000   0.01227000  -0.01227000   0.01853000  -0.01853000   0.00046170  -0.00046170   0.01776000  -0.01776000   0.01217000  -0.01217000 
-13.95210000   0.02258000  -0.02258000   0.01882000  -0.01882000   0.02338000  -0.02338000   0.01892000  -0.01892000   0.01732000  -0.01732000   0.02873000  -0.02873000   0.00044140  -0.00044140   0.02732000  -0.02732000   0.01679000  -0.01679000 
-13.83710000   0.01909000  -0.01909000   0.02253000  -0.02253000   0.02132000  -0.02132000   0.02310000  -0.02310000   0.02141000  -0.02141000   0.04431000  -0.04431000   0.00038080  -0.00038080   0.04267000  -0.04267000   0.02039000  -0.02039000 
-13.72110000   0.01226000  -0.01226000   0.02079000  -0.02079000   0.01808000  -0.01808000   0.02140000  -0.02140000   0.01989000  -0.01989000   0.06222000  -0.06222000   0.00024570  -0.00024570   0.06188000  -0.06188000   0.01890000  -0.01890000 
-13.60510000   0.00581200  -0.00581200   0.01427000  -0.01427000   0.01277000  -0.01277000   0.01454000  -0.01454000   0.01354000  -0.01354000   0.06924000  -0.06924000   0.00011510  -0.00011510   0.07103000  -0.07103000   0.01301000  -0.01301000 
-13.48910000   0.00218700  -0.00218700   0.00694500  -0.00694500   0.00673400  -0.00673400   0.00702400  -0.00702400   0.00655800  -0.00655800   0.05460000  -0.05460000   0.00004119  -0.00004119   0.05713000  -0.05713000   0.00634800  -0.00634800 
-13.37410000   0.00066160  -0.00066160   0.00227600  -0.00227600   0.00245300  -0.00245300   0.00231500  -0.00231500   0.00217400  -0.00217400   0.02829000  -0.02829000   0.00001105  -0.00001105   0.02988000  -0.02988000   0.00208500  -0.00208500 
-13.25810000   0.00015330  -0.00015330   0.00050780  -0.00050780   0.00058790  -0.00058790   0.00052660  -0.00052660   0.00049870  -0.00049870   0.00916700  -0.00916700   0.00000214  -0.00000214   0.00970700  -0.00970700   0.00046660  -0.00046660 
-13.14210000   0.00002644  -0.00002644   0.00008144  -0.00008144   0.00009030  -0.00009030   0.00008690  -0.00008690   0.00008335  -0.00008335   0.00179500  -0.00179500   0.00000035  -0.00000035   0.00190200  -0.00190200   0.00007520  -0.00007520 
-13.02610000   0.00000463  -0.00000463   0.00000966  -0.00000966   0.00000894  -0.00000894   0.00001124  -0.00001124   0.00001165  -0.00001165   0.00020800  -0.00020800   0.00000011  -0.00000011   0.00022220  -0.00022220   0.00000918  -0.00000918 
-12.91110000   0.00000218  -0.00000218   0.00000095  -0.00000095   0.00000081  -0.00000081   0.00000192  -0.00000192   0.00000284  -0.00000284   0.00001441  -0.00001441   0.00000009  -0.00000009   0.00001714  -0.00001714   0.00000116  -0.00000116 
-12.79510000   0.00000120  -0.00000120   0.00000015  -0.00000015   0.00000019  -0.00000019   0.00000070  -0.00000070   0.00000127  -0.00000127   0.00000076  -0.00000076   0.00000005  -0.00000005   0.00000190  -0.00000190   0.00000031  -0.00000031 
-12.67910000   0.00000038  -0.00000038   0.00000004  -0.00000004   0.00000006  -0.00000006   0.00000021  -0.00000021   0.00000040  -0.00000040   0.00000008  -0.00000008   0.00000002  -0.00000002   0.00000043  -0.00000043   0.00000009  -0.00000009 
-12.56310000   0.00000006  -0.00000006   0.00000001  -0.00000001   0.00000001  -0.00000001   0.00000004  -0.00000004   0.00000007  -0.00000007   0.00000001  -0.00000001   0.00000000  -0.00000000   0.00000007  -0.00000007   0.00000001  -0.00000001 
-12.44810000   0.00000001  -0.00000001   0.00000000  -0.00000000   0.00000000  -0.00000000   0.00000000  -0.00000000   0.00000001  -0.00000001   0.00000000  -0.00000000   0.00000000  -0.00000000   0.00000001  -0.00000001   0.00000000  -0.00000000 
-12.33210000   0.00000000  -0.00000000   0.00000000  -0.00000000   0.00000000  -0.00000000   0.00000000  -0.00000000   0.00000000  -0.00000000   0.00000000  -0.00000000   0.00000000  -0.00000000   0.00000000  -0.00000000   0.00000000  -0.00000000 
-12.21610000   0.00000000  -0.00000000   0.00000000  -0.00000000   0.00000000  -0.00000000   0.00000000  -0.00000000   0.00000000  -0.00000000   0.00000000  -0.00000000   0.00000000  -0.00000000   0.00000000  -0.00000000   0.00000000  -0.00000000 
-12.10010000   0.00000000  -0.00000000   0.00000000  -0.00000000   0.00000000  -0.00000000   0.00000000  -0.00000000   0.00000000  -0.00000000   0.00000000  -0.00000000   0.00000000  -0.00000000   0.00000000  -0.00000000   0.00000000  -0.00000000 
-11.98510000   0.00000000  -0.00000000   0.00000000  -0.00000000   0.00000000  -0.00000000   0.00000000  -0.00000000   0.00000000  -0.00000000   0.00000000  -0.00000000   0.00000000  -0.00000000   0.00000000  -0.00000000   0.00000000  -0.00000000 
-11.86910000   0.00000000  -0.00000000   0.00000000  -0.00000000   0.00000000  -0.00000000   0.00000001  -0.00000001   0.00000001  -0.00000001   0.00000001  -0.00000001   0.00000000  -0.00000000   0.00000001  -0.00000001   0.00000000  -0.00000000 
-11.75310000   0.00000002  -0.00000002   0.00000001  -0.00000001   0.00000001  -0.00000001   0.00000003  -0.00000003   0.00000003  -0.00000003   0.00000004  -0.00000004   0.00000001  -0.00000001   0.00000003  -0.00000003   0.00000002  -0.00000002 
-11.63710000   0.00000005  -0.00000005   0.00000002  -0.00000002   0.00000002  -0.00000002   0.00000006  -0.00000006   0.00000007  -0.00000007   0.00000010  -0.00000010   0.00000002  -0.00000002   0.00000006  -0.00000006   0.00000004  -0.00000004 
-11.52210000   0.00000006  -0.00000006   0.00000003  -0.00000003   0.00000002  -0.00000002   0.00000008  -0.00000008   0.00000008  -0.00000008   0.00000012  -0.00000012   0.00000002  -0.00000002   0.00000008  -0.00000008   0.00000005  -0.00000005 
-11.40610000   0.00000004  -0.00000004   0.00000002  -0.00000002   0.00000002  -0.00000002   0.00000005  -0.00000005   0.00000005  -0.00000005   0.00000008  -0.00000008   0.00000002  -0.00000002   0.00000005  -0.00000005   0.00000003  -0.00000003 
-11.29010000   0.00000001  -0.00000001   0.00000001  -0.00000001   0.00000001  -0.00000001   0.00000002  -0.00000002   0.00000002  -0.00000002   0.00000003  -0.00000003   0.00000001  -0.00000001   0.00000002  -0.00000002   0.00000001  -0.00000001 
-11.17410000   0.00000000  -0.00000000   0.00000000  -0.00000000   0.00000000  -0.00000000   0.00000000  -0.00000000   0.00000000  -0.00000000   0.00000001  -0.00000001   0.00000000  -0.00000000   0.00000000  -0.00000000   0.00000000  -0.00000000 
-11.05910000   0.00000000  -0.00000000   0.00000000  -0.00000000   0.00000000  -0.00000000   0.00000000  -0.00000000   0.00000000  -0.00000000   0.00000000  -0.00000000   0.00000000  -0.00000000   0.00000000  -0.00000000   0.00000000  -0.00000000 
-10.94310000   0.00000000  -0.00000000   0.00000000  -0.00000000   0.00000000  -0.00000000   0.00000000  -0.00000000   0.00000000  -0.00000000   0.00000000  -0.00000000   0.00000000  -0.00000000   0.00000000  -0.00000000   0.00000000  -0.00000000 
-10.82710000   0.00000000  -0.00000000   0.00000000  -0.00000000   0.00000000  -0.00000000   0.00000000  -0.00000000   0.00000000  -0.00000000   0.00000000  -0.00000000   0.00000000  -0.00000000   0.00000000  -0.00000000   0.00000000  -0.00000000 
-10.71110000   0.00000000  -0.00000000   0.00000000  -0.00000000   0.00000000  -0.00000000   0.00000000  -0.00000000   0.00000000  -0.00000000   0.00000000  -0.00000000   0.00000000  -0.00000000   0.00000000  -0.00000000   0.00000000  -0.00000000 
-10.59510000   0.00000000  -0.00000000   0.00000000  -0.00000000   0.00000000  -0.00000000   0.00000000  -0.00000000   0.00000000  -0.00000000   0.00000000  -0.00000000   0.00000000  -0.00000000   0.00000000  -0.00000000   0.00000000  -0.00000000 
-10.48010000   0.00000000  -0.00000000   0.00000000  -0.00000000   0.00000000  -0.00000000   0.00000000  -0.00000000   0.00000000  -0.00000000   0.00000000  -0.00000000   0.00000000  -0.00000000   0.00000000  -0.00000000   0.00000000  -0.00000000 
-10.36410000   0.00000000  -0.00000000   0.00000000  -0.00000000   0.00000000  -0.00000000   0.00000000  -0.00000000   0.00000000  -0.00000000   0.00000000  -0.00000000   0.00000000  -0.00000000   0.00000000  -0.00000000   0.00000000  -0.00000000 
-10.24810000   0.00000001  -0.00000001   0.00000001  -0.00000001   0.00000001  -0.00000001   0.00000001  -0.00000001   0.00000001  -0.00000001   0.00000002  -0.00000002   0.00000002  -0.00000002   0.00000001  -0.00000001   0.00000001  -0.00000001 
-10.13210000   0.00000005  -0.00000005   0.00000007  -0.00000007   0.00000005  -0.00000005   0.00000005  -0.00000005   0.00000009  -0.00000009   0.00000011  -0.00000011   0.00000011  -0.00000011   0.00000006  -0.00000006   0.00000007  -0.00000007 
-10.01710000   0.00000019  -0.00000019   0.00000024  -0.00000024   0.00000017  -0.00000017   0.00000018  -0.00000018   0.00000032  -0.00000032   0.00000038  -0.00000038   0.00000040  -0.00000040   0.00000023  -0.00000023   0.00000027  -0.00000027 
 -9.90110000   0.00000036  -0.00000036   0.00000046  -0.00000046   0.00000032  -0.00000032   0.00000034  -0.00000034   0.00000060  -0.00000060   0.00000074  -0.00000074   0.00000075  -0.00000075   0.00000044  -0.00000044   0.00000053  -0.00000053 
 -9.78510000   0.00000037  -0.00000037   0.00000047  -0.00000047   0.00000032  -0.00000032   0.00000034  -0.00000034   0.00000059  -0.00000059   0.00000076  -0.00000076   0.00000074  -0.00000074   0.00000046  -0.00000046   0.00000056  -0.00000056 
 -9.66910000   0.00000020  -0.00000020   0.00000025  -0.00000025   0.00000017  -0.00000017   0.00000018  -0.00000018   0.00000031  -0.00000031   0.00000041  -0.00000041   0.00000039  -0.00000039   0.00000025  -0.00000025   0.00000031  -0.00000031 
 -9.55410000   0.00000006  -0.00000006   0.00000007  -0.00000007   0.00000005  -0.00000005   0.00000005  -0.00000005   0.00000009  -0.00000009   0.00000012  -0.00000012   0.00000011  -0.00000011   0.00000007  -0.00000007   0.00000009  -0.00000009 
 -9.43810000   0.00000001  -0.00000001   0.00000001  -0.00000001   0.00000001  -0.00000001   0.00000001  -0.00000001   0.00000001  -0.00000001   0.00000002  -0.00000002   0.00000002  -0.00000002   0.00000001  -0.00000001   0.00000001  -0.00000001 
 -9.32210000   0.00000000  -0.00000000   0.00000000  -0.00000000   0.00000000  -0.00000000   0.00000000  -0.00000000   0.00000000  -0.00000000   0.00000000  -0.00000000   0.00000000  -0.00000000   0.00000000  -0.00000000   0.00000000  -0.00000000 
 -9.20610000   0.00000000  -0.00000000   0.00000000  -0.00000000   0.00000000  -0.00000000   0.00000000  -0.00000000   0.00000000  -0.00000000   0.00000000  -0.00000000   0.00000000  -0.00000000   0.00000000  -0.00000000   0.00000000  -0.00000000 
 -9.09110000   0.00000000  -0.00000000   0.00000000  -0.00000000   0.00000000  -0.00000000   0.00000000  -0.00000000   0.00000000  -0.00000000   0.00000000  -0.00000000   0.00000000  -0.00000000   0.00000000  -0.00000000   0.00000000  -0.00000000 
 -8.97510000   0.00000000  -0.00000000   0.00000000  -0.00000000   0.00000000  -0.00000000   0.00000000  -0.00000000   0.00000000  -0.00000000   0.00000000  -0.00000000   0.00000000  -0.00000000   0.00000000  -0.00000000   0.00000000  -0.00000000 
 -8.85910000   0.00000000  -0.00000000   0.00000000  -0.00000000   0.00000000  -0.00000000   0.00000000  -0.00000000   0.00000000  -0.00000000   0.00000000  -0.00000000   0.00000000  -0.00000000   0.00000000  -0.00000000   0.00000001  -0.00000001 
 -8.74310000   0.00000003  -0.00000003   0.00000003  -0.00000003   0.00000001  -0.00000001   0.00000001  -0.00000001   0.00000003  -0.00000003   0.00000003  -0.00000003   0.00000005  -0.00000005   0.00000000  -0.00000000   0.00000008  -0.00000008 
 -8.62810000   0.00000023  -0.00000023   0.00000022  -0.00000022   0.00000007  -0.00000007   0.00000006  -0.00000006   0.00000024  -0.00000024   0.00000023  -0.00000023   0.00000045  -0.00000045   0.00000002  -0.00000002   0.00000072  -0.00000072 
 -8.51210000   0.00000105  -0.00000105   0.00000101  -0.00000101   0.00000031  -0.00000031   0.00000027  -0.00000027   0.00000106  -0.00000106   0.00000105  -0.00000105   0.00000202  -0.00000202   0.00000009  -0.00000009   0.00000325  -0.00000325 
 -8.39610000   0.00000254  -0.00000254   0.00000244  -0.00000244   0.00000073  -0.00000073   0.00000065  -0.00000065   0.00000255  -0.00000255   0.00000250  -0.00000250   0.00000491  -0.00000491   0.00000022  -0.00000022   0.00000776  -0.00000776 
 -8.28010000   0.00000364  -0.00000364   0.00000326  -0.00000326   0.00000096  -0.00000096   0.00000085  -0.00000085   0.00000339  -0.00000339   0.00000324  -0.00000324   0.00000704  -0.00000704   0.00000031  -0.00000031   0.00000988  -0.00000988 
 -8.16510000   0.00000460  -0.00000460   0.00000311  -0.00000311   0.00000080  -0.00000080   0.00000074  -0.00000074   0.00000313  -0.00000313   0.00000259  -0.00000259   0.00000887  -0.00000887   0.00000036  -0.00000036   0.00000698  -0.00000698 
 -8.04910000   0.00000843  -0.00000843   0.00000382  -0.00000382   0.00000075  -0.00000075   0.00000080  -0.00000080   0.00000361  -0.00000361   0.00000220  -0.00000220   0.00001500  -0.00001500   0.00000058  -0.00000058   0.00000361  -0.00000361 
 -7.93310000   0.00003349  -0.00003349   0.00000658  -0.00000658   0.00000094  -0.00000094   0.00000225  -0.00000225   0.00000850  -0.00000850   0.00000290  -0.00000290   0.00003575  -0.00003575   0.00000098  -0.00000098   0.00000651  -0.00000651 
 -7.81710000   0.00029350  -0.00029350   0.00002363  -0.00002363   0.00000121  -0.00000121   0.00001783  -0.00001783   0.00006406  -0.00006406   0.00000356  -0.00000356   0.00021300  -0.00021300   0.00000131  -0.00000131   0.00006205  -0.00006205 
 -7.70210000   0.00198000  -0.00198000   0.00014890  -0.00014890   0.00000243  -0.00000243   0.00013470  -0.00013470   0.00050040  -0.00050040   0.00000367  -0.00000367   0.00131700  -0.00131700   0.00000192  -0.00000192   0.00049540  -0.00049540 
 -7.58610000   0.00826500  -0.00826500   0.00069780  -0.00069780   0.00000722  -0.00000722   0.00065150  -0.00065150   0.00253600  -0.00253600   0.00000843  -0.00000843   0.00515400  -0.00515400   0.00000710  -0.00000710   0.00250500  -0.00250500 
 -7.47010000   0.02221000  -0.02221000   0.00207900  -0.00207900   0.00001899  -0.00001899   0.00199400  -0.00199400   0.00820600  -0.00820600   0.00006374  -0.00006374   0.01282000  -0.01282000   0.00005783  -0.00005783   0.00807700  -0.00807700 
 -7.35410000   0.04126000  -0.04126000   0.00405300  -0.00405300   0.00004685  -0.00004685   0.00401800  -0.00401800   0.01747000  -0.01747000   0.00052690  -0.00052690   0.02262000  -0.02262000   0.00049560  -0.00049560   0.01707000  -0.01707000 
 -7.23910000   0.05869000  -0.05869000   0.00596800  -0.00596800   0.00013050  -0.00013050   0.00608200  -0.00608200   0.02779000  -0.02779000   0.00313300  -0.00313300   0.03363000  -0.03363000   0.00300700  -0.00300700   0.02693000  -0.02693000 
 -7.12310000   0.07283000  -0.07283000   0.00858200  -0.00858200   0.00041170  -0.00041170   0.00875300  -0.00875300   0.04142000  -0.04142000   0.01219000  -0.01219000   0.04808000  -0.04808000   0.01190000  -0.01190000   0.04044000  -0.04044000 
 -7.00710000   0.08241000  -0.08241000   0.01268000  -0.01268000   0.00119800  -0.00119800   0.01265000  -0.01265000   0.06140000  -0.06140000   0.03036000  -0.03036000   0.06694000  -0.06694000   0.03025000  -0.03025000   0.06092000  -0.06092000 
 -6.89110000   0.08216000  -0.08216000   0.01713000  -0.01713000   0.00284500  -0.00284500   0.01676000  -0.01676000   0.08306000  -0.08306000   0.04891000  -0.04891000   0.08984000  -0.08984000   0.04987000  -0.04987000   0.08317000  -0.08317000 
 -6.77610000   0.07453000  -0.07453000   0.01978000  -0.01978000   0.00618200  -0.00618200   0.01939000  -0.01939000   0.09499000  -0.09499000   0.05815000  -0.05815000   0.10770000  -0.10770000   0.06014000  -0.06014000   0.09586000  -0.09586000 
 -6.66010000   0.06281000  -0.06281000   0.01796000  -0.01796000   0.01295000  -0.01295000   0.01785000  -0.01785000   0.08360000  -0.08360000   0.06935000  -0.06935000   0.10220000  -0.10220000   0.07121000  -0.07121000   0.08484000  -0.08484000 
 -6.54410000   0.04615000  -0.04615000   0.01259000  -0.01259000   0.02147000  -0.02147000   0.01264000  -0.01264000   0.05789000  -0.05789000   0.08654000  -0.08654000   0.07761000  -0.07761000   0.08716000  -0.08716000   0.05869000  -0.05869000 
 -6.42810000   0.02934000  -0.02934000   0.00780800  -0.00780800   0.02425000  -0.02425000   0.00787800  -0.00787800   0.03934000  -0.03934000   0.08465000  -0.08465000   0.05560000  -0.05560000   0.08345000  -0.08345000   0.03995000  -0.03995000 
 -6.31210000   0.01864000  -0.01864000   0.00490300  -0.00490300   0.02007000  -0.02007000   0.00500200  -0.00500200   0.02776000  -0.02776000   0.06315000  -0.06315000   0.04085000  -0.04085000   0.06044000  -0.06044000   0.02854000  -0.02854000 
 -6.19710000   0.01231000  -0.01231000   0.00287800  -0.00287800   0.01584000  -0.01584000   0.00295800  -0.00295800   0.01554000  -0.01554000   0.05133000  -0.05133000   0.02569000  -0.02569000   0.04815000  -0.04815000   0.01620000  -0.01620000 
 -6.08110000   0.00762100  -0.00762100   0.00191300  -0.00191300   0.01371000  -0.01371000   0.00190900  -0.00190900   0.00712800  -0.00712800   0.05485000  -0.05485000   0.01334000  -0.01334000   0.05245000  -0.05245000   0.00758300  -0.00758300 
 -5.96510000   0.00640600  -0.00640600   0.00308000  -0.00308000   0.01140000  -0.01140000   0.00297200  -0.00297200   0.00943300  -0.00943300   0.05608000  -0.05608000   0.01289000  -0.01289000   0.05548000  -0.05548000   0.00996000  -0.00996000 
 -5.84910000   0.01190000  -0.01190000   0.00767200  -0.00767200   0.00814300  -0.00814300   0.00752400  -0.00752400   0.02625000  -0.02625000   0.04475000  -0.04475000   0.02795000  -0.02795000   0.04546000  -0.04546000   0.02632000  -0.02632000 
 -5.73410000   0.02860000  -0.02860000   0.01555000  -0.01555000   0.00555900  -0.00555900   0.01558000  -0.01558000   0.05366000  -0.05366000   0.03350000  -0.03350000   0.05199000  -0.05199000   0.03401000  -0.03401000   0.05227000  -0.05227000 
 -5.61810000   0.05808000  -0.05808000   0.02378000  -0.02378000   0.00471700  -0.00471700   0.02400000  -0.02400000   0.07842000  -0.07842000   0.03298000  -0.03298000   0.07011000  -0.07011000   0.03326000  -0.03326000   0.07651000  -0.07651000 
 -5.50210000   0.08891000  -0.08891000   0.02860000  -0.02860000   0.00483800  -0.00483800   0.02878000  -0.02878000   0.09264000  -0.09264000   0.03818000  -0.03818000   0.07493000  -0.07493000   0.03864000  -0.03864000   0.09210000  -0.09210000 
 -5.38610000   0.10270000  -0.10270000   0.02799000  -0.02799000   0.00553400  -0.00553400   0.02803000  -0.02803000   0.09643000  -0.09643000   0.04674000  -0.04674000   0.06954000  -0.06954000   0.04639000  -0.04639000   0.09746000  -0.09746000 
 -5.27110000   0.09310000  -0.09310000   0.02316000  -0.02316000   0.00673500  -0.00673500   0.02323000  -0.02323000   0.08797000  -0.08797000   0.05863000  -0.05863000   0.05675000  -0.05675000   0.05613000  -0.05613000   0.08933000  -0.08933000 
 -5.15510000   0.06551000  -0.06551000   0.01652000  -0.01652000   0.00812900  -0.00812900   0.01675000  -0.01675000   0.06491000  -0.06491000   0.07144000  -0.07144000   0.03805000  -0.03805000   0.06718000  -0.06718000   0.06627000  -0.06627000 
 -5.03910000   0.03698000  -0.03698000   0.01202000  -0.01202000   0.01171000  -0.01171000   0.01234000  -0.01234000   0.04450000  -0.04450000   0.09668000  -0.09668000   0.02136000  -0.02136000   0.09142000  -0.09142000   0.04736000  -0.04736000 
 -4.92310000   0.02288000  -0.02288000   0.01144000  -0.01144000   0.01972000  -0.01972000   0.01173000  -0.01173000   0.04379000  -0.04379000   0.14920000  -0.14920000   0.01374000  -0.01374000   0.14170000  -0.14170000   0.04758000  -0.04758000 
 -4.80810000   0.01804000  -0.01804000   0.01080000  -0.01080000   0.02765000  -0.02765000   0.01093000  -0.01093000   0.04903000  -0.04903000   0.21130000  -0.21130000   0.01256000  -0.01256000   0.20330000  -0.20330000   0.05131000  -0.05131000 
 -4.69210000   0.01375000  -0.01375000   0.00892200  -0.00892200   0.03011000  -0.03011000   0.00884600  -0.00884600   0.04353000  -0.04353000   0.24330000  -0.24330000   0.01495000  -0.01495000   0.24380000  -0.24380000   0.04428000  -0.04428000 
 -4.57610000   0.00933100  -0.00933100   0.00784200  -0.00784200   0.02815000  -0.02815000   0.00777100  -0.00777100   0.03323000  -0.03323000   0.22310000  -0.22310000   0.01855000  -0.01855000   0.23480000  -0.23480000   0.03600000  -0.03600000 
 -4.46010000   0.00593000  -0.00593000   0.00688600  -0.00688600   0.02240000  -0.02240000   0.00701000  -0.00701000   0.03266000  -0.03266000   0.16580000  -0.16580000   0.01774000  -0.01774000   0.17990000  -0.17990000   0.03930000  -0.03930000 
 -4.34510000   0.00385100  -0.00385100   0.00531500  -0.00531500   0.01383000  -0.01383000   0.00552400  -0.00552400   0.03835000  -0.03835000   0.11300000  -0.11300000   0.01273000  -0.01273000   0.12290000  -0.12290000   0.04536000  -0.04536000 
 -4.22910000   0.00346000  -0.00346000   0.00543300  -0.00543300   0.00708600  -0.00708600   0.00559200  -0.00559200   0.04259000  -0.04259000   0.09759000  -0.09759000   0.01094000  -0.01094000   0.10110000  -0.10110000   0.04661000  -0.04661000 
 -4.11310000   0.00579400  -0.00579400   0.01036000  -0.01036000   0.00416500  -0.00416500   0.01041000  -0.01041000   0.05406000  -0.05406000   0.10320000  -0.10320000   0.01898000  -0.01898000   0.10100000  -0.10100000   0.05283000  -0.05283000 
 -3.99710000   0.00956500  -0.00956500   0.01844000  -0.01844000   0.00324200  -0.00324200   0.01821000  -0.01821000   0.07145000  -0.07145000   0.09041000  -0.09041000   0.03579000  -0.03579000   0.08800000  -0.08800000   0.06517000  -0.06517000 
 -3.88210000   0.01070000  -0.01070000   0.02256000  -0.02256000   0.00400700  -0.00400700   0.02213000  -0.02213000   0.08421000  -0.08421000   0.06687000  -0.06687000   0.04857000  -0.04857000   0.06618000  -0.06618000   0.07792000  -0.07792000 
 -3.76610000   0.00814800  -0.00814800   0.01956000  -0.01956000   0.00827600  -0.00827600   0.01935000  -0.01935000   0.08996000  -0.08996000   0.07572000  -0.07572000   0.04543000  -0.04543000   0.07158000  -0.07158000   0.08574000  -0.08574000 
 -3.65010000   0.00480600  -0.00480600   0.01466000  -0.01466000   0.01647000  -0.01647000   0.01474000  -0.01474000   0.09100000  -0.09100000   0.11930000  -0.11930000   0.03397000  -0.03397000   0.11110000  -0.11110000   0.08820000  -0.08820000 
 -3.53410000   0.00336200  -0.00336200   0.01347000  -0.01347000   0.02649000  -0.02649000   0.01346000  -0.01346000   0.09266000  -0.09266000   0.14440000  -0.14440000   0.02968000  -0.02968000   0.13970000  -0.13970000   0.09226000  -0.09226000 
 -3.41910000   0.00435400  -0.00435400   0.01600000  -0.01600000   0.03460000  -0.03460000   0.01578000  -0.01578000   0.09233000  -0.09233000   0.12650000  -0.12650000   0.03476000  -0.03476000   0.12700000  -0.12700000   0.09419000  -0.09419000 
 -3.30310000   0.00677400  -0.00677400   0.02011000  -0.02011000   0.03619000  -0.03619000   0.02001000  -0.02001000   0.08560000  -0.08560000   0.09799000  -0.09799000   0.04391000  -0.04391000   0.09908000  -0.09908000   0.08589000  -0.08589000 
 -3.18710000   0.00836500  -0.00836500   0.02234000  -0.02234000   0.03561000  -0.03561000   0.02232000  -0.02232000   0.06610000  -0.06610000   0.07864000  -0.07864000   0.04721000  -0.04721000   0.08099000  -0.08099000   0.06265000  -0.06265000 
 -3.07110000   0.00742200  -0.00742200   0.02007000  -0.02007000   0.04117000  -0.04117000   0.01970000  -0.01970000   0.04056000  -0.04056000   0.06339000  -0.06339000   0.03898000  -0.03898000   0.06954000  -0.06954000   0.03771000  -0.03771000 
 -2.95610000   0.00472600  -0.00472600   0.01441000  -0.01441000   0.04693000  -0.04693000   0.01383000  -0.01383000   0.02720000  -0.02720000   0.04914000  -0.04914000   0.02629000  -0.02629000   0.05663000  -0.05663000   0.02700000  -0.02700000 
 -2.84010000   0.00255500  -0.00255500   0.00930500  -0.00930500   0.04858000  -0.04858000   0.00883900  -0.00883900   0.02630000  -0.02630000   0.03764000  -0.03764000   0.02318000  -0.02318000   0.04287000  -0.04287000   0.02649000  -0.02649000 
 -2.72410000   0.00240200  -0.00240200   0.00835500  -0.00835500   0.04740000  -0.04740000   0.00772100  -0.00772100   0.03515000  -0.03515000   0.02853000  -0.02853000   0.04600000  -0.04600000   0.03046000  -0.03046000   0.03535000  -0.03535000 
 -2.60810000   0.00416100  -0.00416100   0.01133000  -0.01133000   0.03757000  -0.03757000   0.01085000  -0.01085000   0.06627000  -0.06627000   0.01892000  -0.01892000   0.11440000  -0.11440000   0.01833000  -0.01833000   0.06631000  -0.06631000 
 -2.49310000   0.00671600  -0.00671600   0.01495000  -0.01495000   0.02348000  -0.02348000   0.01556000  -0.01556000   0.12580000  -0.12580000   0.01042000  -0.01042000   0.22940000  -0.22940000   0.00895600  -0.00895600   0.12410000  -0.12410000 
 -2.37710000   0.00850900  -0.00850900   0.01696000  -0.01696000   0.01414000  -0.01414000   0.01846000  -0.01846000   0.18390000  -0.18390000   0.00547000  -0.00547000   0.32790000  -0.32790000   0.00431000  -0.00431000   0.18000000  -0.18000000 
 -2.26110000   0.00884800  -0.00884800   0.01698000  -0.01698000   0.00806600  -0.00806600   0.01860000  -0.01860000   0.20350000  -0.20350000   0.00292800  -0.00292800   0.34350000  -0.34350000   0.00231700  -0.00231700   0.19910000  -0.19910000 
 -2.14510000   0.00854800  -0.00854800   0.01567000  -0.01567000   0.00360300  -0.00360300   0.01704000  -0.01704000   0.19600000  -0.19600000   0.00152300  -0.00152300   0.30540000  -0.30540000   0.00131200  -0.00131200   0.19340000  -0.19340000 
 -2.02910000   0.00794000  -0.00794000   0.01280000  -0.01280000   0.00140600  -0.00140600   0.01365000  -0.01365000   0.17720000  -0.17720000   0.00085950  -0.00085950   0.26340000  -0.26340000   0.00083590  -0.00083590   0.17700000  -0.17700000 
 -1.91410000   0.00688400  -0.00688400   0.00840800  -0.00840800   0.00068240  -0.00068240   0.00871900  -0.00871900   0.14920000  -0.14920000   0.00053340  -0.00053340   0.22150000  -0.22150000   0.00056000  -0.00056000   0.15030000  -0.15030000 
 -1.79810000   0.00550600  -0.00550600   0.00448700  -0.00448700   0.00051660  -0.00051660   0.00455200  -0.00455200   0.12210000  -0.12210000   0.00033940  -0.00033940   0.16560000  -0.16560000   0.00035970  -0.00035970   0.12300000  -0.12300000 
 -1.68210000   0.00391900  -0.00391900   0.00205100  -0.00205100   0.00060080  -0.00060080   0.00206500  -0.00206500   0.08814000  -0.08814000   0.00026960  -0.00026960   0.10050000  -0.10050000   0.00027240  -0.00027240   0.08839000  -0.08839000 
 -1.56610000   0.00253500  -0.00253500   0.00079090  -0.00079090   0.00068200  -0.00068200   0.00079960  -0.00079960   0.04918000  -0.04918000   0.00022550  -0.00022550   0.05261000  -0.05261000   0.00022170  -0.00022170   0.04900000  -0.04900000 
 -1.45110000   0.00170500  -0.00170500   0.00025640  -0.00025640   0.00062110  -0.00062120   0.00026120  -0.00026120   0.02074000  -0.02074000   0.00014040  -0.00014040   0.03096000  -0.03096000   0.00013640  -0.00013640   0.02059000  -0.02059000 
 -1.33510000   0.00146900  -0.00146900   0.00007687  -0.00007687   0.00055160  -0.00055160   0.00007663  -0.00007663   0.00673700  -0.00673700   0.00006028  -0.00006028   0.02661000  -0.02661000   0.00005628  -0.00005628   0.00670600  -0.00670600 
 -1.21910000   0.00141000  -0.00141000   0.00002867  -0.00002867   0.00050280  -0.00050280   0.00002617  -0.00002617   0.00191800  -0.00191800   0.00001950  -0.00001950   0.02620000  -0.02620000   0.00001588  -0.00001588   0.00193900  -0.00193900 
 -1.10310000   0.00099000  -0.00099000   0.00001299  -0.00001299   0.00034160  -0.00034160   0.00001119  -0.00001119   0.00059580  -0.00059580   0.00000563  -0.00000563   0.01866000  -0.01866000   0.00000343  -0.00000343   0.00061200  -0.00061200 
 -0.98810000   0.00042580  -0.00042580   0.00000429  -0.00000429   0.00014310  -0.00014310   0.00000368  -0.00000368   0.00016700  -0.00016700   0.00000141  -0.00000141   0.00812700  -0.00812700   0.00000064  -0.00000064   0.00017110  -0.00017110 
 -0.87210000   0.00010970  -0.00010970   0.00000080  -0.00000080   0.00003578  -0.00003578   0.00000070  -0.00000070   0.00002999  -0.00002999   0.00000024  -0.00000024   0.00212300  -0.00212300   0.00000010  -0.00000010   0.00003034  -0.00003034 
 -0.75610000   0.00001692  -0.00001692   0.00000008  -0.00000008   0.00000536  -0.00000536   0.00000007  -0.00000007   0.00000300  -0.00000300   0.00000002  -0.00000002   0.00033190  -0.00033190   0.00000001  -0.00000001   0.00000298  -0.00000298 
 -0.64010000   0.00000153  -0.00000153   0.00000000  -0.00000000   0.00000048  -0.00000048   0.00000000  -0.00000000   0.00000016  -0.00000016   0.00000000  -0.00000000   0.00003041  -0.00003041   0.00000000  -0.00000000   0.00000016  -0.00000016 
 -0.52510000   0.00000013  -0.00000013   0.00000001  -0.00000001   0.00000002  -0.00000002   0.00000001  -0.00000001   0.00000020  -0.00000020   0.00000000  -0.00000000   0.00000214  -0.00000214   0.00000000  -0.00000000   0.00000017  -0.00000017 
 -0.40910000   0.00000140  -0.00000140   0.00000023  -0.00000023   0.00000000  -0.00000000   0.00000016  -0.00000016   0.00000593  -0.00000593   0.00000009  -0.00000009   0.00001699  -0.00001699   0.00000009  -0.00000009   0.00000514  -0.00000514 
 -0.29310000   0.00002204  -0.00002204   0.00000383  -0.00000383   0.00000006  -0.00000006   0.00000275  -0.00000275   0.00010060  -0.00010060   0.00000164  -0.00000164   0.00028040  -0.00028040   0.00000152  -0.00000152   0.00009193  -0.00009193 
 -0.17710000   0.00019130  -0.00019130   0.00003703  -0.00003703   0.00000050  -0.00000050   0.00002805  -0.00002805   0.00100500  -0.00100500   0.00001607  -0.00001607   0.00259300  -0.00259300   0.00001424  -0.00001424   0.00095310  -0.00095310 
 -0.06210000   0.00094090  -0.00094090   0.00021920  -0.00021920   0.00000249  -0.00000249   0.00017890  -0.00017890   0.00619000  -0.00619000   0.00009179  -0.00009180   0.01410000  -0.01410000   0.00007761  -0.00007761   0.00600900  -0.00600900 
  0.05390000   0.00281400  -0.00281400   0.00084410  -0.00084410   0.00000795  -0.00000795   0.00075010  -0.00075010   0.02479000  -0.02479000   0.00033120  -0.00033120   0.04990000  -0.04990000   0.00026260  -0.00026260   0.02435000  -0.02435000 
  0.16990000   0.00577300  -0.00577300   0.00221900  -0.00221900   0.00001846  -0.00001846   0.00212600  -0.00212600   0.06717000  -0.06717000   0.00086280  -0.00086280   0.12840000  -0.12840000   0.00063980  -0.00063980   0.06631000  -0.06631000 
  0.28590000   0.00895600  -0.00895600   0.00414600  -0.00414600   0.00003808  -0.00003808   0.00419700  -0.00419700   0.13000000  -0.13000000   0.00198900  -0.00198900   0.24790000  -0.24790000   0.00152900  -0.00152900   0.12920000  -0.12920000 
  0.40090000   0.01064000  -0.01064000   0.00602800  -0.00602800   0.00008799  -0.00008799   0.00624500  -0.00624500   0.20580000  -0.20580000   0.00488800  -0.00488800   0.35250000  -0.35250000   0.00439400  -0.00439400   0.20840000  -0.20840000 
  0.51690000   0.01040000  -0.01040000   0.00771600  -0.00771600   0.00022300  -0.00022300   0.00787600  -0.00787600   0.30790000  -0.30790000   0.01234000  -0.01234000   0.38440000  -0.38440000   0.01233000  -0.01233000   0.31700000  -0.31700000 
  0.63290000   0.01028000  -0.01028000   0.00900900  -0.00900900   0.00048740  -0.00048740   0.00897700  -0.00897700   0.41490000  -0.41490000   0.02809000  -0.02809000   0.35910000  -0.35910000   0.02858000  -0.02858000   0.42340000  -0.42340000 
  0.74890000   0.01168000  -0.01168000   0.00914000  -0.00914000   0.00084060  -0.00084060   0.00907600  -0.00907600   0.45500000  -0.45500000   0.05572000  -0.05572000   0.34170000  -0.34170000   0.05557000  -0.05557000   0.44550000  -0.44550000 
  0.86390000   0.01394000  -0.01394000   0.00823400  -0.00823300   0.00122500  -0.00122500   0.00818800  -0.00818800   0.41890000  -0.41890000   0.09546000  -0.09546000   0.36370000  -0.36370000   0.09358000  -0.09358000   0.39180000  -0.39180000 
  0.97990000   0.01536000  -0.01536000   0.00787900  -0.00787900   0.00163800  -0.00163800   0.00761300  -0.00761300   0.36250000  -0.36250000   0.13550000  -0.13550000   0.37680000  -0.37680000   0.13240000  -0.13240000   0.34490000  -0.34490000 
  1.09590000   0.01522000  -0.01522000   0.00855400  -0.00855400   0.00229000  -0.00229000   0.00811800  -0.00811800   0.31610000  -0.31610000   0.16820000  -0.16820000   0.33550000  -0.33550000   0.16420000  -0.16420000   0.32200000  -0.32200000 
  1.21190000   0.01339000  -0.01339000   0.00867600  -0.00867600   0.00354700  -0.00354700   0.00847100  -0.00847100   0.26630000  -0.26630000   0.20940000  -0.20940000   0.24900000  -0.24900000   0.20390000  -0.20390000   0.28280000  -0.28280000 
  1.32690000   0.00960200  -0.00960200   0.00740900  -0.00740900   0.00457500  -0.00457500   0.00753200  -0.00753200   0.20030000  -0.20030000   0.23410000  -0.23410000   0.15070000  -0.15070000   0.23100000  -0.23100000   0.21320000  -0.21320000 
  1.44290000   0.00563100  -0.00563100   0.00576700  -0.00576700   0.00430800  -0.00430800   0.00591400  -0.00591400   0.14210000  -0.14210000   0.20370000  -0.20370000   0.07532000  -0.07532000   0.20500000  -0.20500000   0.14660000  -0.14660000 
  1.55890000   0.00348100  -0.00348100   0.00480700  -0.00480700   0.00422900  -0.00422900   0.00482400  -0.00482400   0.11250000  -0.11250000   0.18230000  -0.18230000   0.03435000  -0.03435000   0.18190000  -0.18190000   0.11240000  -0.11240000 
  1.67490000   0.00262400  -0.00262400   0.00422400  -0.00422400   0.00523800  -0.00523800   0.00426800  -0.00426800   0.09440000  -0.09440000   0.21220000  -0.21220000   0.01792000  -0.01792000   0.21010000  -0.21010000   0.09504000  -0.09504000 
  1.78990000   0.00173700  -0.00173700   0.00327800  -0.00327800   0.00525100  -0.00525100   0.00340000  -0.00340000   0.06887000  -0.06887000   0.21660000  -0.21660000   0.01070000  -0.01070000   0.21860000  -0.21860000   0.07088000  -0.07088000 
  1.90590000   0.00086840  -0.00086840   0.00218100  -0.00218100   0.00384200  -0.00384200   0.00227500  -0.00227500   0.04318000  -0.04318000   0.17560000  -0.17560000   0.00550400  -0.00550400   0.17900000  -0.17900000   0.04454000  -0.04454000 
  2.02190000   0.00045720  -0.00045710   0.00128200  -0.00128200   0.00321600  -0.00321600   0.00132900  -0.00132900   0.02304000  -0.02304000   0.16860000  -0.16860000   0.00313200  -0.00313200   0.16860000  -0.16860000   0.02334000  -0.02334000 
  2.13790000   0.00034940  -0.00034810   0.00070010  -0.00069980   0.00347700  -0.00347700   0.00072100  -0.00072090   0.00939500  -0.00939500   0.19300000  -0.19300000   0.00302100  -0.00301900   0.19180000  -0.19180000   0.00938400  -0.00938300 
  2.25390000   0.00030470  -0.00029370   0.00041080  -0.00040830   0.00305100  -0.00304900   0.00040900  -0.00040820   0.00311800  -0.00311600   0.19260000  -0.19260000   0.00281100  -0.00279600   0.19110000  -0.19090000   0.00315800  -0.00314900 
  2.36890000   0.00035960  -0.00030610   0.00030850  -0.00029730   0.00224400  -0.00223100   0.00028440  -0.00027950   0.00133000  -0.00132000   0.19820000  -0.19890000   0.00205300  -0.00198000   0.19500000  -0.19430000   0.00134000  -0.00129700 
  2.48490000   0.00054230  -0.00040130   0.00033410  -0.00030600   0.00192400  -0.00189000   0.00027660  -0.00026040   0.00110600  -0.00108100   0.22380000  -0.22830000   0.00162300  -0.00143800   0.22090000  -0.21940000   0.00109200  -0.00097570 
  2.60090000   0.00062730  -0.00042900   0.00034890  -0.00031110   0.00162600  -0.00158200   0.00025560  -0.00022840   0.00098790  -0.00095890   0.20680000  -0.22130000   0.00138200  -0.00115100   0.20240000  -0.20030000   0.00108400  -0.00091190 
  2.71690000   0.00044980  -0.00030420   0.00025170  -0.00022600   0.00100600  -0.00098240   0.00015980  -0.00013720   0.00061180  -0.00060370   0.13450000  -0.15850000   0.00086140  -0.00074170   0.12580000  -0.12400000   0.00078630  -0.00065000 
  2.83190000   0.00018960  -0.00013560   0.00011480  -0.00010760   0.00042240  -0.00042290   0.00006230  -0.00005362   0.00024710  -0.00025820   0.05898000  -0.07968000   0.00032550  -0.00032280   0.05097000  -0.04989000   0.00036730  -0.00031320 
  2.94790000   0.00004607  -0.00003665   0.00003202  -0.00003228   0.00011600  -0.00012140   0.00001495  -0.00001380   0.00006478  -0.00007471   0.01661000  -0.02598000   0.00007089  -0.00008901   0.01317000  -0.01279000   0.00010660  -0.00009777 
  3.06390000   0.00000637  -0.00000577   0.00000526  -0.00000581   0.00001958  -0.00002159   0.00000217  -0.00000228   0.00001059  -0.00001371   0.00282100  -0.00505200   0.00000875  -0.00001476   0.00209000  -0.00202400   0.00001843  -0.00001859 
  3.17990000   0.00000050  -0.00000051   0.00000049  -0.00000060   0.00000190  -0.00000221   0.00000019  -0.00000023   0.00000101  -0.00000147   0.00027320  -0.00055210   0.00000061  -0.00000140   0.00019480  -0.00019010   0.00000181  -0.00000203 
  3.29490000   0.00000002  -0.00000002   0.00000003  -0.00000003   0.00000010  -0.00000012   0.00000001  -0.00000001   0.00000005  -0.00000009   0.00001453  -0.00003281   0.00000002  -0.00000007   0.00001023  -0.00001020   0.00000010  -0.00000012 
  3.41090000   0.00000000  -0.00000000   0.00000000  -0.00000000   0.00000000  -0.00000000   0.00000000  -0.00000000   0.00000000  -0.00000000   0.00000041  -0.00000104   0.00000000  -0.00000000   0.00000029  -0.00000030   0.00000000  -0.00000000 
  3.52690000   0.00000000  -0.00000000   0.00000000  -0.00000000   0.00000000  -0.00000000   0.00000000  -0.00000000   0.00000000  -0.00000000   0.00000001  -0.00000002   0.00000000  -0.00000000   0.00000000  -0.00000000   0.00000000  -0.00000000 
  3.64290000   0.00000000  -0.00000000   0.00000000  -0.00000000   0.00000000  -0.00000000   0.00000000  -0.00000000   0.00000000  -0.00000000   0.00000000  -0.00000000   0.00000000  -0.00000000   0.00000000  -0.00000000   0.00000000  -0.00000000 
  3.75790000   0.00000000  -0.00000000   0.00000000  -0.00000000   0.00000000  -0.00000000   0.00000000  -0.00000000   0.00000000  -0.00000000   0.00000000  -0.00000000   0.00000000  -0.00000000   0.00000000  -0.00000000   0.00000000  -0.00000000 
  3.87390000   0.00000000  -0.00000000   0.00000000  -0.00000000   0.00000000  -0.00000000   0.00000000  -0.00000000   0.00000000  -0.00000000   0.00000000  -0.00000000   0.00000000  -0.00000000   0.00000000  -0.00000000   0.00000000  -0.00000000 
  3.98990000   0.00000000  -0.00000000   0.00000000  -0.00000000   0.00000000  -0.00000000   0.00000000  -0.00000000   0.00000000  -0.00000000   0.00000000  -0.00000000   0.00000000  -0.00000000   0.00000000  -0.00000000   0.00000000  -0.00000000 
  4.10590000   0.00000000  -0.00000000   0.00000000  -0.00000000   0.00000000  -0.00000000   0.00000000  -0.00000000   0.00000000  -0.00000000   0.00000000  -0.00000000   0.00000000  -0.00000000   0.00000000  -0.00000000   0.00000000  -0.00000000 
  4.22090000   0.00000000  -0.00000000   0.00000000  -0.00000000   0.00000000  -0.00000000   0.00000000  -0.00000000   0.00000000  -0.00000000   0.00000000  -0.00000000   0.00000000  -0.00000000   0.00000000  -0.00000000   0.00000000  -0.00000000 
  4.33690000   0.00000000  -0.00000000   0.00000000  -0.00000000   0.00000000  -0.00000000   0.00000000  -0.00000000   0.00000000  -0.00000000   0.00000000  -0.00000000   0.00000000  -0.00000000   0.00000000  -0.00000000   0.00000000  -0.00000000 
  4.45290000   0.00000000  -0.00000000   0.00000000  -0.00000000   0.00000000  -0.00000000   0.00000000  -0.00000000   0.00000000  -0.00000000   0.00000000  -0.00000000   0.00000000  -0.00000000   0.00000000  -0.00000000   0.00000000  -0.00000000 
  4.56890000   0.00000000  -0.00000000   0.00000000  -0.00000000   0.00000000  -0.00000000   0.00000000  -0.00000000   0.00000000  -0.00000000   0.00000000  -0.00000000   0.00000000  -0.00000000   0.00000000  -0.00000000   0.00000000  -0.00000000 
  4.68390000   0.00000000  -0.00000000   0.00000000  -0.00000000   0.00000000  -0.00000000   0.00000000  -0.00000000   0.00000000  -0.00000000   0.00000000  -0.00000000   0.00000000  -0.00000000   0.00000000  -0.00000000   0.00000000  -0.00000000 
