-30.04310000   0.00000000  -0.00000000   0.00000000  -0.00000000   0.00000000  -0.00000000   0.00000000  -0.00000000   0.00000000  -0.00000000   0.00000000  -0.00000000   0.00000000  -0.00000000   0.00000000  -0.00000000   0.00000000  -0.00000000 
-29.92710000   0.00000000  -0.00000000   0.00000000  -0.00000000   0.00000000  -0.00000000   0.00000000  -0.00000000   0.00000000  -0.00000000   0.00000000  -0.00000000   0.00000000  -0.00000000   0.00000000  -0.00000000   0.00000000  -0.00000000 
-29.81110000   0.00000000  -0.00000000   0.00000000  -0.00000000   0.00000000  -0.00000000   0.00000000  -0.00000000   0.00000000  -0.00000000   0.00000000  -0.00000000   0.00000000  -0.00000000   0.00000000  -0.00000000   0.00000000  -0.00000000 
-29.69510000   0.00000000  -0.00000000   0.00000000  -0.00000000   0.00000000  -0.00000000   0.00000000  -0.00000000   0.00000000  -0.00000000   0.00000000  -0.00000000   0.00000000  -0.00000000   0.00000000  -0.00000000   0.00000000  -0.00000000 
-29.58010000   0.00000000  -0.00000000   0.00000000  -0.00000000   0.00000000  -0.00000000   0.00000000  -0.00000000   0.00000000  -0.00000000   0.00000000  -0.00000000   0.00000000  -0.00000000   0.00000000  -0.00000000   0.00000000  -0.00000000 
-29.46410000   0.00000000  -0.00000000   0.00000000  -0.00000000   0.00000000  -0.00000000   0.00000000  -0.00000000   0.00000000  -0.00000000   0.00000000  -0.00000000   0.00000000  -0.00000000   0.00000000  -0.00000000   0.00000000  -0.00000000 
-29.34810000   0.00000000  -0.00000000   0.00000000  -0.00000000   0.00000000  -0.00000000   0.00000000  -0.00000000   0.00000000  -0.00000000   0.00000000  -0.00000000   0.00000000  -0.00000000   0.00000000  -0.00000000   0.00000000  -0.00000000 
-29.23210000   0.00000000  -0.00000000   0.00000000  -0.00000000   0.00000000  -0.00000000   0.00000000  -0.00000000   0.00000000  -0.00000000   0.00000000  -0.00000000   0.00000000  -0.00000000   0.00000000  -0.00000000   0.00000000  -0.00000000 
-29.11710000   0.00000000  -0.00000000   0.00000000  -0.00000000   0.00000000  -0.00000000   0.00000000  -0.00000000   0.00000000  -0.00000000   0.00000000  -0.00000000   0.00000000  -0.00000000   0.00000000  -0.00000000   0.00000000  -0.00000000 
-29.00110000   0.00000000  -0.00000000   0.00000000  -0.00000000   0.00000000  -0.00000000   0.00000000  -0.00000000   0.00000000  -0.00000000   0.00000000  -0.00000000   0.00000000  -0.00000000   0.00000000  -0.00000000   0.00000000  -0.00000000 
-28.88510000   0.00000000  -0.00000000   0.00000000  -0.00000000   0.00000000  -0.00000000   0.00000000  -0.00000000   0.00000000  -0.00000000   0.00000000  -0.00000000   0.00000000  -0.00000000   0.00000000  -0.00000000   0.00000000  -0.00000000 
-28.76910000   0.00000000  -0.00000000   0.00000000  -0.00000000   0.00000000  -0.00000000   0.00000000  -0.00000000   0.00000000  -0.00000000   0.00000000  -0.00000000   0.00000000  -0.00000000   0.00000000  -0.00000000   0.00000000  -0.00000000 
-28.65410000   0.00000000  -0.00000000   0.00000000  -0.00000000   0.00000000  -0.00000000   0.00000000  -0.00000000   0.00000000  -0.00000000   0.00000000  -0.00000000   0.00000000  -0.00000000   0.00000000  -0.00000000   0.00000000  -0.00000000 
-28.53810000   0.00000000  -0.00000000   0.00000000  -0.00000000   0.00000000  -0.00000000   0.00000000  -0.00000000   0.00000000  -0.00000000   0.00000000  -0.00000000   0.00000000  -0.00000000   0.00000000  -0.00000000   0.00000000  -0.00000000 
-28.42210000   0.00000000  -0.00000000   0.00000000  -0.00000000   0.00000000  -0.00000000   0.00000000  -0.00000000   0.00000000  -0.00000000   0.00000000  -0.00000000   0.00000000  -0.00000000   0.00000000  -0.00000000   0.00000000  -0.00000000 
-28.30610000   0.00000000  -0.00000000   0.00000000  -0.00000000   0.00000000  -0.00000000   0.00000000  -0.00000000   0.00000000  -0.00000000   0.00000000  -0.00000000   0.00000000  -0.00000000   0.00000000  -0.00000000   0.00000000  -0.00000000 
-28.19110000   0.00000000  -0.00000000   0.00000000  -0.00000000   0.00000000  -0.00000000   0.00000000  -0.00000000   0.00000000  -0.00000000   0.00000000  -0.00000000   0.00000000  -0.00000000   0.00000000  -0.00000000   0.00000000  -0.00000000 
-28.07510000   0.00000000  -0.00000000   0.00000000  -0.00000000   0.00000000  -0.00000000   0.00000000  -0.00000000   0.00000000  -0.00000000   0.00000000  -0.00000000   0.00000000  -0.00000000   0.00000000  -0.00000000   0.00000000  -0.00000000 
-27.95910000   0.00000000  -0.00000000   0.00000000  -0.00000000   0.00000000  -0.00000000   0.00000000  -0.00000000   0.00000000  -0.00000000   0.00000000  -0.00000000   0.00000000  -0.00000000   0.00000000  -0.00000000   0.00000000  -0.00000000 
-27.84310000   0.00000000  -0.00000000   0.00000000  -0.00000000   0.00000000  -0.00000000   0.00000000  -0.00000000   0.00000000  -0.00000000   0.00000000  -0.00000000   0.00000000  -0.00000000   0.00000000  -0.00000000   0.00000000  -0.00000000 
-27.72710000   0.00000000  -0.00000000   0.00000000  -0.00000000   0.00000000  -0.00000000   0.00000000  -0.00000000   0.00000000  -0.00000000   0.00000000  -0.00000000   0.00000000  -0.00000000   0.00000000  -0.00000000   0.00000000  -0.00000000 
-27.61210000   0.00000000  -0.00000000   0.00000000  -0.00000000   0.00000000  -0.00000000   0.00000000  -0.00000000   0.00000000  -0.00000000   0.00000000  -0.00000000   0.00000000  -0.00000000   0.00000000  -0.00000000   0.00000000  -0.00000000 
-27.49610000   0.00000000  -0.00000000   0.00000000  -0.00000000   0.00000000  -0.00000000   0.00000000  -0.00000000   0.00000000  -0.00000000   0.00000000  -0.00000000   0.00000000  -0.00000000   0.00000000  -0.00000000   0.00000000  -0.00000000 
-27.38010000   0.00000000  -0.00000000   0.00000000  -0.00000000   0.00000000  -0.00000000   0.00000000  -0.00000000   0.00000000  -0.00000000   0.00000000  -0.00000000   0.00000000  -0.00000000   0.00000000  -0.00000000   0.00000000  -0.00000000 
-27.26410000   0.00000000  -0.00000000   0.00000000  -0.00000000   0.00000000  -0.00000000   0.00000000  -0.00000000   0.00000000  -0.00000000   0.00000000  -0.00000000   0.00000000  -0.00000000   0.00000000  -0.00000000   0.00000000  -0.00000000 
-27.14910000   0.00000000  -0.00000000   0.00000000  -0.00000000   0.00000000  -0.00000000   0.00000000  -0.00000000   0.00000000  -0.00000000   0.00000000  -0.00000000   0.00000000  -0.00000000   0.00000000  -0.00000000   0.00000000  -0.00000000 
-27.03310000   0.00000000  -0.00000000   0.00000000  -0.00000000   0.00000000  -0.00000000   0.00000000  -0.00000000   0.00000000  -0.00000000   0.00000000  -0.00000000   0.00000000  -0.00000000   0.00000000  -0.00000000   0.00000000  -0.00000000 
-26.91710000   0.00000000  -0.00000000   0.00000000  -0.00000000   0.00000000  -0.00000000   0.00000000  -0.00000000   0.00000000  -0.00000000   0.00000000  -0.00000000   0.00000000  -0.00000000   0.00000000  -0.00000000   0.00000000  -0.00000000 
-26.80110000   0.00000000  -0.00000000   0.00000000  -0.00000000   0.00000000  -0.00000000   0.00000000  -0.00000000   0.00000000  -0.00000000   0.00000000  -0.00000000   0.00000000  -0.00000000   0.00000000  -0.00000000   0.00000000  -0.00000000 
-26.68610000   0.00000000  -0.00000000   0.00000000  -0.00000000   0.00000000  -0.00000000   0.00000000  -0.00000000   0.00000000  -0.00000000   0.00000000  -0.00000000   0.00000000  -0.00000000   0.00000000  -0.00000000   0.00000000  -0.00000000 
-26.57010000   0.00000000  -0.00000000   0.00000000  -0.00000000   0.00000000  -0.00000000   0.00000000  -0.00000000   0.00000000  -0.00000000   0.00000000  -0.00000000   0.00000000  -0.00000000   0.00000000  -0.00000000   0.00000000  -0.00000000 
-26.45410000   0.00000000  -0.00000000   0.00000000  -0.00000000   0.00000000  -0.00000000   0.00000000  -0.00000000   0.00000000  -0.00000000   0.00000000  -0.00000000   0.00000000  -0.00000000   0.00000000  -0.00000000   0.00000000  -0.00000000 
-26.33810000   0.00000000  -0.00000000   0.00000000  -0.00000000   0.00000000  -0.00000000   0.00000000  -0.00000000   0.00000000  -0.00000000   0.00000000  -0.00000000   0.00000000  -0.00000000   0.00000000  -0.00000000   0.00000000  -0.00000000 
-26.22310000   0.00000000  -0.00000000   0.00000000  -0.00000000   0.00000000  -0.00000000   0.00000000  -0.00000000   0.00000000  -0.00000000   0.00000000  -0.00000000   0.00000000  -0.00000000   0.00000000  -0.00000000   0.00000000  -0.00000000 
-26.10710000   0.00000000  -0.00000000   0.00000000  -0.00000000   0.00000000  -0.00000000   0.00000000  -0.00000000   0.00000000  -0.00000000   0.00000000  -0.00000000   0.00000000  -0.00000000   0.00000000  -0.00000000   0.00000000  -0.00000000 
-25.99110000   0.00000000  -0.00000000   0.00000000  -0.00000000   0.00000000  -0.00000000   0.00000000  -0.00000000   0.00000000  -0.00000000   0.00000000  -0.00000000   0.00000000  -0.00000000   0.00000000  -0.00000000   0.00000000  -0.00000000 
-25.87510000   0.00000000  -0.00000000   0.00000000  -0.00000000   0.00000000  -0.00000000   0.00000000  -0.00000000   0.00000000  -0.00000000   0.00000000  -0.00000000   0.00000000  -0.00000000   0.00000000  -0.00000000   0.00000000  -0.00000000 
-25.76010000   0.00000000  -0.00000000   0.00000000  -0.00000000   0.00000000  -0.00000000   0.00000000  -0.00000000   0.00000000  -0.00000000   0.00000000  -0.00000000   0.00000000  -0.00000000   0.00000000  -0.00000000   0.00000000  -0.00000000 
-25.64410000   0.00000000  -0.00000000   0.00000000  -0.00000000   0.00000000  -0.00000000   0.00000000  -0.00000000   0.00000000  -0.00000000   0.00000000  -0.00000000   0.00000000  -0.00000000   0.00000000  -0.00000000   0.00000000  -0.00000000 
-25.52810000   0.00000000  -0.00000000   0.00000000  -0.00000000   0.00000000  -0.00000000   0.00000000  -0.00000000   0.00000000  -0.00000000   0.00000000  -0.00000000   0.00000000  -0.00000000   0.00000000  -0.00000000   0.00000000  -0.00000000 
-25.41210000   0.00000000  -0.00000000   0.00000000  -0.00000000   0.00000000  -0.00000000   0.00000000  -0.00000000   0.00000000  -0.00000000   0.00000000  -0.00000000   0.00000000  -0.00000000   0.00000000  -0.00000000   0.00000000  -0.00000000 
-25.29710000   0.00000000  -0.00000000   0.00000000  -0.00000000   0.00000000  -0.00000000   0.00000000  -0.00000000   0.00000000  -0.00000000   0.00000000  -0.00000000   0.00000000  -0.00000000   0.00000000  -0.00000000   0.00000000  -0.00000000 
-25.18110000   0.00000000  -0.00000000   0.00000000  -0.00000000   0.00000000  -0.00000000   0.00000000  -0.00000000   0.00000000  -0.00000000   0.00000000  -0.00000000   0.00000000  -0.00000000   0.00000000  -0.00000000   0.00000000  -0.00000000 
-25.06510000   0.00000000  -0.00000000   0.00000000  -0.00000000   0.00000000  -0.00000000   0.00000000  -0.00000000   0.00000000  -0.00000000   0.00000000  -0.00000000   0.00000000  -0.00000000   0.00000000  -0.00000000   0.00000000  -0.00000000 
-24.94910000   0.00000000  -0.00000000   0.00000000  -0.00000000   0.00000000  -0.00000000   0.00000000  -0.00000000   0.00000000  -0.00000000   0.00000000  -0.00000000   0.00000000  -0.00000000   0.00000000  -0.00000000   0.00000000  -0.00000000 
-24.83410000   0.00000000  -0.00000000   0.00000000  -0.00000000   0.00000000  -0.00000000   0.00000000  -0.00000000   0.00000000  -0.00000000   0.00000000  -0.00000000   0.00000000  -0.00000000   0.00000000  -0.00000000   0.00000000  -0.00000000 
-24.71810000   0.00000000  -0.00000000   0.00000000  -0.00000000   0.00000000  -0.00000000   0.00000000  -0.00000000   0.00000000  -0.00000000   0.00000000  -0.00000000   0.00000000  -0.00000000   0.00000000  -0.00000000   0.00000000  -0.00000000 
-24.60210000   0.00000000  -0.00000000   0.00000000  -0.00000000   0.00000000  -0.00000000   0.00000000  -0.00000000   0.00000000  -0.00000000   0.00000000  -0.00000000   0.00000000  -0.00000000   0.00000000  -0.00000000   0.00000000  -0.00000000 
-24.48610000   0.00000000  -0.00000000   0.00000000  -0.00000000   0.00000000  -0.00000000   0.00000000  -0.00000000   0.00000000  -0.00000000   0.00000000  -0.00000000   0.00000000  -0.00000000   0.00000000  -0.00000000   0.00000000  -0.00000000 
-24.37110000   0.00000000  -0.00000000   0.00000000  -0.00000000   0.00000000  -0.00000000   0.00000000  -0.00000000   0.00000000  -0.00000000   0.00000000  -0.00000000   0.00000000  -0.00000000   0.00000000  -0.00000000   0.00000000  -0.00000000 
-24.25510000   0.00000000  -0.00000000   0.00000000  -0.00000000   0.00000000  -0.00000000   0.00000000  -0.00000000   0.00000000  -0.00000000   0.00000000  -0.00000000   0.00000000  -0.00000000   0.00000000  -0.00000000   0.00000000  -0.00000000 
-24.13910000   0.00000000  -0.00000000   0.00000000  -0.00000000   0.00000000  -0.00000000   0.00000000  -0.00000000   0.00000000  -0.00000000   0.00000000  -0.00000000   0.00000000  -0.00000000   0.00000000  -0.00000000   0.00000000  -0.00000000 
-24.02310000   0.00000000  -0.00000000   0.00000000  -0.00000000   0.00000000  -0.00000000   0.00000000  -0.00000000   0.00000000  -0.00000000   0.00000000  -0.00000000   0.00000000  -0.00000000   0.00000000  -0.00000000   0.00000000  -0.00000000 
-23.90810000   0.00000000  -0.00000000   0.00000000  -0.00000000   0.00000000  -0.00000000   0.00000000  -0.00000000   0.00000000  -0.00000000   0.00000000  -0.00000000   0.00000000  -0.00000000   0.00000000  -0.00000000   0.00000000  -0.00000000 
-23.79210000   0.00000000  -0.00000000   0.00000000  -0.00000000   0.00000000  -0.00000000   0.00000000  -0.00000000   0.00000000  -0.00000000   0.00000000  -0.00000000   0.00000000  -0.00000000   0.00000000  -0.00000000   0.00000000  -0.00000000 
-23.67610000   0.00000000  -0.00000000   0.00000000  -0.00000000   0.00000000  -0.00000000   0.00000000  -0.00000000   0.00000000  -0.00000000   0.00000000  -0.00000000   0.00000000  -0.00000000   0.00000000  -0.00000000   0.00000000  -0.00000000 
-23.56010000   0.00000000  -0.00000000   0.00000000  -0.00000000   0.00000000  -0.00000000   0.00000000  -0.00000000   0.00000000  -0.00000000   0.00000000  -0.00000000   0.00000000  -0.00000000   0.00000000  -0.00000000   0.00000000  -0.00000000 
-23.44410000   0.00000000  -0.00000000   0.00000000  -0.00000000   0.00000000  -0.00000000   0.00000000  -0.00000000   0.00000000  -0.00000000   0.00000000  -0.00000000   0.00000000  -0.00000000   0.00000000  -0.00000000   0.00000000  -0.00000000 
-23.32910000   0.00000000  -0.00000000   0.00000000  -0.00000000   0.00000000  -0.00000000   0.00000000  -0.00000000   0.00000000  -0.00000000   0.00000000  -0.00000000   0.00000000  -0.00000000   0.00000000  -0.00000000   0.00000000  -0.00000000 
-23.21310000   0.00000000  -0.00000000   0.00000000  -0.00000000   0.00000000  -0.00000000   0.00000000  -0.00000000   0.00000000  -0.00000000   0.00000000  -0.00000000   0.00000000  -0.00000000   0.00000000  -0.00000000   0.00000000  -0.00000000 
-23.09710000   0.00000000  -0.00000000   0.00000000  -0.00000000   0.00000000  -0.00000000   0.00000000  -0.00000000   0.00000000  -0.00000000   0.00000000  -0.00000000   0.00000000  -0.00000000   0.00000000  -0.00000000   0.00000000  -0.00000000 
-22.98110000   0.00000000  -0.00000000   0.00000000  -0.00000000   0.00000000  -0.00000000   0.00000000  -0.00000000   0.00000000  -0.00000000   0.00000000  -0.00000000   0.00000000  -0.00000000   0.00000000  -0.00000000   0.00000000  -0.00000000 
-22.86610000   0.00000000  -0.00000000   0.00000000  -0.00000000   0.00000000  -0.00000000   0.00000000  -0.00000000   0.00000000  -0.00000000   0.00000000  -0.00000000   0.00000000  -0.00000000   0.00000000  -0.00000000   0.00000000  -0.00000000 
-22.75010000   0.00000000  -0.00000000   0.00000000  -0.00000000   0.00000000  -0.00000000   0.00000000  -0.00000000   0.00000000  -0.00000000   0.00000000  -0.00000000   0.00000000  -0.00000000   0.00000000  -0.00000000   0.00000000  -0.00000000 
-22.63410000   0.00000000  -0.00000000   0.00000000  -0.00000000   0.00000000  -0.00000000   0.00000000  -0.00000000   0.00000000  -0.00000000   0.00000000  -0.00000000   0.00000000  -0.00000000   0.00000000  -0.00000000   0.00000000  -0.00000000 
-22.51810000   0.00000000  -0.00000000   0.00000000  -0.00000000   0.00000000  -0.00000000   0.00000000  -0.00000000   0.00000000  -0.00000000   0.00000000  -0.00000000   0.00000000  -0.00000000   0.00000000  -0.00000000   0.00000000  -0.00000000 
-22.40310000   0.00000000  -0.00000000   0.00000000  -0.00000000   0.00000000  -0.00000000   0.00000000  -0.00000000   0.00000000  -0.00000000   0.00000000  -0.00000000   0.00000000  -0.00000000   0.00000000  -0.00000000   0.00000000  -0.00000000 
-22.28710000   0.00000000  -0.00000000   0.00000000  -0.00000000   0.00000000  -0.00000000   0.00000000  -0.00000000   0.00000000  -0.00000000   0.00000000  -0.00000000   0.00000000  -0.00000000   0.00000000  -0.00000000   0.00000000  -0.00000000 
-22.17110000   0.00000000  -0.00000000   0.00000000  -0.00000000   0.00000000  -0.00000000   0.00000000  -0.00000000   0.00000000  -0.00000000   0.00000000  -0.00000000   0.00000000  -0.00000000   0.00000000  -0.00000000   0.00000000  -0.00000000 
-22.05510000   0.00000000  -0.00000000   0.00000000  -0.00000000   0.00000000  -0.00000000   0.00000000  -0.00000000   0.00000000  -0.00000000   0.00000000  -0.00000000   0.00000000  -0.00000000   0.00000000  -0.00000000   0.00000000  -0.00000000 
-21.94010000   0.00000000  -0.00000000   0.00000000  -0.00000000   0.00000000  -0.00000000   0.00000000  -0.00000000   0.00000000  -0.00000000   0.00000000  -0.00000000   0.00000000  -0.00000000   0.00000000  -0.00000000   0.00000000  -0.00000000 
-21.82410000   0.00000000  -0.00000000   0.00000000  -0.00000000   0.00000000  -0.00000000   0.00000000  -0.00000000   0.00000000  -0.00000000   0.00000000  -0.00000000   0.00000000  -0.00000000   0.00000000  -0.00000000   0.00000000  -0.00000000 
-21.70810000   0.00000000  -0.00000000   0.00000000  -0.00000000   0.00000000  -0.00000000   0.00000000  -0.00000000   0.00000000  -0.00000000   0.00000000  -0.00000000   0.00000000  -0.00000000   0.00000000  -0.00000000   0.00000000  -0.00000000 
-21.59210000   0.00000000  -0.00000000   0.00000000  -0.00000000   0.00000000  -0.00000000   0.00000000  -0.00000000   0.00000000  -0.00000000   0.00000000  -0.00000000   0.00000000  -0.00000000   0.00000000  -0.00000000   0.00000000  -0.00000000 
-21.47710000   0.00000000  -0.00000000   0.00000000  -0.00000000   0.00000000  -0.00000000   0.00000000  -0.00000000   0.00000000  -0.00000000   0.00000000  -0.00000000   0.00000000  -0.00000000   0.00000000  -0.00000000   0.00000000  -0.00000000 
-21.36110000   0.00000000  -0.00000000   0.00000000  -0.00000000   0.00000000  -0.00000000   0.00000000  -0.00000000   0.00000000  -0.00000000   0.00000000  -0.00000000   0.00000000  -0.00000000   0.00000000  -0.00000000   0.00000000  -0.00000000 
-21.24510000   0.00000000  -0.00000000   0.00000000  -0.00000000   0.00000000  -0.00000000   0.00000000  -0.00000000   0.00000000  -0.00000000   0.00000000  -0.00000000   0.00000000  -0.00000000   0.00000000  -0.00000000   0.00000000  -0.00000000 
-21.12910000   0.00000000  -0.00000000   0.00000000  -0.00000000   0.00000000  -0.00000000   0.00000000  -0.00000000   0.00000000  -0.00000000   0.00000000  -0.00000000   0.00000000  -0.00000000   0.00000000  -0.00000000   0.00000000  -0.00000000 
-21.01410000   0.00000000  -0.00000000   0.00000000  -0.00000000   0.00000000  -0.00000000   0.00000000  -0.00000000   0.00000000  -0.00000000   0.00000000  -0.00000000   0.00000000  -0.00000000   0.00000000  -0.00000000   0.00000000  -0.00000000 
-20.89810000   0.00000000  -0.00000000   0.00000000  -0.00000000   0.00000000  -0.00000000   0.00000000  -0.00000000   0.00000000  -0.00000000   0.00000000  -0.00000000   0.00000000  -0.00000000   0.00000000  -0.00000000   0.00000000  -0.00000000 
-20.78210000   0.00000000  -0.00000000   0.00000000  -0.00000000   0.00000000  -0.00000000   0.00000000  -0.00000000   0.00000000  -0.00000000   0.00000000  -0.00000000   0.00000000  -0.00000000   0.00000000  -0.00000000   0.00000000  -0.00000000 
-20.66610000   0.00000000  -0.00000000   0.00000000  -0.00000000   0.00000000  -0.00000000   0.00000000  -0.00000000   0.00000000  -0.00000000   0.00000000  -0.00000000   0.00000000  -0.00000000   0.00000000  -0.00000000   0.00000000  -0.00000000 
-20.55110000   0.00000000  -0.00000000   0.00000000  -0.00000000   0.00000000  -0.00000000   0.00000000  -0.00000000   0.00000000  -0.00000000   0.00000000  -0.00000000   0.00000000  -0.00000000   0.00000000  -0.00000000   0.00000000  -0.00000000 
-20.43510000   0.00000000  -0.00000000   0.00000000  -0.00000000   0.00000000  -0.00000000   0.00000000  -0.00000000   0.00000000  -0.00000000   0.00000000  -0.00000000   0.00000000  -0.00000000   0.00000000  -0.00000000   0.00000000  -0.00000000 
-20.31910000   0.00000000  -0.00000000   0.00000000  -0.00000000   0.00000000  -0.00000000   0.00000000  -0.00000000   0.00000000  -0.00000000   0.00000000  -0.00000000   0.00000000  -0.00000000   0.00000000  -0.00000000   0.00000000  -0.00000000 
-20.20310000   0.00000000  -0.00000000   0.00000000  -0.00000000   0.00000000  -0.00000000   0.00000000  -0.00000000   0.00000000  -0.00000000   0.00000000  -0.00000000   0.00000000  -0.00000000   0.00000000  -0.00000000   0.00000000  -0.00000000 
-20.08810000   0.00000000  -0.00000000   0.00000000  -0.00000000   0.00000000  -0.00000000   0.00000000  -0.00000000   0.00000000  -0.00000000   0.00000000  -0.00000000   0.00000000  -0.00000000   0.00000000  -0.00000000   0.00000000  -0.00000000 
-19.97210000   0.00000000  -0.00000000   0.00000000  -0.00000000   0.00000000  -0.00000000   0.00000000  -0.00000000   0.00000000  -0.00000000   0.00000000  -0.00000000   0.00000000  -0.00000000   0.00000000  -0.00000000   0.00000000  -0.00000000 
-19.85610000   0.00000000  -0.00000000   0.00000000  -0.00000000   0.00000000  -0.00000000   0.00000000  -0.00000000   0.00000000  -0.00000000   0.00000000  -0.00000000   0.00000000  -0.00000000   0.00000000  -0.00000000   0.00000000  -0.00000000 
-19.74010000   0.00000000  -0.00000000   0.00000000  -0.00000000   0.00000000  -0.00000000   0.00000000  -0.00000000   0.00000000  -0.00000000   0.00000000  -0.00000000   0.00000000  -0.00000000   0.00000000  -0.00000000   0.00000000  -0.00000000 
-19.62510000   0.00000000  -0.00000000   0.00000000  -0.00000000   0.00000000  -0.00000000   0.00000000  -0.00000000   0.00000000  -0.00000000   0.00000000  -0.00000000   0.00000000  -0.00000000   0.00000000  -0.00000000   0.00000000  -0.00000000 
-19.50910000   0.00000001  -0.00000001   0.00000000  -0.00000000   0.00000000  -0.00000000   0.00000000  -0.00000000   0.00000000  -0.00000000   0.00000000  -0.00000000   0.00000000  -0.00000000   0.00000000  -0.00000000   0.00000000  -0.00000000 
-19.39310000   0.00000003  -0.00000003   0.00000001  -0.00000001   0.00000001  -0.00000001   0.00000001  -0.00000001   0.00000001  -0.00000001   0.00000000  -0.00000000   0.00000000  -0.00000000   0.00000001  -0.00000001   0.00000000  -0.00000000 
-19.27710000   0.00000009  -0.00000009   0.00000002  -0.00000002   0.00000002  -0.00000002   0.00000002  -0.00000002   0.00000002  -0.00000002   0.00000001  -0.00000001   0.00000000  -0.00000000   0.00000003  -0.00000003   0.00000000  -0.00000000 
-19.16110000   0.00000013  -0.00000013   0.00000002  -0.00000002   0.00000003  -0.00000003   0.00000004  -0.00000004   0.00000003  -0.00000003   0.00000002  -0.00000002   0.00000000  -0.00000000   0.00000004  -0.00000004   0.00000000  -0.00000000 
-19.04610000   0.00000011  -0.00000011   0.00000002  -0.00000002   0.00000002  -0.00000002   0.00000003  -0.00000003   0.00000002  -0.00000002   0.00000002  -0.00000002   0.00000000  -0.00000000   0.00000003  -0.00000003   0.00000000  -0.00000000 
-18.93010000   0.00000005  -0.00000005   0.00000001  -0.00000001   0.00000001  -0.00000001   0.00000001  -0.00000001   0.00000001  -0.00000001   0.00000001  -0.00000001   0.00000000  -0.00000000   0.00000001  -0.00000001   0.00000000  -0.00000000 
-18.81410000   0.00000001  -0.00000001   0.00000000  -0.00000000   0.00000000  -0.00000000   0.00000000  -0.00000000   0.00000000  -0.00000000   0.00000000  -0.00000000   0.00000000  -0.00000000   0.00000000  -0.00000000   0.00000000  -0.00000000 
-18.69810000   0.00000000  -0.00000000   0.00000000  -0.00000000   0.00000000  -0.00000000   0.00000000  -0.00000000   0.00000000  -0.00000000   0.00000000  -0.00000000   0.00000000  -0.00000000   0.00000000  -0.00000000   0.00000000  -0.00000000 
-18.58310000   0.00000000  -0.00000000   0.00000000  -0.00000000   0.00000000  -0.00000000   0.00000000  -0.00000000   0.00000000  -0.00000000   0.00000000  -0.00000000   0.00000000  -0.00000000   0.00000000  -0.00000000   0.00000000  -0.00000000 
-18.46710000   0.00000000  -0.00000000   0.00000000  -0.00000000   0.00000000  -0.00000000   0.00000000  -0.00000000   0.00000000  -0.00000000   0.00000000  -0.00000000   0.00000000  -0.00000000   0.00000000  -0.00000000   0.00000000  -0.00000000 
-18.35110000   0.00000000  -0.00000000   0.00000000  -0.00000000   0.00000000  -0.00000000   0.00000000  -0.00000000   0.00000000  -0.00000000   0.00000000  -0.00000000   0.00000000  -0.00000000   0.00000000  -0.00000000   0.00000000  -0.00000000 
-18.23510000   0.00000000  -0.00000000   0.00000000  -0.00000000   0.00000000  -0.00000000   0.00000000  -0.00000000   0.00000000  -0.00000000   0.00000000  -0.00000000   0.00000000  -0.00000000   0.00000000  -0.00000000   0.00000000  -0.00000000 
-18.12010000   0.00000000  -0.00000000   0.00000000  -0.00000000   0.00000000  -0.00000000   0.00000000  -0.00000000   0.00000000  -0.00000000   0.00000000  -0.00000000   0.00000000  -0.00000000   0.00000000  -0.00000000   0.00000000  -0.00000000 
-18.00410000   0.00000000  -0.00000000   0.00000000  -0.00000000   0.00000000  -0.00000000   0.00000000  -0.00000000   0.00000000  -0.00000000   0.00000000  -0.00000000   0.00000000  -0.00000000   0.00000000  -0.00000000   0.00000000  -0.00000000 
-17.88810000   0.00000000  -0.00000000   0.00000000  -0.00000000   0.00000000  -0.00000000   0.00000000  -0.00000000   0.00000000  -0.00000000   0.00000000  -0.00000000   0.00000000  -0.00000000   0.00000000  -0.00000000   0.00000000  -0.00000000 
-17.77210000   0.00000000  -0.00000000   0.00000000  -0.00000000   0.00000000  -0.00000000   0.00000000  -0.00000000   0.00000000  -0.00000000   0.00000000  -0.00000000   0.00000000  -0.00000000   0.00000000  -0.00000000   0.00000000  -0.00000000 
-17.65710000   0.00000000  -0.00000000   0.00000000  -0.00000000   0.00000000  -0.00000000   0.00000000  -0.00000000   0.00000000  -0.00000000   0.00000000  -0.00000000   0.00000000  -0.00000000   0.00000000  -0.00000000   0.00000000  -0.00000000 
-17.54110000   0.00000000  -0.00000000   0.00000000  -0.00000000   0.00000000  -0.00000000   0.00000000  -0.00000000   0.00000000  -0.00000000   0.00000000  -0.00000000   0.00000000  -0.00000000   0.00000000  -0.00000000   0.00000000  -0.00000000 
-17.42510000   0.00000000  -0.00000000   0.00000000  -0.00000000   0.00000000  -0.00000000   0.00000000  -0.00000000   0.00000000  -0.00000000   0.00000000  -0.00000000   0.00000000  -0.00000000   0.00000000  -0.00000000   0.00000000  -0.00000000 
-17.30910000   0.00000000  -0.00000000   0.00000000  -0.00000000   0.00000000  -0.00000000   0.00000000  -0.00000000   0.00000000  -0.00000000   0.00000000  -0.00000000   0.00000000  -0.00000000   0.00000000  -0.00000000   0.00000000  -0.00000000 
-17.19410000   0.00000007  -0.00000007   0.00000001  -0.00000001   0.00000001  -0.00000001   0.00000001  -0.00000001   0.00000001  -0.00000001   0.00000001  -0.00000001   0.00000000  -0.00000000   0.00000001  -0.00000001   0.00000000  -0.00000000 
-17.07810000   0.00000053  -0.00000053   0.00000005  -0.00000005   0.00000007  -0.00000007   0.00000009  -0.00000009   0.00000007  -0.00000007   0.00000004  -0.00000004   0.00000000  -0.00000000   0.00000009  -0.00000009   0.00000002  -0.00000002 
-16.96210000   0.00000217  -0.00000217   0.00000020  -0.00000020   0.00000027  -0.00000027   0.00000039  -0.00000039   0.00000027  -0.00000027   0.00000016  -0.00000016   0.00000002  -0.00000002   0.00000035  -0.00000035   0.00000008  -0.00000008 
-16.84610000   0.00000472  -0.00000472   0.00000044  -0.00000044   0.00000059  -0.00000059   0.00000084  -0.00000084   0.00000059  -0.00000059   0.00000035  -0.00000035   0.00000004  -0.00000004   0.00000077  -0.00000077   0.00000018  -0.00000018 
-16.73110000   0.00000546  -0.00000546   0.00000050  -0.00000050   0.00000068  -0.00000068   0.00000097  -0.00000097   0.00000068  -0.00000067   0.00000041  -0.00000041   0.00000005  -0.00000005   0.00000089  -0.00000089   0.00000021  -0.00000021 
-16.61510000   0.00000359  -0.00000359   0.00000033  -0.00000033   0.00000044  -0.00000044   0.00000060  -0.00000060   0.00000042  -0.00000042   0.00000027  -0.00000027   0.00000003  -0.00000003   0.00000056  -0.00000056   0.00000013  -0.00000013 
-16.49910000   0.00000267  -0.00000267   0.00000026  -0.00000026   0.00000028  -0.00000028   0.00000023  -0.00000023   0.00000017  -0.00000017   0.00000018  -0.00000018   0.00000003  -0.00000003   0.00000026  -0.00000026   0.00000008  -0.00000008 
-16.38310000   0.00000654  -0.00000654   0.00000060  -0.00000060   0.00000042  -0.00000042   0.00000018  -0.00000018   0.00000011  -0.00000011   0.00000029  -0.00000029   0.00000005  -0.00000005   0.00000027  -0.00000027   0.00000017  -0.00000017 
-16.26810000   0.00001963  -0.00001963   0.00000153  -0.00000153   0.00000061  -0.00000061   0.00000039  -0.00000039   0.00000014  -0.00000014   0.00000043  -0.00000043   0.00000009  -0.00000009   0.00000037  -0.00000037   0.00000052  -0.00000052 
-16.15210000   0.00007045  -0.00007045   0.00000287  -0.00000287   0.00000056  -0.00000056   0.00000083  -0.00000083   0.00000018  -0.00000018   0.00000041  -0.00000041   0.00000025  -0.00000025   0.00000034  -0.00000034   0.00000108  -0.00000108 
-16.03610000   0.00041960  -0.00041960   0.00000537  -0.00000537   0.00000037  -0.00000037   0.00000303  -0.00000303   0.00000097  -0.00000097   0.00000026  -0.00000026   0.00000164  -0.00000164   0.00000021  -0.00000021   0.00000210  -0.00000210 
-15.92010000   0.00224200  -0.00224200   0.00002044  -0.00002044   0.00000045  -0.00000045   0.00001812  -0.00001812   0.00000696  -0.00000696   0.00000012  -0.00000012   0.00000931  -0.00000931   0.00000011  -0.00000011   0.00000792  -0.00000792 
-15.80510000   0.00752800  -0.00752800   0.00008392  -0.00008392   0.00000235  -0.00000235   0.00007889  -0.00007889   0.00003133  -0.00003133   0.00000010  -0.00000010   0.00003249  -0.00003249   0.00000012  -0.00000012   0.00003293  -0.00003293 
-15.68910000   0.01579000  -0.01579000   0.00024740  -0.00024740   0.00001092  -0.00001092   0.00023370  -0.00023370   0.00009580  -0.00009580   0.00000040  -0.00000040   0.00007217  -0.00007217   0.00000046  -0.00000046   0.00010010  -0.00010010 
-15.57310000   0.02341000  -0.02341000   0.00055160  -0.00055160   0.00003142  -0.00003142   0.00052820  -0.00052820   0.00022490  -0.00022490   0.00000153  -0.00000153   0.00011800  -0.00011800   0.00000158  -0.00000158   0.00023250  -0.00023250 
-15.45710000   0.02839000  -0.02839000   0.00094390  -0.00094390   0.00005889  -0.00005889   0.00092310  -0.00092310   0.00040730  -0.00040730   0.00000435  -0.00000435   0.00016080  -0.00016080   0.00000429  -0.00000429   0.00041360  -0.00041360 
-15.34210000   0.02931000  -0.02931000   0.00129800  -0.00129800   0.00008312  -0.00008312   0.00128700  -0.00128700   0.00059610  -0.00059610   0.00000957  -0.00000957   0.00018670  -0.00018670   0.00000932  -0.00000932   0.00059810  -0.00059810 
-15.22610000   0.02854000  -0.02854000   0.00179200  -0.00179200   0.00009858  -0.00009858   0.00178300  -0.00178300   0.00088350  -0.00088350   0.00001627  -0.00001627   0.00021410  -0.00021410   0.00001580  -0.00001580   0.00088430  -0.00088430 
-15.11010000   0.03014000  -0.03014000   0.00252100  -0.00252100   0.00010450  -0.00010450   0.00251700  -0.00251700   0.00131200  -0.00131200   0.00002490  -0.00002490   0.00026450  -0.00026450   0.00002392  -0.00002392   0.00130800  -0.00130800 
-14.99410000   0.02963000  -0.02963000   0.00296500  -0.00296500   0.00014140  -0.00014140   0.00298100  -0.00298100   0.00162200  -0.00162200   0.00004202  -0.00004202   0.00028670  -0.00028670   0.00003993  -0.00003993   0.00160200  -0.00160200 
-14.87810000   0.02593000  -0.02593000   0.00325500  -0.00325500   0.00040390  -0.00040390   0.00327100  -0.00327100   0.00190400  -0.00190400   0.00007536  -0.00007536   0.00028100  -0.00028100   0.00007053  -0.00007053   0.00186500  -0.00186500 
-14.76310000   0.02565000  -0.02565000   0.00427300  -0.00427300   0.00170100  -0.00170100   0.00423900  -0.00423900   0.00265100  -0.00265100   0.00018850  -0.00018850   0.00032450  -0.00032450   0.00017110  -0.00017110   0.00260800  -0.00260800 
-14.64710000   0.02789000  -0.02789000   0.00553500  -0.00553500   0.00554200  -0.00554200   0.00549300  -0.00549300   0.00359100  -0.00359100   0.00063180  -0.00063180   0.00039010  -0.00039010   0.00057730  -0.00057730   0.00352600  -0.00352600 
-14.53110000   0.02599000  -0.02599000   0.00592900  -0.00592900   0.01201000  -0.01201000   0.00595100  -0.00595100   0.00407900  -0.00407900   0.00179100  -0.00179100   0.00038630  -0.00038630   0.00169300  -0.00169300   0.00395900  -0.00395900 
-14.41510000   0.02266000  -0.02266000   0.00659500  -0.00659500   0.01845000  -0.01845000   0.00659100  -0.00659100   0.00484100  -0.00484100   0.00393000  -0.00393000   0.00036810  -0.00036810   0.00383900  -0.00383900   0.00471100  -0.00471100 
-14.30010000   0.02324000  -0.02324000   0.00886500  -0.00886500   0.02268000  -0.02268000   0.00874000  -0.00874000   0.00681800  -0.00681800   0.00724100  -0.00724100   0.00041710  -0.00041710   0.00717800  -0.00717800   0.00672900  -0.00672900 
-14.18410000   0.02464000  -0.02464000   0.01156000  -0.01156000   0.02450000  -0.02450000   0.01141000  -0.01141000   0.00934300  -0.00934300   0.01201000  -0.01201000   0.00046450  -0.00046450   0.01185000  -0.01185000   0.00927000  -0.00927000 
-14.06810000   0.02336000  -0.02336000   0.01451000  -0.01451000   0.02439000  -0.02439000   0.01421000  -0.01421000   0.01234000  -0.01234000   0.01878000  -0.01878000   0.00045020  -0.00045020   0.01839000  -0.01839000   0.01239000  -0.01239000 
-13.95210000   0.02177000  -0.02177000   0.01932000  -0.01932000   0.02303000  -0.02303000   0.01878000  -0.01878000   0.01706000  -0.01706000   0.02906000  -0.02906000   0.00043050  -0.00043050   0.02825000  -0.02825000   0.01722000  -0.01722000 
-13.83710000   0.01900000  -0.01900000   0.02272000  -0.02272000   0.02083000  -0.02083000   0.02255000  -0.02255000   0.02092000  -0.02092000   0.04514000  -0.04514000   0.00038290  -0.00038290   0.04364000  -0.04364000   0.02060000  -0.02060000 
-13.72110000   0.01270000  -0.01270000   0.02042000  -0.02042000   0.01753000  -0.01753000   0.02092000  -0.02092000   0.01958000  -0.01958000   0.06319000  -0.06319000   0.00025630  -0.00025630   0.06183000  -0.06183000   0.01862000  -0.01862000 
-13.60510000   0.00613800  -0.00613800   0.01378000  -0.01378000   0.01245000  -0.01245000   0.01440000  -0.01440000   0.01355000  -0.01355000   0.06908000  -0.06908000   0.00012200  -0.00012200   0.06970000  -0.06970000   0.01258000  -0.01258000 
-13.48910000   0.00226600  -0.00226600   0.00670500  -0.00670500   0.00669100  -0.00669100   0.00703100  -0.00703100   0.00662900  -0.00662900   0.05333000  -0.05333000   0.00004279  -0.00004279   0.05571000  -0.05571000   0.00612100  -0.00612100 
-13.37410000   0.00066000  -0.00066000   0.00222900  -0.00222900   0.00249400  -0.00249400   0.00232800  -0.00232800   0.00219800  -0.00219800   0.02718000  -0.02718000   0.00001101  -0.00001101   0.02918000  -0.02918000   0.00203900  -0.00203900 
-13.25810000   0.00015020  -0.00015020   0.00050920  -0.00050920   0.00060970  -0.00060970   0.00053090  -0.00053090   0.00050190  -0.00050190   0.00873100  -0.00873100   0.00000206  -0.00000206   0.00953100  -0.00953100   0.00046770  -0.00046770 
-13.14210000   0.00002997  -0.00002997   0.00008574  -0.00008574   0.00009974  -0.00009974   0.00009305  -0.00009305   0.00008798  -0.00008798   0.00171500  -0.00171500   0.00000033  -0.00000033   0.00190000  -0.00190000   0.00007884  -0.00007884 
-13.02610000   0.00001384  -0.00001384   0.00001554  -0.00001554   0.00002113  -0.00002113   0.00002349  -0.00002349   0.00002199  -0.00002199   0.00022200  -0.00022200   0.00000010  -0.00000010   0.00027260  -0.00027260   0.00001369  -0.00001369 
-12.91110000   0.00001272  -0.00001272   0.00000735  -0.00000735   0.00001425  -0.00001425   0.00001579  -0.00001579   0.00001466  -0.00001466   0.00004174  -0.00004174   0.00000007  -0.00000007   0.00007715  -0.00007715   0.00000602  -0.00000602 
-12.79510000   0.00000756  -0.00000756   0.00000401  -0.00000401   0.00000830  -0.00000830   0.00000907  -0.00000907   0.00000841  -0.00000841   0.00001765  -0.00001765   0.00000004  -0.00000004   0.00003820  -0.00003820   0.00000323  -0.00000323 
-12.67910000   0.00000242  -0.00000242   0.00000127  -0.00000127   0.00000265  -0.00000265   0.00000289  -0.00000289   0.00000268  -0.00000268   0.00000549  -0.00000549   0.00000001  -0.00000001   0.00001205  -0.00001205   0.00000102  -0.00000102 
-12.56310000   0.00000041  -0.00000041   0.00000021  -0.00000021   0.00000045  -0.00000045   0.00000049  -0.00000049   0.00000045  -0.00000045   0.00000093  -0.00000093   0.00000000  -0.00000000   0.00000203  -0.00000203   0.00000017  -0.00000017 
-12.44810000   0.00000004  -0.00000004   0.00000002  -0.00000002   0.00000004  -0.00000004   0.00000004  -0.00000004   0.00000004  -0.00000004   0.00000008  -0.00000008   0.00000000  -0.00000000   0.00000018  -0.00000018   0.00000002  -0.00000002 
-12.33210000   0.00000000  -0.00000000   0.00000000  -0.00000000   0.00000000  -0.00000000   0.00000000  -0.00000000   0.00000000  -0.00000000   0.00000000  -0.00000000   0.00000000  -0.00000000   0.00000001  -0.00000001   0.00000000  -0.00000000 
-12.21610000   0.00000000  -0.00000000   0.00000000  -0.00000000   0.00000000  -0.00000000   0.00000000  -0.00000000   0.00000000  -0.00000000   0.00000000  -0.00000000   0.00000000  -0.00000000   0.00000000  -0.00000000   0.00000000  -0.00000000 
-12.10010000   0.00000000  -0.00000000   0.00000000  -0.00000000   0.00000000  -0.00000000   0.00000000  -0.00000000   0.00000000  -0.00000000   0.00000000  -0.00000000   0.00000000  -0.00000000   0.00000000  -0.00000000   0.00000000  -0.00000000 
-11.98510000   0.00000000  -0.00000000   0.00000000  -0.00000000   0.00000000  -0.00000000   0.00000000  -0.00000000   0.00000000  -0.00000000   0.00000000  -0.00000000   0.00000000  -0.00000000   0.00000000  -0.00000000   0.00000000  -0.00000000 
-11.86910000   0.00000000  -0.00000000   0.00000000  -0.00000000   0.00000001  -0.00000001   0.00000000  -0.00000000   0.00000000  -0.00000000   0.00000002  -0.00000002   0.00000001  -0.00000001   0.00000000  -0.00000000   0.00000000  -0.00000000 
-11.75310000   0.00000001  -0.00000001   0.00000000  -0.00000000   0.00000003  -0.00000003   0.00000002  -0.00000002   0.00000001  -0.00000001   0.00000007  -0.00000007   0.00000005  -0.00000005   0.00000001  -0.00000001   0.00000001  -0.00000001 
-11.63710000   0.00000001  -0.00000001   0.00000000  -0.00000000   0.00000008  -0.00000008   0.00000004  -0.00000004   0.00000002  -0.00000002   0.00000016  -0.00000016   0.00000010  -0.00000010   0.00000003  -0.00000003   0.00000002  -0.00000002 
-11.52210000   0.00000002  -0.00000002   0.00000000  -0.00000000   0.00000009  -0.00000009   0.00000005  -0.00000005   0.00000003  -0.00000003   0.00000019  -0.00000019   0.00000013  -0.00000013   0.00000003  -0.00000003   0.00000003  -0.00000003 
-11.40610000   0.00000001  -0.00000001   0.00000000  -0.00000000   0.00000006  -0.00000006   0.00000003  -0.00000003   0.00000002  -0.00000002   0.00000012  -0.00000012   0.00000008  -0.00000008   0.00000002  -0.00000002   0.00000002  -0.00000002 
-11.29010000   0.00000000  -0.00000000   0.00000000  -0.00000000   0.00000002  -0.00000002   0.00000001  -0.00000001   0.00000001  -0.00000001   0.00000004  -0.00000004   0.00000003  -0.00000003   0.00000001  -0.00000001   0.00000001  -0.00000001 
-11.17410000   0.00000000  -0.00000000   0.00000000  -0.00000000   0.00000000  -0.00000000   0.00000000  -0.00000000   0.00000000  -0.00000000   0.00000001  -0.00000001   0.00000001  -0.00000001   0.00000000  -0.00000000   0.00000000  -0.00000000 
-11.05910000   0.00000000  -0.00000000   0.00000000  -0.00000000   0.00000000  -0.00000000   0.00000000  -0.00000000   0.00000000  -0.00000000   0.00000000  -0.00000000   0.00000000  -0.00000000   0.00000000  -0.00000000   0.00000000  -0.00000000 
-10.94310000   0.00000000  -0.00000000   0.00000000  -0.00000000   0.00000000  -0.00000000   0.00000000  -0.00000000   0.00000000  -0.00000000   0.00000000  -0.00000000   0.00000000  -0.00000000   0.00000000  -0.00000000   0.00000000  -0.00000000 
-10.82710000   0.00000000  -0.00000000   0.00000000  -0.00000000   0.00000000  -0.00000000   0.00000000  -0.00000000   0.00000000  -0.00000000   0.00000000  -0.00000000   0.00000000  -0.00000000   0.00000000  -0.00000000   0.00000000  -0.00000000 
-10.71110000   0.00000000  -0.00000000   0.00000000  -0.00000000   0.00000000  -0.00000000   0.00000000  -0.00000000   0.00000000  -0.00000000   0.00000000  -0.00000000   0.00000000  -0.00000000   0.00000000  -0.00000000   0.00000000  -0.00000000 
-10.59510000   0.00000000  -0.00000000   0.00000000  -0.00000000   0.00000000  -0.00000000   0.00000000  -0.00000000   0.00000000  -0.00000000   0.00000000  -0.00000000   0.00000000  -0.00000000   0.00000000  -0.00000000   0.00000000  -0.00000000 
-10.48010000   0.00000000  -0.00000000   0.00000000  -0.00000000   0.00000000  -0.00000000   0.00000000  -0.00000000   0.00000000  -0.00000000   0.00000000  -0.00000000   0.00000000  -0.00000000   0.00000000  -0.00000000   0.00000000  -0.00000000 
-10.36410000   0.00000006  -0.00000006   0.00000001  -0.00000001   0.00000002  -0.00000002   0.00000003  -0.00000003   0.00000003  -0.00000003   0.00000003  -0.00000003   0.00000000  -0.00000000   0.00000007  -0.00000007   0.00000001  -0.00000001 
-10.24810000   0.00000083  -0.00000083   0.00000012  -0.00000012   0.00000025  -0.00000025   0.00000038  -0.00000038   0.00000043  -0.00000043   0.00000037  -0.00000037   0.00000002  -0.00000002   0.00000095  -0.00000095   0.00000017  -0.00000017 
-10.13210000   0.00000567  -0.00000567   0.00000080  -0.00000080   0.00000170  -0.00000170   0.00000258  -0.00000258   0.00000293  -0.00000293   0.00000253  -0.00000253   0.00000016  -0.00000016   0.00000650  -0.00000650   0.00000116  -0.00000116 
-10.01710000   0.00002050  -0.00002050   0.00000287  -0.00000287   0.00000614  -0.00000614   0.00000925  -0.00000925   0.00001058  -0.00001058   0.00000904  -0.00000904   0.00000058  -0.00000058   0.00002347  -0.00002347   0.00000426  -0.00000426 
 -9.90110000   0.00003934  -0.00003934   0.00000548  -0.00000548   0.00001173  -0.00001173   0.00001764  -0.00001764   0.00002026  -0.00002026   0.00001716  -0.00001716   0.00000110  -0.00000110   0.00004502  -0.00004502   0.00000832  -0.00000832 
 -9.78510000   0.00004016  -0.00004016   0.00000557  -0.00000557   0.00001193  -0.00001193   0.00001788  -0.00001788   0.00002064  -0.00002064   0.00001731  -0.00001731   0.00000111  -0.00000111   0.00004595  -0.00004595   0.00000864  -0.00000864 
 -9.66910000   0.00002181  -0.00002181   0.00000301  -0.00000301   0.00000645  -0.00000645   0.00000964  -0.00000964   0.00001118  -0.00001118   0.00000928  -0.00000928   0.00000059  -0.00000059   0.00002495  -0.00002495   0.00000478  -0.00000478 
 -9.55410000   0.00000629  -0.00000629   0.00000087  -0.00000087   0.00000185  -0.00000185   0.00000276  -0.00000276   0.00000322  -0.00000322   0.00000265  -0.00000265   0.00000017  -0.00000017   0.00000720  -0.00000720   0.00000140  -0.00000140 
 -9.43810000   0.00000096  -0.00000096   0.00000013  -0.00000013   0.00000028  -0.00000028   0.00000042  -0.00000042   0.00000049  -0.00000049   0.00000040  -0.00000040   0.00000003  -0.00000003   0.00000110  -0.00000110   0.00000022  -0.00000022 
 -9.32210000   0.00000008  -0.00000008   0.00000001  -0.00000001   0.00000002  -0.00000002   0.00000003  -0.00000003   0.00000004  -0.00000004   0.00000003  -0.00000003   0.00000000  -0.00000000   0.00000009  -0.00000009   0.00000002  -0.00000002 
 -9.20610000   0.00000000  -0.00000000   0.00000000  -0.00000000   0.00000000  -0.00000000   0.00000000  -0.00000000   0.00000000  -0.00000000   0.00000000  -0.00000000   0.00000000  -0.00000000   0.00000000  -0.00000000   0.00000000  -0.00000000 
 -9.09110000   0.00000000  -0.00000000   0.00000000  -0.00000000   0.00000000  -0.00000000   0.00000000  -0.00000000   0.00000000  -0.00000000   0.00000000  -0.00000000   0.00000000  -0.00000000   0.00000000  -0.00000000   0.00000000  -0.00000000 
 -8.97510000   0.00000000  -0.00000000   0.00000000  -0.00000000   0.00000000  -0.00000000   0.00000000  -0.00000000   0.00000000  -0.00000000   0.00000000  -0.00000000   0.00000000  -0.00000000   0.00000000  -0.00000000   0.00000000  -0.00000000 
 -8.85910000   0.00000004  -0.00000004   0.00000000  -0.00000000   0.00000000  -0.00000000   0.00000001  -0.00000001   0.00000001  -0.00000001   0.00000000  -0.00000000   0.00000002  -0.00000002   0.00000002  -0.00000002   0.00000004  -0.00000004 
 -8.74310000   0.00000058  -0.00000058   0.00000001  -0.00000001   0.00000005  -0.00000005   0.00000014  -0.00000014   0.00000013  -0.00000013   0.00000005  -0.00000005   0.00000028  -0.00000028   0.00000025  -0.00000025   0.00000060  -0.00000060 
 -8.62810000   0.00000498  -0.00000498   0.00000005  -0.00000005   0.00000046  -0.00000046   0.00000121  -0.00000121   0.00000113  -0.00000113   0.00000046  -0.00000046   0.00000235  -0.00000235   0.00000217  -0.00000217   0.00000509  -0.00000509 
 -8.51210000   0.00002246  -0.00002246   0.00000024  -0.00000024   0.00000209  -0.00000209   0.00000545  -0.00000545   0.00000507  -0.00000507   0.00000206  -0.00000206   0.00001062  -0.00001062   0.00000979  -0.00000979   0.00002294  -0.00002294 
 -8.39610000   0.00005368  -0.00005368   0.00000059  -0.00000059   0.00000499  -0.00000499   0.00001302  -0.00001302   0.00001213  -0.00001213   0.00000493  -0.00000493   0.00002549  -0.00002549   0.00002339  -0.00002339   0.00005476  -0.00005476 
 -8.28010000   0.00006898  -0.00006898   0.00000086  -0.00000086   0.00000646  -0.00000646   0.00001670  -0.00001670   0.00001573  -0.00001573   0.00000635  -0.00000635   0.00003383  -0.00003383   0.00002999  -0.00002999   0.00006977  -0.00006977 
 -8.16510000   0.00005186  -0.00005186   0.00000115  -0.00000115   0.00000508  -0.00000508   0.00001240  -0.00001240   0.00001266  -0.00001266   0.00000491  -0.00000491   0.00003077  -0.00003077   0.00002236  -0.00002236   0.00004942  -0.00004942 
 -8.04910000   0.00003556  -0.00003556   0.00000216  -0.00000216   0.00000396  -0.00000396   0.00000786  -0.00000786   0.00001122  -0.00001122   0.00000378  -0.00000378   0.00003370  -0.00003370   0.00001525  -0.00001525   0.00002486  -0.00002486 
 -7.93310000   0.00006006  -0.00006006   0.00000489  -0.00000489   0.00000442  -0.00000442   0.00000840  -0.00000840   0.00001891  -0.00001891   0.00000477  -0.00000477   0.00005846  -0.00005846   0.00001825  -0.00001825   0.00002047  -0.00002047 
 -7.81710000   0.00036060  -0.00036060   0.00002482  -0.00002482   0.00000461  -0.00000461   0.00002470  -0.00002470   0.00007513  -0.00007513   0.00000608  -0.00000608   0.00025800  -0.00025800   0.00002372  -0.00002372   0.00007966  -0.00007966 
 -7.70210000   0.00235600  -0.00235600   0.00016790  -0.00016790   0.00000444  -0.00000444   0.00015430  -0.00015430   0.00050080  -0.00050080   0.00000679  -0.00000679   0.00149200  -0.00149200   0.00002359  -0.00002359   0.00054920  -0.00054920 
 -7.58610000   0.00995200  -0.00995200   0.00078060  -0.00078060   0.00000732  -0.00000732   0.00074400  -0.00074400   0.00255600  -0.00255600   0.00001304  -0.00001304   0.00567700  -0.00567700   0.00002801  -0.00002801   0.00265700  -0.00265700 
 -7.47010000   0.02646000  -0.02646000   0.00230400  -0.00230400   0.00002015  -0.00002015   0.00227700  -0.00227700   0.00843200  -0.00843200   0.00006684  -0.00006684   0.01359000  -0.01359000   0.00009341  -0.00009341   0.00826000  -0.00826000 
 -7.35410000   0.04620000  -0.04620000   0.00444500  -0.00444500   0.00005851  -0.00005851   0.00456300  -0.00456300   0.01808000  -0.01808000   0.00050850  -0.00050850   0.02285000  -0.02285000   0.00057570  -0.00057570   0.01702000  -0.01702000 
 -7.23910000   0.05872000  -0.05872000   0.00644000  -0.00644000   0.00016770  -0.00016770   0.00676400  -0.00676400   0.02837000  -0.02837000   0.00306000  -0.00306000   0.03311000  -0.03311000   0.00321300  -0.00321300   0.02684000  -0.02684000 
 -7.12310000   0.06649000  -0.06649000   0.00899500  -0.00899500   0.00049530  -0.00049530   0.00915100  -0.00915100   0.04151000  -0.04151000   0.01212000  -0.01212000   0.04785000  -0.04785000   0.01238000  -0.01238000   0.04112000  -0.04112000 
 -7.00710000   0.07439000  -0.07439000   0.01274000  -0.01274000   0.00136400  -0.00136400   0.01227000  -0.01227000   0.06121000  -0.06121000   0.03072000  -0.03072000   0.06783000  -0.06783000   0.03097000  -0.03097000   0.06278000  -0.06278000 
 -6.89110000   0.07669000  -0.07669000   0.01660000  -0.01660000   0.00313200  -0.00313200   0.01556000  -0.01556000   0.08264000  -0.08264000   0.05042000  -0.05042000   0.09145000  -0.09145000   0.05048000  -0.05048000   0.08513000  -0.08513000 
 -6.77610000   0.07353000  -0.07353000   0.01893000  -0.01893000   0.00658900  -0.00658900   0.01795000  -0.01795000   0.09455000  -0.09455000   0.06085000  -0.06085000   0.10860000  -0.10860000   0.06067000  -0.06067000   0.09578000  -0.09578000 
 -6.66010000   0.06570000  -0.06570000   0.01723000  -0.01723000   0.01337000  -0.01337000   0.01707000  -0.01707000   0.08317000  -0.08317000   0.07206000  -0.07206000   0.10220000  -0.10220000   0.07197000  -0.07197000   0.08291000  -0.08291000 
 -6.54410000   0.05043000  -0.05043000   0.01218000  -0.01218000   0.02153000  -0.02153000   0.01280000  -0.01280000   0.05735000  -0.05735000   0.08722000  -0.08722000   0.07772000  -0.07772000   0.08803000  -0.08803000   0.05697000  -0.05697000 
 -6.42810000   0.03278000  -0.03278000   0.00768400  -0.00768400   0.02378000  -0.02378000   0.00863100  -0.00863100   0.03963000  -0.03963000   0.08251000  -0.08251000   0.05616000  -0.05616000   0.08397000  -0.08397000   0.03884000  -0.03884000 
 -6.31210000   0.02029000  -0.02029000   0.00497700  -0.00497700   0.01953000  -0.01953000   0.00594700  -0.00594700   0.02957000  -0.02957000   0.05980000  -0.05980000   0.04106000  -0.04106000   0.06048000  -0.06048000   0.02771000  -0.02771000 
 -6.19710000   0.01268000  -0.01268000   0.00300100  -0.00300100   0.01562000  -0.01562000   0.00370500  -0.00370500   0.01763000  -0.01763000   0.04877000  -0.04877000   0.02532000  -0.02532000   0.04806000  -0.04806000   0.01578000  -0.01578000 
 -6.08110000   0.00767400  -0.00767400   0.00200400  -0.00200400   0.01375000  -0.01375000   0.00232900  -0.00232900   0.00837200  -0.00837200   0.05411000  -0.05411000   0.01263000  -0.01263000   0.05253000  -0.05253000   0.00735000  -0.00735000 
 -5.96510000   0.00659300  -0.00659300   0.00321900  -0.00321900   0.01151000  -0.01151000   0.00325500  -0.00325500   0.01018000  -0.01018000   0.05687000  -0.05687000   0.01165000  -0.01165000   0.05580000  -0.05580000   0.00963800  -0.00963800 
 -5.84910000   0.01224000  -0.01224000   0.00810000  -0.00810000   0.00828900  -0.00828900   0.00766700  -0.00766700   0.02654000  -0.02654000   0.04624000  -0.04624000   0.02606000  -0.02606000   0.04578000  -0.04578000   0.02657000  -0.02657000 
 -5.73410000   0.02892000  -0.02892000   0.01646000  -0.01646000   0.00581700  -0.00581700   0.01542000  -0.01542000   0.05264000  -0.05264000   0.03521000  -0.03521000   0.05003000  -0.05003000   0.03387000  -0.03387000   0.05387000  -0.05387000 
 -5.61810000   0.05809000  -0.05809000   0.02477000  -0.02477000   0.00504200  -0.00504200   0.02371000  -0.02371000   0.07610000  -0.07610000   0.03505000  -0.03505000   0.06913000  -0.06913000   0.03238000  -0.03238000   0.07838000  -0.07838000 
 -5.50210000   0.08837000  -0.08837000   0.02901000  -0.02901000   0.00504500  -0.00504500   0.02861000  -0.02861000   0.09017000  -0.09017000   0.04057000  -0.04057000   0.07527000  -0.07527000   0.03727000  -0.03727000   0.09266000  -0.09266000 
 -5.38610000   0.10180000  -0.10180000   0.02774000  -0.02774000   0.00554200  -0.00554200   0.02790000  -0.02790000   0.09481000  -0.09481000   0.04784000  -0.04784000   0.07031000  -0.07031000   0.04555000  -0.04555000   0.09689000  -0.09689000 
 -5.27110000   0.09214000  -0.09214000   0.02267000  -0.02267000   0.00665800  -0.00665800   0.02288000  -0.02288000   0.08754000  -0.08754000   0.05651000  -0.05651000   0.05713000  -0.05713000   0.05709000  -0.05709000   0.08868000  -0.08868000 
 -5.15510000   0.06463000  -0.06463000   0.01613000  -0.01613000   0.00810700  -0.00810700   0.01630000  -0.01630000   0.06532000  -0.06532000   0.06697000  -0.06697000   0.03799000  -0.03799000   0.06933000  -0.06933000   0.06601000  -0.06601000 
 -5.03910000   0.03642000  -0.03642000   0.01186000  -0.01186000   0.01179000  -0.01179000   0.01209000  -0.01209000   0.04529000  -0.04529000   0.09263000  -0.09263000   0.02101000  -0.02101000   0.09255000  -0.09255000   0.04725000  -0.04725000 
 -4.92310000   0.02257000  -0.02257000   0.01147000  -0.01147000   0.01980000  -0.01980000   0.01168000  -0.01168000   0.04466000  -0.04466000   0.14770000  -0.14770000   0.01315000  -0.01315000   0.13980000  -0.13980000   0.04749000  -0.04749000 
 -4.80810000   0.01784000  -0.01784000   0.01092000  -0.01092000   0.02744000  -0.02744000   0.01099000  -0.01099000   0.04969000  -0.04969000   0.21200000  -0.21200000   0.01195000  -0.01195000   0.19770000  -0.19770000   0.05136000  -0.05136000 
 -4.69210000   0.01364000  -0.01364000   0.00901300  -0.00901300   0.02953000  -0.02953000   0.00895400  -0.00895400   0.04399000  -0.04399000   0.24470000  -0.24470000   0.01459000  -0.01459000   0.23690000  -0.23690000   0.04432000  -0.04432000 
 -4.57610000   0.00927500  -0.00927500   0.00780700  -0.00780700   0.02749000  -0.02749000   0.00780600  -0.00780600   0.03370000  -0.03370000   0.22520000  -0.22520000   0.01849000  -0.01849000   0.23070000  -0.23070000   0.03593000  -0.03593000 
 -4.46010000   0.00596500  -0.00596500   0.00674900  -0.00674900   0.02210000  -0.02210000   0.00696600  -0.00696600   0.03295000  -0.03295000   0.16900000  -0.16900000   0.01801000  -0.01801000   0.18010000  -0.18010000   0.03937000  -0.03937000 
 -4.34510000   0.00402100  -0.00402100   0.00516200  -0.00516200   0.01403000  -0.01403000   0.00555600  -0.00555600   0.03826000  -0.03826000   0.11670000  -0.11670000   0.01347000  -0.01347000   0.12640000  -0.12640000   0.04570000  -0.04570000 
 -4.22910000   0.00374600  -0.00374600   0.00528000  -0.00528000   0.00738100  -0.00738100   0.00580300  -0.00580300   0.04220000  -0.04220000   0.10000000  -0.10000000   0.01203000  -0.01203000   0.10660000  -0.10660000   0.04715000  -0.04715000 
 -4.11310000   0.00605600  -0.00605600   0.01016000  -0.01016000   0.00418000  -0.00418000   0.01084000  -0.01084000   0.05336000  -0.05336000   0.10140000  -0.10140000   0.01981000  -0.01981000   0.10720000  -0.10720000   0.05359000  -0.05359000 
 -3.99710000   0.00960300  -0.00960300   0.01821000  -0.01821000   0.00309800  -0.00309800   0.01875000  -0.01875000   0.07037000  -0.07037000   0.08582000  -0.08582000   0.03591000  -0.03591000   0.09254000  -0.09254000   0.06597000  -0.06597000 
 -3.88210000   0.01051000  -0.01051000   0.02250000  -0.02250000   0.00378500  -0.00378500   0.02241000  -0.02241000   0.08330000  -0.08330000   0.06486000  -0.06486000   0.04852000  -0.04852000   0.06756000  -0.06756000   0.07825000  -0.07825000 
 -3.76610000   0.00793000  -0.00793000   0.01972000  -0.01972000   0.00778800  -0.00778800   0.01925000  -0.01925000   0.08998000  -0.08998000   0.07767000  -0.07767000   0.04581000  -0.04581000   0.07082000  -0.07082000   0.08527000  -0.08527000 
 -3.65010000   0.00468600  -0.00468600   0.01486000  -0.01486000   0.01586000  -0.01586000   0.01451000  -0.01451000   0.09183000  -0.09183000   0.12120000  -0.12120000   0.03431000  -0.03431000   0.10990000  -0.10990000   0.08708000  -0.08708000 
 -3.53410000   0.00333500  -0.00333500   0.01354000  -0.01354000   0.02650000  -0.02650000   0.01330000  -0.01330000   0.09361000  -0.09361000   0.14280000  -0.14280000   0.02952000  -0.02952000   0.13890000  -0.13890000   0.09080000  -0.09080000 
 -3.41910000   0.00440600  -0.00440600   0.01597000  -0.01597000   0.03571000  -0.03571000   0.01563000  -0.01563000   0.09308000  -0.09308000   0.12330000  -0.12330000   0.03441000  -0.03441000   0.12620000  -0.12620000   0.09276000  -0.09276000 
 -3.30310000   0.00685100  -0.00685100   0.02006000  -0.02006000   0.03798000  -0.03798000   0.01975000  -0.01975000   0.08571000  -0.08571000   0.09632000  -0.09632000   0.04395000  -0.04395000   0.09763000  -0.09763000   0.08509000  -0.08509000 
 -3.18710000   0.00836200  -0.00836200   0.02225000  -0.02225000   0.03733000  -0.03733000   0.02201000  -0.02201000   0.06533000  -0.06533000   0.07905000  -0.07905000   0.04802000  -0.04802000   0.07886000  -0.07886000   0.06276000  -0.06276000 
 -3.07110000   0.00734800  -0.00734800   0.01999000  -0.01999000   0.04215000  -0.04215000   0.01945000  -0.01945000   0.03965000  -0.03965000   0.06498000  -0.06498000   0.04022000  -0.04022000   0.06693000  -0.06693000   0.03828000  -0.03828000 
 -2.95610000   0.00467600  -0.00467600   0.01441000  -0.01441000   0.04687000  -0.04687000   0.01367000  -0.01367000   0.02688000  -0.02688000   0.05072000  -0.05072000   0.02738000  -0.02738000   0.05411000  -0.05411000   0.02748000  -0.02748000 
 -2.84010000   0.00256100  -0.00256100   0.00932100  -0.00932100   0.04780000  -0.04780000   0.00874400  -0.00874400   0.02650000  -0.02650000   0.03819000  -0.03819000   0.02413000  -0.02413000   0.04166000  -0.04166000   0.02658000  -0.02658000 
 -2.72410000   0.00245500  -0.00245500   0.00831000  -0.00831000   0.04617000  -0.04617000   0.00773400  -0.00773400   0.03545000  -0.03545000   0.02779000  -0.02779000   0.04687000  -0.04687000   0.03087000  -0.03087000   0.03492000  -0.03492000 
 -2.60810000   0.00423600  -0.00423600   0.01128000  -0.01128000   0.03624000  -0.03624000   0.01096000  -0.01096000   0.06642000  -0.06642000   0.01742000  -0.01742000   0.11430000  -0.11430000   0.01947000  -0.01947000   0.06554000  -0.06554000 
 -2.49310000   0.00676200  -0.00676200   0.01501000  -0.01501000   0.02265000  -0.02265000   0.01562000  -0.01562000   0.12580000  -0.12580000   0.00897700  -0.00897700   0.22730000  -0.22730000   0.00995000  -0.00995000   0.12350000  -0.12350000 
 -2.37710000   0.00846900  -0.00846900   0.01712000  -0.01712000   0.01396000  -0.01396000   0.01838000  -0.01838000   0.18390000  -0.18390000   0.00448100  -0.00448100   0.32400000  -0.32400000   0.00489200  -0.00489200   0.18010000  -0.18010000 
 -2.26110000   0.00870700  -0.00870700   0.01717000  -0.01717000   0.00818600  -0.00818600   0.01837000  -0.01837000   0.20330000  -0.20330000   0.00238200  -0.00238200   0.33990000  -0.33990000   0.00255800  -0.00255800   0.19950000  -0.19950000 
 -2.14510000   0.00837300  -0.00837300   0.01576000  -0.01576000   0.00373400  -0.00373400   0.01682000  -0.01682000   0.19560000  -0.19560000   0.00131300  -0.00131300   0.30310000  -0.30310000   0.00137600  -0.00137600   0.19360000  -0.19360000 
 -2.02910000   0.00782200  -0.00782200   0.01268000  -0.01268000   0.00146800  -0.00146800   0.01361000  -0.01361000   0.17680000  -0.17680000   0.00082890  -0.00082890   0.26250000  -0.26250000   0.00084400  -0.00084400   0.17720000  -0.17720000 
 -1.91410000   0.00684700  -0.00684700   0.00816700  -0.00816700   0.00070780  -0.00070780   0.00885100  -0.00885100   0.14860000  -0.14860000   0.00055390  -0.00055390   0.22280000  -0.22280000   0.00056180  -0.00056180   0.15070000  -0.15070000 
 -1.79810000   0.00551500  -0.00551500   0.00428900  -0.00428900   0.00053220  -0.00053220   0.00471700  -0.00471700   0.12130000  -0.12130000   0.00035580  -0.00035580   0.16840000  -0.16840000   0.00036240  -0.00036240   0.12380000  -0.12380000 
 -1.68210000   0.00393200  -0.00393200   0.00194700  -0.00194700   0.00060950  -0.00060950   0.00217200  -0.00217200   0.08747000  -0.08747000   0.00027230  -0.00027230   0.10270000  -0.10270000   0.00027350  -0.00027350   0.08933000  -0.08933000 
 -1.56610000   0.00254300  -0.00254300   0.00074930  -0.00074930   0.00068320  -0.00068320   0.00084180  -0.00084180   0.04879000  -0.04879000   0.00022150  -0.00022150   0.05353000  -0.05353000   0.00022110  -0.00022110   0.04968000  -0.04968000 
 -1.45110000   0.00171300  -0.00171300   0.00024170  -0.00024170   0.00061620  -0.00061620   0.00027230  -0.00027230   0.02059000  -0.02059000   0.00013640  -0.00013640   0.03127000  -0.03127000   0.00013600  -0.00013600   0.02090000  -0.02090000 
 -1.33510000   0.00148000  -0.00148000   0.00007102  -0.00007102   0.00054040  -0.00054040   0.00007927  -0.00007927   0.00670700  -0.00670700   0.00005768  -0.00005768   0.02687000  -0.02687000   0.00005690  -0.00005690   0.00680500  -0.00680500 
 -1.21910000   0.00142300  -0.00142300   0.00002543  -0.00002543   0.00048820  -0.00048820   0.00002719  -0.00002719   0.00192100  -0.00192100   0.00001766  -0.00001766   0.02650000  -0.02650000   0.00001709  -0.00001709   0.00196600  -0.00196600 
 -1.10310000   0.00099960  -0.00099960   0.00001124  -0.00001124   0.00033030  -0.00033030   0.00001168  -0.00001168   0.00060190  -0.00060190   0.00000458  -0.00000458   0.01889000  -0.01889000   0.00000444  -0.00000444   0.00062090  -0.00062090 
 -0.98810000   0.00043010  -0.00043010   0.00000368  -0.00000368   0.00013790  -0.00013790   0.00000383  -0.00000383   0.00016980  -0.00016980   0.00000107  -0.00000107   0.00823200  -0.00823200   0.00000113  -0.00000113   0.00017360  -0.00017360 
 -0.87210000   0.00011090  -0.00011090   0.00000069  -0.00000069   0.00003438  -0.00003438   0.00000072  -0.00000072   0.00003070  -0.00003070   0.00000019  -0.00000019   0.00215100  -0.00215100   0.00000023  -0.00000023   0.00003075  -0.00003075 
 -0.75610000   0.00001712  -0.00001712   0.00000007  -0.00000007   0.00000513  -0.00000513   0.00000007  -0.00000007   0.00000310  -0.00000310   0.00000002  -0.00000002   0.00033660  -0.00033660   0.00000003  -0.00000003   0.00000302  -0.00000302 
 -0.64010000   0.00000155  -0.00000155   0.00000000  -0.00000000   0.00000045  -0.00000045   0.00000000  -0.00000000   0.00000017  -0.00000017   0.00000000  -0.00000000   0.00003087  -0.00003087   0.00000000  -0.00000000   0.00000016  -0.00000016 
 -0.52510000   0.00000012  -0.00000012   0.00000001  -0.00000001   0.00000002  -0.00000002   0.00000000  -0.00000000   0.00000015  -0.00000015   0.00000000  -0.00000000   0.00000233  -0.00000233   0.00000000  -0.00000000   0.00000021  -0.00000021 
 -0.40910000   0.00000125  -0.00000125   0.00000017  -0.00000017   0.00000000  -0.00000000   0.00000014  -0.00000014   0.00000505  -0.00000505   0.00000008  -0.00000008   0.00002092  -0.00002092   0.00000010  -0.00000010   0.00000611  -0.00000611 
 -0.29310000   0.00001975  -0.00001975   0.00000290  -0.00000290   0.00000006  -0.00000006   0.00000255  -0.00000255   0.00009700  -0.00009701   0.00000135  -0.00000135   0.00032990  -0.00032990   0.00000172  -0.00000172   0.00010470  -0.00010470 
 -0.17710000   0.00017300  -0.00017300   0.00003022  -0.00003022   0.00000042  -0.00000042   0.00002767  -0.00002767   0.00104500  -0.00104500   0.00001314  -0.00001314   0.00293100  -0.00293100   0.00001641  -0.00001641   0.00106000  -0.00106000 
 -0.06210000   0.00086240  -0.00086240   0.00019570  -0.00019570   0.00000192  -0.00000192   0.00018130  -0.00018130   0.00664000  -0.00664000   0.00007388  -0.00007388   0.01537000  -0.01537000   0.00009084  -0.00009084   0.00661900  -0.00661900 
  0.05390000   0.00263600  -0.00263600   0.00081830  -0.00081830   0.00000605  -0.00000605   0.00076070  -0.00076070   0.02644000  -0.02644000   0.00025900  -0.00025900   0.05246000  -0.05246000   0.00031500  -0.00031500   0.02661000  -0.02661000 
  0.16990000   0.00557600  -0.00557600   0.00226200  -0.00226200   0.00001520  -0.00001520   0.00212900  -0.00212900   0.07024000  -0.07024000   0.00067360  -0.00067360   0.13100000  -0.13100000   0.00079520  -0.00079520   0.07140000  -0.07140000 
  0.28590000   0.00887800  -0.00887800   0.00429500  -0.00429500   0.00003605  -0.00003605   0.00413900  -0.00413900   0.13460000  -0.13460000   0.00177100  -0.00177100   0.24960000  -0.24960000   0.00188100  -0.00188100   0.13560000  -0.13560000 
  0.40090000   0.01066000  -0.01066000   0.00616100  -0.00616100   0.00009797  -0.00009797   0.00610200  -0.00610200   0.21470000  -0.21470000   0.00531400  -0.00531300   0.35580000  -0.35580000   0.00497300  -0.00497300   0.21010000  -0.21010000 
  0.51690000   0.01037000  -0.01037000   0.00760000  -0.00760000   0.00027350  -0.00027350   0.00768900  -0.00768900   0.32150000  -0.32150000   0.01451000  -0.01451000   0.39060000  -0.39060000   0.01291000  -0.01291000   0.30690000  -0.30690000 
  0.63290000   0.01021000  -0.01021000   0.00861300  -0.00861300   0.00060440  -0.00060440   0.00881100  -0.00881100   0.42350000  -0.42350000   0.03160000  -0.03160000   0.36470000  -0.36470000   0.02852000  -0.02852000   0.40480000  -0.40480000 
  0.74890000   0.01180000  -0.01180000   0.00878100  -0.00878100   0.00099600  -0.00099600   0.00908900  -0.00908900   0.44700000  -0.44700000   0.05762000  -0.05762000   0.34010000  -0.34010000   0.05518000  -0.05518000   0.43440000  -0.43440000 
  0.86390000   0.01443000  -0.01443000   0.00815800  -0.00815800   0.00135100  -0.00135100   0.00848900  -0.00848900   0.39590000  -0.39590000   0.09449000  -0.09449000   0.35000000  -0.35000000   0.09635000  -0.09635000   0.39500000  -0.39500000 
  0.97990000   0.01613000  -0.01613000   0.00799700  -0.00799700   0.00171900  -0.00171900   0.00812200  -0.00812200   0.34040000  -0.34040000   0.13540000  -0.13540000   0.35910000  -0.35910000   0.13970000  -0.13970000   0.35240000  -0.35240000 
  1.09590000   0.01610000  -0.01610000   0.00871400  -0.00871400   0.00237300  -0.00237300   0.00869200  -0.00869200   0.31000000  -0.31000000   0.17140000  -0.17140000   0.32810000  -0.32810000   0.16590000  -0.16590000   0.32730000  -0.32730000 
  1.21190000   0.01403000  -0.01403000   0.00879300  -0.00879300   0.00361600  -0.00361600   0.00897100  -0.00897100   0.27410000  -0.27410000   0.21100000  -0.21100000   0.25120000  -0.25120000   0.19000000  -0.19000000   0.28790000  -0.28790000 
  1.32690000   0.00973400  -0.00973400   0.00749000  -0.00749000   0.00455300  -0.00455300   0.00791500  -0.00791500   0.21130000  -0.21130000   0.23150000  -0.23150000   0.15350000  -0.15350000   0.21350000  -0.21350000   0.21750000  -0.21750000 
  1.44290000   0.00545500  -0.00545500   0.00587500  -0.00587500   0.00418200  -0.00418200   0.00616300  -0.00616300   0.14980000  -0.14980000   0.20060000  -0.20060000   0.07656000  -0.07656000   0.19940000  -0.19940000   0.14840000  -0.14840000 
  1.55890000   0.00329200  -0.00329200   0.00495200  -0.00495200   0.00403400  -0.00403400   0.00484700  -0.00484700   0.11500000  -0.11500000   0.17860000  -0.17860000   0.03530000  -0.03530000   0.18460000  -0.18460000   0.11130000  -0.11130000 
  1.67490000   0.00246800  -0.00246800   0.00435200  -0.00435200   0.00503800  -0.00503800   0.00405700  -0.00405700   0.09338000  -0.09338000   0.20680000  -0.20680000   0.01876000  -0.01876000   0.21580000  -0.21580000   0.09313000  -0.09313000 
  1.78990000   0.00161700  -0.00161700   0.00331900  -0.00331900   0.00514200  -0.00514200   0.00312200  -0.00312200   0.06694000  -0.06694000   0.21270000  -0.21270000   0.01118000  -0.01118000   0.22700000  -0.22700000   0.06983000  -0.06983000 
  1.90590000   0.00081150  -0.00081150   0.00215900  -0.00215900   0.00382800  -0.00382800   0.00207600  -0.00207600   0.04157000  -0.04157000   0.17540000  -0.17540000   0.00571400  -0.00571400   0.18590000  -0.18590000   0.04425000  -0.04425000 
  2.02190000   0.00043320  -0.00043310   0.00125500  -0.00125500   0.00321900  -0.00321900   0.00122200  -0.00122200   0.02202000  -0.02202000   0.17230000  -0.17230000   0.00326300  -0.00326300   0.17030000  -0.17030000   0.02335000  -0.02335000 
  2.13790000   0.00032370  -0.00032320   0.00068390  -0.00068380   0.00346200  -0.00346200   0.00067130  -0.00067120   0.00892500  -0.00892500   0.19970000  -0.19970000   0.00316600  -0.00316100   0.19110000  -0.19110000   0.00940000  -0.00940000 
  2.25390000   0.00026350  -0.00025990   0.00040070  -0.00039980   0.00302100  -0.00302000   0.00038770  -0.00038720   0.00295300  -0.00295200   0.20040000  -0.20030000   0.00300000  -0.00295800   0.19000000  -0.19040000   0.00312100  -0.00311800 
  2.36890000   0.00026550  -0.00024880   0.00029280  -0.00028750   0.00219300  -0.00219200   0.00027240  -0.00027070   0.00119000  -0.00118300   0.20650000  -0.20590000   0.00240700  -0.00219800   0.19050000  -0.19270000   0.00131500  -0.00130300 
  2.48490000   0.00033750  -0.00029550   0.00029950  -0.00028550   0.00183100  -0.00186100   0.00026510  -0.00026400   0.00088910  -0.00087840   0.22840000  -0.22580000   0.00237400  -0.00181000   0.21090000  -0.21890000   0.00103700  -0.00101000 
  2.60090000   0.00034330  -0.00028960   0.00029200  -0.00027610   0.00148900  -0.00163000   0.00024750  -0.00025530   0.00076960  -0.00077380   0.20090000  -0.19570000   0.00250600  -0.00170300   0.18940000  -0.20570000   0.00090410  -0.00087760 
  2.71690000   0.00022270  -0.00019120   0.00019120  -0.00018850   0.00086800  -0.00112300   0.00015700  -0.00017690   0.00046090  -0.00049390   0.12130000  -0.11650000   0.00189300  -0.00130300   0.11480000  -0.13320000   0.00054460  -0.00054020 
  2.83190000   0.00008722  -0.00008184   0.00007652  -0.00008441   0.00033520  -0.00055570   0.00006126  -0.00008042   0.00016890  -0.00020670   0.04884000  -0.04702000   0.00088590  -0.00067620   0.04478000  -0.05647000   0.00020660  -0.00021750 
  2.94790000   0.00002020  -0.00002210   0.00001831  -0.00002420   0.00008439  -0.00018090   0.00001433  -0.00002313   0.00003757  -0.00005632   0.01277000  -0.01271000   0.00024660  -0.00021780   0.01097000  -0.01515000   0.00004948  -0.00005745 
  3.06390000   0.00000272  -0.00000360   0.00000257  -0.00000423   0.00001328  -0.00003512   0.00000197  -0.00000402   0.00000507  -0.00000964   0.00205800  -0.00218400   0.00003981  -0.00004089   0.00163000  -0.00246800   0.00000739  -0.00000963 
  3.17990000   0.00000021  -0.00000034   0.00000021  -0.00000043   0.00000123  -0.00000381   0.00000016  -0.00000040   0.00000041  -0.00000098   0.00019330  -0.00022320   0.00000364  -0.00000428   0.00014110  -0.00023380   0.00000066  -0.00000096 
  3.29490000   0.00000001  -0.00000002   0.00000001  -0.00000002   0.00000006  -0.00000022   0.00000001  -0.00000002   0.00000002  -0.00000006   0.00001012  -0.00001284   0.00000018  -0.00000024   0.00000685  -0.00001245   0.00000003  -0.00000005 
  3.41090000   0.00000000  -0.00000000   0.00000000  -0.00000000   0.00000000  -0.00000001   0.00000000  -0.00000000   0.00000000  -0.00000000   0.00000029  -0.00000040   0.00000001  -0.00000001   0.00000018  -0.00000036   0.00000000  -0.00000000 
  3.52690000   0.00000000  -0.00000000   0.00000000  -0.00000000   0.00000000  -0.00000000   0.00000000  -0.00000000   0.00000000  -0.00000000   0.00000000  -0.00000001   0.00000000  -0.00000000   0.00000000  -0.00000001   0.00000000  -0.00000000 
  3.64290000   0.00000000  -0.00000000   0.00000000  -0.00000000   0.00000000  -0.00000000   0.00000000  -0.00000000   0.00000000  -0.00000000   0.00000000  -0.00000000   0.00000000  -0.00000000   0.00000000  -0.00000000   0.00000000  -0.00000000 
  3.75790000   0.00000000  -0.00000000   0.00000000  -0.00000000   0.00000000  -0.00000000   0.00000000  -0.00000000   0.00000000  -0.00000000   0.00000000  -0.00000000   0.00000000  -0.00000000   0.00000000  -0.00000000   0.00000000  -0.00000000 
  3.87390000   0.00000000  -0.00000000   0.00000000  -0.00000000   0.00000000  -0.00000000   0.00000000  -0.00000000   0.00000000  -0.00000000   0.00000000  -0.00000000   0.00000000  -0.00000000   0.00000000  -0.00000000   0.00000000  -0.00000000 
  3.98990000   0.00000000  -0.00000000   0.00000000  -0.00000000   0.00000000  -0.00000000   0.00000000  -0.00000000   0.00000000  -0.00000000   0.00000000  -0.00000000   0.00000000  -0.00000000   0.00000000  -0.00000000   0.00000000  -0.00000000 
  4.10590000   0.00000000  -0.00000000   0.00000000  -0.00000000   0.00000000  -0.00000000   0.00000000  -0.00000000   0.00000000  -0.00000000   0.00000000  -0.00000000   0.00000000  -0.00000000   0.00000000  -0.00000000   0.00000000  -0.00000000 
  4.22090000   0.00000000  -0.00000000   0.00000000  -0.00000000   0.00000000  -0.00000000   0.00000000  -0.00000000   0.00000000  -0.00000000   0.00000000  -0.00000000   0.00000000  -0.00000000   0.00000000  -0.00000000   0.00000000  -0.00000000 
  4.33690000   0.00000000  -0.00000000   0.00000000  -0.00000000   0.00000000  -0.00000000   0.00000000  -0.00000000   0.00000000  -0.00000000   0.00000000  -0.00000000   0.00000000  -0.00000000   0.00000000  -0.00000000   0.00000000  -0.00000000 
  4.45290000   0.00000000  -0.00000000   0.00000000  -0.00000000   0.00000000  -0.00000000   0.00000000  -0.00000000   0.00000000  -0.00000000   0.00000000  -0.00000000   0.00000000  -0.00000000   0.00000000  -0.00000000   0.00000000  -0.00000000 
  4.56890000   0.00000000  -0.00000000   0.00000000  -0.00000000   0.00000000  -0.00000000   0.00000000  -0.00000000   0.00000000  -0.00000000   0.00000000  -0.00000000   0.00000000  -0.00000000   0.00000000  -0.00000000   0.00000000  -0.00000000 
  4.68390000   0.00000000  -0.00000000   0.00000000  -0.00000000   0.00000000  -0.00000000   0.00000000  -0.00000000   0.00000000  -0.00000000   0.00000000  -0.00000000   0.00000000  -0.00000000   0.00000000  -0.00000000   0.00000000  -0.00000000 
