-30.04310000   0.00000000  -0.00000000   0.00000000  -0.00000000   0.00000000  -0.00000000   0.00000000  -0.00000000   0.00000000  -0.00000000   0.00000000  -0.00000000   0.00000000  -0.00000000   0.00000000  -0.00000000   0.00000000  -0.00000000 
-29.92710000   0.00000000  -0.00000000   0.00000000  -0.00000000   0.00000000  -0.00000000   0.00000000  -0.00000000   0.00000000  -0.00000000   0.00000000  -0.00000000   0.00000000  -0.00000000   0.00000000  -0.00000000   0.00000000  -0.00000000 
-29.81110000   0.00000000  -0.00000000   0.00000000  -0.00000000   0.00000000  -0.00000000   0.00000000  -0.00000000   0.00000000  -0.00000000   0.00000000  -0.00000000   0.00000000  -0.00000000   0.00000000  -0.00000000   0.00000000  -0.00000000 
-29.69510000   0.00000000  -0.00000000   0.00000000  -0.00000000   0.00000000  -0.00000000   0.00000000  -0.00000000   0.00000000  -0.00000000   0.00000000  -0.00000000   0.00000000  -0.00000000   0.00000000  -0.00000000   0.00000000  -0.00000000 
-29.58010000   0.00000000  -0.00000000   0.00000000  -0.00000000   0.00000000  -0.00000000   0.00000000  -0.00000000   0.00000000  -0.00000000   0.00000000  -0.00000000   0.00000000  -0.00000000   0.00000000  -0.00000000   0.00000000  -0.00000000 
-29.46410000   0.00000000  -0.00000000   0.00000000  -0.00000000   0.00000000  -0.00000000   0.00000000  -0.00000000   0.00000000  -0.00000000   0.00000000  -0.00000000   0.00000000  -0.00000000   0.00000000  -0.00000000   0.00000000  -0.00000000 
-29.34810000   0.00000000  -0.00000000   0.00000000  -0.00000000   0.00000000  -0.00000000   0.00000000  -0.00000000   0.00000000  -0.00000000   0.00000000  -0.00000000   0.00000000  -0.00000000   0.00000000  -0.00000000   0.00000000  -0.00000000 
-29.23210000   0.00000000  -0.00000000   0.00000000  -0.00000000   0.00000000  -0.00000000   0.00000000  -0.00000000   0.00000000  -0.00000000   0.00000000  -0.00000000   0.00000000  -0.00000000   0.00000000  -0.00000000   0.00000000  -0.00000000 
-29.11710000   0.00000000  -0.00000000   0.00000000  -0.00000000   0.00000000  -0.00000000   0.00000000  -0.00000000   0.00000000  -0.00000000   0.00000000  -0.00000000   0.00000000  -0.00000000   0.00000000  -0.00000000   0.00000000  -0.00000000 
-29.00110000   0.00000000  -0.00000000   0.00000000  -0.00000000   0.00000000  -0.00000000   0.00000000  -0.00000000   0.00000000  -0.00000000   0.00000000  -0.00000000   0.00000000  -0.00000000   0.00000000  -0.00000000   0.00000000  -0.00000000 
-28.88510000   0.00000000  -0.00000000   0.00000000  -0.00000000   0.00000000  -0.00000000   0.00000000  -0.00000000   0.00000000  -0.00000000   0.00000000  -0.00000000   0.00000000  -0.00000000   0.00000000  -0.00000000   0.00000000  -0.00000000 
-28.76910000   0.00000000  -0.00000000   0.00000000  -0.00000000   0.00000000  -0.00000000   0.00000000  -0.00000000   0.00000000  -0.00000000   0.00000000  -0.00000000   0.00000000  -0.00000000   0.00000000  -0.00000000   0.00000000  -0.00000000 
-28.65410000   0.00000000  -0.00000000   0.00000000  -0.00000000   0.00000000  -0.00000000   0.00000000  -0.00000000   0.00000000  -0.00000000   0.00000000  -0.00000000   0.00000000  -0.00000000   0.00000000  -0.00000000   0.00000000  -0.00000000 
-28.53810000   0.00000000  -0.00000000   0.00000000  -0.00000000   0.00000000  -0.00000000   0.00000000  -0.00000000   0.00000000  -0.00000000   0.00000000  -0.00000000   0.00000000  -0.00000000   0.00000000  -0.00000000   0.00000000  -0.00000000 
-28.42210000   0.00000000  -0.00000000   0.00000000  -0.00000000   0.00000000  -0.00000000   0.00000000  -0.00000000   0.00000000  -0.00000000   0.00000000  -0.00000000   0.00000000  -0.00000000   0.00000000  -0.00000000   0.00000000  -0.00000000 
-28.30610000   0.00000000  -0.00000000   0.00000000  -0.00000000   0.00000000  -0.00000000   0.00000000  -0.00000000   0.00000000  -0.00000000   0.00000000  -0.00000000   0.00000000  -0.00000000   0.00000000  -0.00000000   0.00000000  -0.00000000 
-28.19110000   0.00000000  -0.00000000   0.00000000  -0.00000000   0.00000000  -0.00000000   0.00000000  -0.00000000   0.00000000  -0.00000000   0.00000000  -0.00000000   0.00000000  -0.00000000   0.00000000  -0.00000000   0.00000000  -0.00000000 
-28.07510000   0.00000000  -0.00000000   0.00000000  -0.00000000   0.00000000  -0.00000000   0.00000000  -0.00000000   0.00000000  -0.00000000   0.00000000  -0.00000000   0.00000000  -0.00000000   0.00000000  -0.00000000   0.00000000  -0.00000000 
-27.95910000   0.00000000  -0.00000000   0.00000000  -0.00000000   0.00000000  -0.00000000   0.00000000  -0.00000000   0.00000000  -0.00000000   0.00000000  -0.00000000   0.00000000  -0.00000000   0.00000000  -0.00000000   0.00000000  -0.00000000 
-27.84310000   0.00000000  -0.00000000   0.00000000  -0.00000000   0.00000000  -0.00000000   0.00000000  -0.00000000   0.00000000  -0.00000000   0.00000000  -0.00000000   0.00000000  -0.00000000   0.00000000  -0.00000000   0.00000000  -0.00000000 
-27.72710000   0.00000000  -0.00000000   0.00000000  -0.00000000   0.00000000  -0.00000000   0.00000000  -0.00000000   0.00000000  -0.00000000   0.00000000  -0.00000000   0.00000000  -0.00000000   0.00000000  -0.00000000   0.00000000  -0.00000000 
-27.61210000   0.00000000  -0.00000000   0.00000000  -0.00000000   0.00000000  -0.00000000   0.00000000  -0.00000000   0.00000000  -0.00000000   0.00000000  -0.00000000   0.00000000  -0.00000000   0.00000000  -0.00000000   0.00000000  -0.00000000 
-27.49610000   0.00000000  -0.00000000   0.00000000  -0.00000000   0.00000000  -0.00000000   0.00000000  -0.00000000   0.00000000  -0.00000000   0.00000000  -0.00000000   0.00000000  -0.00000000   0.00000000  -0.00000000   0.00000000  -0.00000000 
-27.38010000   0.00000000  -0.00000000   0.00000000  -0.00000000   0.00000000  -0.00000000   0.00000000  -0.00000000   0.00000000  -0.00000000   0.00000000  -0.00000000   0.00000000  -0.00000000   0.00000000  -0.00000000   0.00000000  -0.00000000 
-27.26410000   0.00000000  -0.00000000   0.00000000  -0.00000000   0.00000000  -0.00000000   0.00000000  -0.00000000   0.00000000  -0.00000000   0.00000000  -0.00000000   0.00000000  -0.00000000   0.00000000  -0.00000000   0.00000000  -0.00000000 
-27.14910000   0.00000000  -0.00000000   0.00000000  -0.00000000   0.00000000  -0.00000000   0.00000000  -0.00000000   0.00000000  -0.00000000   0.00000000  -0.00000000   0.00000000  -0.00000000   0.00000000  -0.00000000   0.00000000  -0.00000000 
-27.03310000   0.00000000  -0.00000000   0.00000000  -0.00000000   0.00000000  -0.00000000   0.00000000  -0.00000000   0.00000000  -0.00000000   0.00000000  -0.00000000   0.00000000  -0.00000000   0.00000000  -0.00000000   0.00000000  -0.00000000 
-26.91710000   0.00000000  -0.00000000   0.00000000  -0.00000000   0.00000000  -0.00000000   0.00000000  -0.00000000   0.00000000  -0.00000000   0.00000000  -0.00000000   0.00000000  -0.00000000   0.00000000  -0.00000000   0.00000000  -0.00000000 
-26.80110000   0.00000000  -0.00000000   0.00000000  -0.00000000   0.00000000  -0.00000000   0.00000000  -0.00000000   0.00000000  -0.00000000   0.00000000  -0.00000000   0.00000000  -0.00000000   0.00000000  -0.00000000   0.00000000  -0.00000000 
-26.68610000   0.00000000  -0.00000000   0.00000000  -0.00000000   0.00000000  -0.00000000   0.00000000  -0.00000000   0.00000000  -0.00000000   0.00000000  -0.00000000   0.00000000  -0.00000000   0.00000000  -0.00000000   0.00000000  -0.00000000 
-26.57010000   0.00000000  -0.00000000   0.00000000  -0.00000000   0.00000000  -0.00000000   0.00000000  -0.00000000   0.00000000  -0.00000000   0.00000000  -0.00000000   0.00000000  -0.00000000   0.00000000  -0.00000000   0.00000000  -0.00000000 
-26.45410000   0.00000000  -0.00000000   0.00000000  -0.00000000   0.00000000  -0.00000000   0.00000000  -0.00000000   0.00000000  -0.00000000   0.00000000  -0.00000000   0.00000000  -0.00000000   0.00000000  -0.00000000   0.00000000  -0.00000000 
-26.33810000   0.00000000  -0.00000000   0.00000000  -0.00000000   0.00000000  -0.00000000   0.00000000  -0.00000000   0.00000000  -0.00000000   0.00000000  -0.00000000   0.00000000  -0.00000000   0.00000000  -0.00000000   0.00000000  -0.00000000 
-26.22310000   0.00000000  -0.00000000   0.00000000  -0.00000000   0.00000000  -0.00000000   0.00000000  -0.00000000   0.00000000  -0.00000000   0.00000000  -0.00000000   0.00000000  -0.00000000   0.00000000  -0.00000000   0.00000000  -0.00000000 
-26.10710000   0.00000000  -0.00000000   0.00000000  -0.00000000   0.00000000  -0.00000000   0.00000000  -0.00000000   0.00000000  -0.00000000   0.00000000  -0.00000000   0.00000000  -0.00000000   0.00000000  -0.00000000   0.00000000  -0.00000000 
-25.99110000   0.00000000  -0.00000000   0.00000000  -0.00000000   0.00000000  -0.00000000   0.00000000  -0.00000000   0.00000000  -0.00000000   0.00000000  -0.00000000   0.00000000  -0.00000000   0.00000000  -0.00000000   0.00000000  -0.00000000 
-25.87510000   0.00000000  -0.00000000   0.00000000  -0.00000000   0.00000000  -0.00000000   0.00000000  -0.00000000   0.00000000  -0.00000000   0.00000000  -0.00000000   0.00000000  -0.00000000   0.00000000  -0.00000000   0.00000000  -0.00000000 
-25.76010000   0.00000000  -0.00000000   0.00000000  -0.00000000   0.00000000  -0.00000000   0.00000000  -0.00000000   0.00000000  -0.00000000   0.00000000  -0.00000000   0.00000000  -0.00000000   0.00000000  -0.00000000   0.00000000  -0.00000000 
-25.64410000   0.00000000  -0.00000000   0.00000000  -0.00000000   0.00000000  -0.00000000   0.00000000  -0.00000000   0.00000000  -0.00000000   0.00000000  -0.00000000   0.00000000  -0.00000000   0.00000000  -0.00000000   0.00000000  -0.00000000 
-25.52810000   0.00000000  -0.00000000   0.00000000  -0.00000000   0.00000000  -0.00000000   0.00000000  -0.00000000   0.00000000  -0.00000000   0.00000000  -0.00000000   0.00000000  -0.00000000   0.00000000  -0.00000000   0.00000000  -0.00000000 
-25.41210000   0.00000000  -0.00000000   0.00000000  -0.00000000   0.00000000  -0.00000000   0.00000000  -0.00000000   0.00000000  -0.00000000   0.00000000  -0.00000000   0.00000000  -0.00000000   0.00000000  -0.00000000   0.00000000  -0.00000000 
-25.29710000   0.00000000  -0.00000000   0.00000000  -0.00000000   0.00000000  -0.00000000   0.00000000  -0.00000000   0.00000000  -0.00000000   0.00000000  -0.00000000   0.00000000  -0.00000000   0.00000000  -0.00000000   0.00000000  -0.00000000 
-25.18110000   0.00000000  -0.00000000   0.00000000  -0.00000000   0.00000000  -0.00000000   0.00000000  -0.00000000   0.00000000  -0.00000000   0.00000000  -0.00000000   0.00000000  -0.00000000   0.00000000  -0.00000000   0.00000000  -0.00000000 
-25.06510000   0.00000000  -0.00000000   0.00000000  -0.00000000   0.00000000  -0.00000000   0.00000000  -0.00000000   0.00000000  -0.00000000   0.00000000  -0.00000000   0.00000000  -0.00000000   0.00000000  -0.00000000   0.00000000  -0.00000000 
-24.94910000   0.00000000  -0.00000000   0.00000000  -0.00000000   0.00000000  -0.00000000   0.00000000  -0.00000000   0.00000000  -0.00000000   0.00000000  -0.00000000   0.00000000  -0.00000000   0.00000000  -0.00000000   0.00000000  -0.00000000 
-24.83410000   0.00000000  -0.00000000   0.00000000  -0.00000000   0.00000000  -0.00000000   0.00000000  -0.00000000   0.00000000  -0.00000000   0.00000000  -0.00000000   0.00000000  -0.00000000   0.00000000  -0.00000000   0.00000000  -0.00000000 
-24.71810000   0.00000000  -0.00000000   0.00000000  -0.00000000   0.00000000  -0.00000000   0.00000000  -0.00000000   0.00000000  -0.00000000   0.00000000  -0.00000000   0.00000000  -0.00000000   0.00000000  -0.00000000   0.00000000  -0.00000000 
-24.60210000   0.00000000  -0.00000000   0.00000000  -0.00000000   0.00000000  -0.00000000   0.00000000  -0.00000000   0.00000000  -0.00000000   0.00000000  -0.00000000   0.00000000  -0.00000000   0.00000000  -0.00000000   0.00000000  -0.00000000 
-24.48610000   0.00000000  -0.00000000   0.00000000  -0.00000000   0.00000000  -0.00000000   0.00000000  -0.00000000   0.00000000  -0.00000000   0.00000000  -0.00000000   0.00000000  -0.00000000   0.00000000  -0.00000000   0.00000000  -0.00000000 
-24.37110000   0.00000000  -0.00000000   0.00000000  -0.00000000   0.00000000  -0.00000000   0.00000000  -0.00000000   0.00000000  -0.00000000   0.00000000  -0.00000000   0.00000000  -0.00000000   0.00000000  -0.00000000   0.00000000  -0.00000000 
-24.25510000   0.00000000  -0.00000000   0.00000000  -0.00000000   0.00000000  -0.00000000   0.00000000  -0.00000000   0.00000000  -0.00000000   0.00000000  -0.00000000   0.00000000  -0.00000000   0.00000000  -0.00000000   0.00000000  -0.00000000 
-24.13910000   0.00000000  -0.00000000   0.00000000  -0.00000000   0.00000000  -0.00000000   0.00000000  -0.00000000   0.00000000  -0.00000000   0.00000000  -0.00000000   0.00000000  -0.00000000   0.00000000  -0.00000000   0.00000000  -0.00000000 
-24.02310000   0.00000000  -0.00000000   0.00000000  -0.00000000   0.00000000  -0.00000000   0.00000000  -0.00000000   0.00000000  -0.00000000   0.00000000  -0.00000000   0.00000000  -0.00000000   0.00000000  -0.00000000   0.00000000  -0.00000000 
-23.90810000   0.00000000  -0.00000000   0.00000000  -0.00000000   0.00000000  -0.00000000   0.00000000  -0.00000000   0.00000000  -0.00000000   0.00000000  -0.00000000   0.00000000  -0.00000000   0.00000000  -0.00000000   0.00000000  -0.00000000 
-23.79210000   0.00000000  -0.00000000   0.00000000  -0.00000000   0.00000000  -0.00000000   0.00000000  -0.00000000   0.00000000  -0.00000000   0.00000000  -0.00000000   0.00000000  -0.00000000   0.00000000  -0.00000000   0.00000000  -0.00000000 
-23.67610000   0.00000000  -0.00000000   0.00000000  -0.00000000   0.00000000  -0.00000000   0.00000000  -0.00000000   0.00000000  -0.00000000   0.00000000  -0.00000000   0.00000000  -0.00000000   0.00000000  -0.00000000   0.00000000  -0.00000000 
-23.56010000   0.00000000  -0.00000000   0.00000000  -0.00000000   0.00000000  -0.00000000   0.00000000  -0.00000000   0.00000000  -0.00000000   0.00000000  -0.00000000   0.00000000  -0.00000000   0.00000000  -0.00000000   0.00000000  -0.00000000 
-23.44410000   0.00000000  -0.00000000   0.00000000  -0.00000000   0.00000000  -0.00000000   0.00000000  -0.00000000   0.00000000  -0.00000000   0.00000000  -0.00000000   0.00000000  -0.00000000   0.00000000  -0.00000000   0.00000000  -0.00000000 
-23.32910000   0.00000000  -0.00000000   0.00000000  -0.00000000   0.00000000  -0.00000000   0.00000000  -0.00000000   0.00000000  -0.00000000   0.00000000  -0.00000000   0.00000000  -0.00000000   0.00000000  -0.00000000   0.00000000  -0.00000000 
-23.21310000   0.00000000  -0.00000000   0.00000000  -0.00000000   0.00000000  -0.00000000   0.00000000  -0.00000000   0.00000000  -0.00000000   0.00000000  -0.00000000   0.00000000  -0.00000000   0.00000000  -0.00000000   0.00000000  -0.00000000 
-23.09710000   0.00000000  -0.00000000   0.00000000  -0.00000000   0.00000000  -0.00000000   0.00000000  -0.00000000   0.00000000  -0.00000000   0.00000000  -0.00000000   0.00000000  -0.00000000   0.00000000  -0.00000000   0.00000000  -0.00000000 
-22.98110000   0.00000000  -0.00000000   0.00000000  -0.00000000   0.00000000  -0.00000000   0.00000000  -0.00000000   0.00000000  -0.00000000   0.00000000  -0.00000000   0.00000000  -0.00000000   0.00000000  -0.00000000   0.00000000  -0.00000000 
-22.86610000   0.00000000  -0.00000000   0.00000000  -0.00000000   0.00000000  -0.00000000   0.00000000  -0.00000000   0.00000000  -0.00000000   0.00000000  -0.00000000   0.00000000  -0.00000000   0.00000000  -0.00000000   0.00000000  -0.00000000 
-22.75010000   0.00000000  -0.00000000   0.00000000  -0.00000000   0.00000000  -0.00000000   0.00000000  -0.00000000   0.00000000  -0.00000000   0.00000000  -0.00000000   0.00000000  -0.00000000   0.00000000  -0.00000000   0.00000000  -0.00000000 
-22.63410000   0.00000000  -0.00000000   0.00000000  -0.00000000   0.00000000  -0.00000000   0.00000000  -0.00000000   0.00000000  -0.00000000   0.00000000  -0.00000000   0.00000000  -0.00000000   0.00000000  -0.00000000   0.00000000  -0.00000000 
-22.51810000   0.00000000  -0.00000000   0.00000000  -0.00000000   0.00000000  -0.00000000   0.00000000  -0.00000000   0.00000000  -0.00000000   0.00000000  -0.00000000   0.00000000  -0.00000000   0.00000000  -0.00000000   0.00000000  -0.00000000 
-22.40310000   0.00000000  -0.00000000   0.00000000  -0.00000000   0.00000000  -0.00000000   0.00000000  -0.00000000   0.00000000  -0.00000000   0.00000000  -0.00000000   0.00000000  -0.00000000   0.00000000  -0.00000000   0.00000000  -0.00000000 
-22.28710000   0.00000000  -0.00000000   0.00000000  -0.00000000   0.00000000  -0.00000000   0.00000000  -0.00000000   0.00000000  -0.00000000   0.00000000  -0.00000000   0.00000000  -0.00000000   0.00000000  -0.00000000   0.00000000  -0.00000000 
-22.17110000   0.00000000  -0.00000000   0.00000000  -0.00000000   0.00000000  -0.00000000   0.00000000  -0.00000000   0.00000000  -0.00000000   0.00000000  -0.00000000   0.00000000  -0.00000000   0.00000000  -0.00000000   0.00000000  -0.00000000 
-22.05510000   0.00000000  -0.00000000   0.00000000  -0.00000000   0.00000000  -0.00000000   0.00000000  -0.00000000   0.00000000  -0.00000000   0.00000000  -0.00000000   0.00000000  -0.00000000   0.00000000  -0.00000000   0.00000000  -0.00000000 
-21.94010000   0.00000000  -0.00000000   0.00000000  -0.00000000   0.00000000  -0.00000000   0.00000000  -0.00000000   0.00000000  -0.00000000   0.00000000  -0.00000000   0.00000000  -0.00000000   0.00000000  -0.00000000   0.00000000  -0.00000000 
-21.82410000   0.00000000  -0.00000000   0.00000000  -0.00000000   0.00000000  -0.00000000   0.00000000  -0.00000000   0.00000000  -0.00000000   0.00000000  -0.00000000   0.00000000  -0.00000000   0.00000000  -0.00000000   0.00000000  -0.00000000 
-21.70810000   0.00000000  -0.00000000   0.00000000  -0.00000000   0.00000000  -0.00000000   0.00000000  -0.00000000   0.00000000  -0.00000000   0.00000000  -0.00000000   0.00000000  -0.00000000   0.00000000  -0.00000000   0.00000000  -0.00000000 
-21.59210000   0.00000000  -0.00000000   0.00000000  -0.00000000   0.00000000  -0.00000000   0.00000000  -0.00000000   0.00000000  -0.00000000   0.00000000  -0.00000000   0.00000000  -0.00000000   0.00000000  -0.00000000   0.00000000  -0.00000000 
-21.47710000   0.00000000  -0.00000000   0.00000000  -0.00000000   0.00000000  -0.00000000   0.00000000  -0.00000000   0.00000000  -0.00000000   0.00000000  -0.00000000   0.00000000  -0.00000000   0.00000000  -0.00000000   0.00000000  -0.00000000 
-21.36110000   0.00000000  -0.00000000   0.00000000  -0.00000000   0.00000000  -0.00000000   0.00000000  -0.00000000   0.00000000  -0.00000000   0.00000000  -0.00000000   0.00000000  -0.00000000   0.00000000  -0.00000000   0.00000000  -0.00000000 
-21.24510000   0.00000000  -0.00000000   0.00000000  -0.00000000   0.00000000  -0.00000000   0.00000000  -0.00000000   0.00000000  -0.00000000   0.00000000  -0.00000000   0.00000000  -0.00000000   0.00000000  -0.00000000   0.00000000  -0.00000000 
-21.12910000   0.00000000  -0.00000000   0.00000000  -0.00000000   0.00000000  -0.00000000   0.00000000  -0.00000000   0.00000000  -0.00000000   0.00000000  -0.00000000   0.00000000  -0.00000000   0.00000000  -0.00000000   0.00000000  -0.00000000 
-21.01410000   0.00000000  -0.00000000   0.00000000  -0.00000000   0.00000000  -0.00000000   0.00000000  -0.00000000   0.00000000  -0.00000000   0.00000000  -0.00000000   0.00000000  -0.00000000   0.00000000  -0.00000000   0.00000000  -0.00000000 
-20.89810000   0.00000000  -0.00000000   0.00000000  -0.00000000   0.00000000  -0.00000000   0.00000000  -0.00000000   0.00000000  -0.00000000   0.00000000  -0.00000000   0.00000000  -0.00000000   0.00000000  -0.00000000   0.00000000  -0.00000000 
-20.78210000   0.00000000  -0.00000000   0.00000000  -0.00000000   0.00000000  -0.00000000   0.00000000  -0.00000000   0.00000000  -0.00000000   0.00000000  -0.00000000   0.00000000  -0.00000000   0.00000000  -0.00000000   0.00000000  -0.00000000 
-20.66610000   0.00000000  -0.00000000   0.00000000  -0.00000000   0.00000000  -0.00000000   0.00000000  -0.00000000   0.00000000  -0.00000000   0.00000000  -0.00000000   0.00000000  -0.00000000   0.00000000  -0.00000000   0.00000000  -0.00000000 
-20.55110000   0.00000000  -0.00000000   0.00000000  -0.00000000   0.00000000  -0.00000000   0.00000000  -0.00000000   0.00000000  -0.00000000   0.00000000  -0.00000000   0.00000000  -0.00000000   0.00000000  -0.00000000   0.00000000  -0.00000000 
-20.43510000   0.00000000  -0.00000000   0.00000000  -0.00000000   0.00000000  -0.00000000   0.00000000  -0.00000000   0.00000000  -0.00000000   0.00000000  -0.00000000   0.00000000  -0.00000000   0.00000000  -0.00000000   0.00000000  -0.00000000 
-20.31910000   0.00000000  -0.00000000   0.00000000  -0.00000000   0.00000000  -0.00000000   0.00000000  -0.00000000   0.00000000  -0.00000000   0.00000000  -0.00000000   0.00000000  -0.00000000   0.00000000  -0.00000000   0.00000000  -0.00000000 
-20.20310000   0.00000000  -0.00000000   0.00000000  -0.00000000   0.00000000  -0.00000000   0.00000000  -0.00000000   0.00000000  -0.00000000   0.00000000  -0.00000000   0.00000000  -0.00000000   0.00000000  -0.00000000   0.00000000  -0.00000000 
-20.08810000   0.00000000  -0.00000000   0.00000000  -0.00000000   0.00000000  -0.00000000   0.00000000  -0.00000000   0.00000000  -0.00000000   0.00000000  -0.00000000   0.00000000  -0.00000000   0.00000000  -0.00000000   0.00000000  -0.00000000 
-19.97210000   0.00000000  -0.00000000   0.00000000  -0.00000000   0.00000000  -0.00000000   0.00000000  -0.00000000   0.00000000  -0.00000000   0.00000000  -0.00000000   0.00000000  -0.00000000   0.00000000  -0.00000000   0.00000000  -0.00000000 
-19.85610000   0.00000000  -0.00000000   0.00000000  -0.00000000   0.00000000  -0.00000000   0.00000000  -0.00000000   0.00000000  -0.00000000   0.00000000  -0.00000000   0.00000000  -0.00000000   0.00000000  -0.00000000   0.00000000  -0.00000000 
-19.74010000   0.00000000  -0.00000000   0.00000000  -0.00000000   0.00000000  -0.00000000   0.00000000  -0.00000000   0.00000000  -0.00000000   0.00000000  -0.00000000   0.00000000  -0.00000000   0.00000000  -0.00000000   0.00000000  -0.00000000 
-19.62510000   0.00000000  -0.00000000   0.00000000  -0.00000000   0.00000000  -0.00000000   0.00000000  -0.00000000   0.00000000  -0.00000000   0.00000000  -0.00000000   0.00000000  -0.00000000   0.00000000  -0.00000000   0.00000000  -0.00000000 
-19.50910000   0.00000000  -0.00000000   0.00000000  -0.00000000   0.00000000  -0.00000000   0.00000000  -0.00000000   0.00000000  -0.00000000   0.00000000  -0.00000000   0.00000000  -0.00000000   0.00000000  -0.00000000   0.00000000  -0.00000000 
-19.39310000   0.00000000  -0.00000000   0.00000000  -0.00000000   0.00000000  -0.00000000   0.00000000  -0.00000000   0.00000000  -0.00000000   0.00000000  -0.00000000   0.00000000  -0.00000000   0.00000000  -0.00000000   0.00000000  -0.00000000 
-19.27710000   0.00000000  -0.00000000   0.00000000  -0.00000000   0.00000000  -0.00000000   0.00000000  -0.00000000   0.00000000  -0.00000000   0.00000000  -0.00000000   0.00000000  -0.00000000   0.00000000  -0.00000000   0.00000000  -0.00000000 
-19.16110000   0.00000000  -0.00000000   0.00000000  -0.00000000   0.00000000  -0.00000000   0.00000000  -0.00000000   0.00000000  -0.00000000   0.00000000  -0.00000000   0.00000000  -0.00000000   0.00000000  -0.00000000   0.00000000  -0.00000000 
-19.04610000   0.00000000  -0.00000000   0.00000000  -0.00000000   0.00000000  -0.00000000   0.00000000  -0.00000000   0.00000000  -0.00000000   0.00000000  -0.00000000   0.00000000  -0.00000000   0.00000000  -0.00000000   0.00000000  -0.00000000 
-18.93010000   0.00000000  -0.00000000   0.00000000  -0.00000000   0.00000000  -0.00000000   0.00000000  -0.00000000   0.00000000  -0.00000000   0.00000000  -0.00000000   0.00000000  -0.00000000   0.00000000  -0.00000000   0.00000000  -0.00000000 
-18.81410000   0.00000000  -0.00000000   0.00000000  -0.00000000   0.00000000  -0.00000000   0.00000000  -0.00000000   0.00000000  -0.00000000   0.00000000  -0.00000000   0.00000000  -0.00000000   0.00000000  -0.00000000   0.00000000  -0.00000000 
-18.69810000   0.00000000  -0.00000000   0.00000000  -0.00000000   0.00000000  -0.00000000   0.00000000  -0.00000000   0.00000000  -0.00000000   0.00000000  -0.00000000   0.00000000  -0.00000000   0.00000000  -0.00000000   0.00000000  -0.00000000 
-18.58310000   0.00000000  -0.00000000   0.00000000  -0.00000000   0.00000000  -0.00000000   0.00000000  -0.00000000   0.00000000  -0.00000000   0.00000000  -0.00000000   0.00000000  -0.00000000   0.00000000  -0.00000000   0.00000000  -0.00000000 
-18.46710000   0.00000000  -0.00000000   0.00000000  -0.00000000   0.00000000  -0.00000000   0.00000000  -0.00000000   0.00000000  -0.00000000   0.00000000  -0.00000000   0.00000000  -0.00000000   0.00000000  -0.00000000   0.00000000  -0.00000000 
-18.35110000   0.00000000  -0.00000000   0.00000000  -0.00000000   0.00000000  -0.00000000   0.00000000  -0.00000000   0.00000000  -0.00000000   0.00000000  -0.00000000   0.00000000  -0.00000000   0.00000000  -0.00000000   0.00000000  -0.00000000 
-18.23510000   0.00000000  -0.00000000   0.00000000  -0.00000000   0.00000000  -0.00000000   0.00000000  -0.00000000   0.00000000  -0.00000000   0.00000000  -0.00000000   0.00000000  -0.00000000   0.00000000  -0.00000000   0.00000000  -0.00000000 
-18.12010000   0.00000000  -0.00000000   0.00000000  -0.00000000   0.00000000  -0.00000000   0.00000000  -0.00000000   0.00000000  -0.00000000   0.00000000  -0.00000000   0.00000000  -0.00000000   0.00000000  -0.00000000   0.00000000  -0.00000000 
-18.00410000   0.00000000  -0.00000000   0.00000000  -0.00000000   0.00000000  -0.00000000   0.00000000  -0.00000000   0.00000000  -0.00000000   0.00000000  -0.00000000   0.00000000  -0.00000000   0.00000000  -0.00000000   0.00000000  -0.00000000 
-17.88810000   0.00000000  -0.00000000   0.00000000  -0.00000000   0.00000000  -0.00000000   0.00000000  -0.00000000   0.00000000  -0.00000000   0.00000000  -0.00000000   0.00000000  -0.00000000   0.00000000  -0.00000000   0.00000000  -0.00000000 
-17.77210000   0.00000000  -0.00000000   0.00000000  -0.00000000   0.00000000  -0.00000000   0.00000000  -0.00000000   0.00000000  -0.00000000   0.00000000  -0.00000000   0.00000000  -0.00000000   0.00000000  -0.00000000   0.00000000  -0.00000000 
-17.65710000   0.00000000  -0.00000000   0.00000000  -0.00000000   0.00000000  -0.00000000   0.00000000  -0.00000000   0.00000000  -0.00000000   0.00000000  -0.00000000   0.00000000  -0.00000000   0.00000000  -0.00000000   0.00000000  -0.00000000 
-17.54110000   0.00000000  -0.00000000   0.00000000  -0.00000000   0.00000000  -0.00000000   0.00000000  -0.00000000   0.00000000  -0.00000000   0.00000000  -0.00000000   0.00000000  -0.00000000   0.00000000  -0.00000000   0.00000000  -0.00000000 
-17.42510000   0.00000000  -0.00000000   0.00000000  -0.00000000   0.00000000  -0.00000000   0.00000000  -0.00000000   0.00000000  -0.00000000   0.00000000  -0.00000000   0.00000000  -0.00000000   0.00000000  -0.00000000   0.00000000  -0.00000000 
-17.30910000   0.00000000  -0.00000000   0.00000000  -0.00000000   0.00000000  -0.00000000   0.00000000  -0.00000000   0.00000000  -0.00000000   0.00000000  -0.00000000   0.00000000  -0.00000000   0.00000000  -0.00000000   0.00000000  -0.00000000 
-17.19410000   0.00000000  -0.00000000   0.00000000  -0.00000000   0.00000000  -0.00000000   0.00000000  -0.00000000   0.00000000  -0.00000000   0.00000000  -0.00000000   0.00000000  -0.00000000   0.00000000  -0.00000000   0.00000000  -0.00000000 
-17.07810000   0.00000000  -0.00000000   0.00000000  -0.00000000   0.00000000  -0.00000000   0.00000000  -0.00000000   0.00000000  -0.00000000   0.00000000  -0.00000000   0.00000000  -0.00000000   0.00000000  -0.00000000   0.00000000  -0.00000000 
-16.96210000   0.00000000  -0.00000000   0.00000000  -0.00000000   0.00000000  -0.00000000   0.00000000  -0.00000000   0.00000000  -0.00000000   0.00000000  -0.00000000   0.00000000  -0.00000000   0.00000000  -0.00000000   0.00000000  -0.00000000 
-16.84610000   0.00000000  -0.00000000   0.00000000  -0.00000000   0.00000000  -0.00000000   0.00000000  -0.00000000   0.00000000  -0.00000000   0.00000000  -0.00000000   0.00000000  -0.00000000   0.00000000  -0.00000000   0.00000000  -0.00000000 
-16.73110000   0.00000000  -0.00000000   0.00000000  -0.00000000   0.00000000  -0.00000000   0.00000000  -0.00000000   0.00000000  -0.00000000   0.00000000  -0.00000000   0.00000000  -0.00000000   0.00000000  -0.00000000   0.00000000  -0.00000000 
-16.61510000   0.00000000  -0.00000000   0.00000000  -0.00000000   0.00000000  -0.00000000   0.00000000  -0.00000000   0.00000000  -0.00000000   0.00000000  -0.00000000   0.00000000  -0.00000000   0.00000000  -0.00000000   0.00000000  -0.00000000 
-16.49910000   0.00000001  -0.00000001   0.00000000  -0.00000000   0.00000000  -0.00000000   0.00000000  -0.00000000   0.00000000  -0.00000000   0.00000000  -0.00000000   0.00000000  -0.00000000   0.00000000  -0.00000000   0.00000000  -0.00000000 
-16.38310000   0.00000006  -0.00000006   0.00000000  -0.00000000   0.00000000  -0.00000000   0.00000000  -0.00000000   0.00000000  -0.00000000   0.00000000  -0.00000000   0.00000000  -0.00000000   0.00000000  -0.00000000   0.00000000  -0.00000000 
-16.26810000   0.00000048  -0.00000048   0.00000000  -0.00000000   0.00000002  -0.00000002   0.00000000  -0.00000000   0.00000000  -0.00000000   0.00000000  -0.00000000   0.00000000  -0.00000000   0.00000000  -0.00000000   0.00000000  -0.00000000 
-16.15210000   0.00000582  -0.00000582   0.00000003  -0.00000003   0.00000008  -0.00000008   0.00000003  -0.00000003   0.00000001  -0.00000001   0.00000000  -0.00000000   0.00000003  -0.00000003   0.00000000  -0.00000000   0.00000001  -0.00000001 
-16.03610000   0.00005844  -0.00005844   0.00000034  -0.00000034   0.00000057  -0.00000057   0.00000033  -0.00000033   0.00000013  -0.00000013   0.00000001  -0.00000001   0.00000030  -0.00000030   0.00000001  -0.00000001   0.00000013  -0.00000013 
-15.92010000   0.00038750  -0.00038750   0.00000279  -0.00000279   0.00000314  -0.00000314   0.00000275  -0.00000275   0.00000107  -0.00000107   0.00000009  -0.00000009   0.00000193  -0.00000193   0.00000009  -0.00000009   0.00000107  -0.00000107 
-15.80510000   0.00174600  -0.00174600   0.00001529  -0.00001529   0.00001062  -0.00001062   0.00001507  -0.00001507   0.00000594  -0.00000594   0.00000041  -0.00000041   0.00000827  -0.00000827   0.00000041  -0.00000041   0.00000595  -0.00000595 
-15.68910000   0.00567300  -0.00567300   0.00006151  -0.00006151   0.00002239  -0.00002239   0.00006064  -0.00006064   0.00002433  -0.00002433   0.00000126  -0.00000126   0.00002554  -0.00002554   0.00000124  -0.00000124   0.00002436  -0.00002436 
-15.57310000   0.01330000  -0.01330000   0.00018730  -0.00018730   0.00003344  -0.00003344   0.00018470  -0.00018470   0.00007588  -0.00007588   0.00000295  -0.00000295   0.00005926  -0.00005926   0.00000292  -0.00000292   0.00007600  -0.00007600 
-15.45710000   0.02219000  -0.02219000   0.00043840  -0.00043840   0.00004093  -0.00004093   0.00043200  -0.00043200   0.00018320  -0.00018320   0.00000528  -0.00000528   0.00010390  -0.00010390   0.00000526  -0.00000526   0.00018370  -0.00018370 
-15.34210000   0.02824000  -0.02824000   0.00082540  -0.00082540   0.00004276  -0.00004276   0.00081480  -0.00081480   0.00035860  -0.00035860   0.00000770  -0.00000770   0.00014680  -0.00014680   0.00000762  -0.00000762   0.00035900  -0.00035900 
-15.22610000   0.03045000  -0.03045000   0.00126400  -0.00126400   0.00004370  -0.00004370   0.00125100  -0.00125100   0.00057440  -0.00057440   0.00001171  -0.00001171   0.00018020  -0.00018020   0.00001141  -0.00001141   0.00057310  -0.00057310 
-15.11010000   0.02922000  -0.02922000   0.00169200  -0.00169200   0.00005050  -0.00005050   0.00167300  -0.00167300   0.00081460  -0.00081460   0.00001774  -0.00001774   0.00020230  -0.00020230   0.00001727  -0.00001727   0.00081270  -0.00081270 
-14.99410000   0.02868000  -0.02868000   0.00231900  -0.00231900   0.00005880  -0.00005880   0.00228900  -0.00228900   0.00118600  -0.00118600   0.00002201  -0.00002201   0.00023620  -0.00023620   0.00002138  -0.00002138   0.00118400  -0.00118400 
-14.87810000   0.02992000  -0.02992000   0.00300000  -0.00300000   0.00011730  -0.00011730   0.00297900  -0.00297900   0.00161300  -0.00161300   0.00002911  -0.00002911   0.00027660  -0.00027660   0.00002778  -0.00002778   0.00160200  -0.00160200 
-14.76310000   0.02767000  -0.02767000   0.00333700  -0.00333700   0.00046170  -0.00046170   0.00332300  -0.00332300   0.00189800  -0.00189800   0.00006280  -0.00006280   0.00028320  -0.00028320   0.00006045  -0.00006045   0.00187900  -0.00187900 
-14.64710000   0.02486000  -0.02486000   0.00392800  -0.00392800   0.00156600  -0.00156600   0.00387200  -0.00387200   0.00238000  -0.00238000   0.00017400  -0.00017400   0.00029500  -0.00029500   0.00017070  -0.00017070   0.00237500  -0.00237500 
-14.53110000   0.02672000  -0.02672000   0.00525100  -0.00525100   0.00404100  -0.00404100   0.00517500  -0.00517500   0.00336000  -0.00336000   0.00048550  -0.00048550   0.00035540  -0.00035540   0.00047540  -0.00047540   0.00335100  -0.00335100 
-14.41510000   0.02772000  -0.02772000   0.00618600  -0.00618600   0.00879800  -0.00879800   0.00616900  -0.00616900   0.00417100  -0.00417100   0.00128100  -0.00128100   0.00038990  -0.00038990   0.00124300  -0.00124300   0.00412000  -0.00412000 
-14.30010000   0.02418000  -0.02418000   0.00659100  -0.00659100   0.01599000  -0.01599000   0.00655100  -0.00655100   0.00471100  -0.00471100   0.00302100  -0.00302100   0.00036670  -0.00036670   0.00292400  -0.00292400   0.00466600  -0.00466600 
-14.18410000   0.02255000  -0.02255000   0.00826700  -0.00826700   0.02271000  -0.02271000   0.00809800  -0.00809800   0.00624000  -0.00624000   0.00611200  -0.00611200   0.00038250  -0.00038250   0.00592800  -0.00592800   0.00624700  -0.00624700 
-14.06810000   0.02423000  -0.02423000   0.01114000  -0.01114000   0.02571000  -0.02571000   0.01093000  -0.01093000   0.00884800  -0.00884800   0.01075000  -0.01075000   0.00044060  -0.00044060   0.01044000  -0.01044000   0.00884900  -0.00884900 
-13.95210000   0.02389000  -0.02389000   0.01392000  -0.01392000   0.02539000  -0.02539000   0.01370000  -0.01370000   0.01170000  -0.01170000   0.01723000  -0.01723000   0.00044780  -0.00044780   0.01670000  -0.01670000   0.01168000  -0.01168000 
-13.83710000   0.02183000  -0.02183000   0.01786000  -0.01786000   0.02369000  -0.02369000   0.01760000  -0.01760000   0.01587000  -0.01587000   0.02669000  -0.02669000   0.00042080  -0.00042080   0.02578000  -0.02578000   0.01577000  -0.01577000 
-13.72110000   0.01975000  -0.01975000   0.02199000  -0.02199000   0.02147000  -0.02147000   0.02201000  -0.02201000   0.02041000  -0.02041000   0.04112000  -0.04112000   0.00038820  -0.00038820   0.03974000  -0.03974000   0.01992000  -0.01992000 
-13.60510000   0.01476000  -0.01476000   0.02157000  -0.02157000   0.01845000  -0.01845000   0.02202000  -0.02202000   0.02065000  -0.02065000   0.05949000  -0.05949000   0.00029120  -0.00029120   0.05840000  -0.05840000   0.01972000  -0.01972000 
-13.48910000   0.00782100  -0.00782100   0.01588000  -0.01588000   0.01384000  -0.01384000   0.01640000  -0.01640000   0.01545000  -0.01545000   0.07024000  -0.07024000   0.00015500  -0.00015500   0.07099000  -0.07099000   0.01456000  -0.01456000 
-13.37410000   0.00286600  -0.00286600   0.00838100  -0.00838100   0.00802500  -0.00802500   0.00868000  -0.00868000   0.00818300  -0.00818300   0.05947000  -0.05947000   0.00005784  -0.00005784   0.06192000  -0.06192000   0.00767900  -0.00767900 
-13.25810000   0.00071370  -0.00071370   0.00289700  -0.00289700   0.00322900  -0.00322900   0.00299900  -0.00299900   0.00282700  -0.00282700   0.03328000  -0.03328000   0.00001480  -0.00001480   0.03539000  -0.03539000   0.00265300  -0.00265300 
-13.14210000   0.00011390  -0.00011390   0.00060730  -0.00060730   0.00083660  -0.00083660   0.00062840  -0.00062840   0.00059220  -0.00059220   0.01167000  -0.01167000   0.00000242  -0.00000242   0.01254000  -0.01254000   0.00055590  -0.00055590 
-13.02610000   0.00001093  -0.00001093   0.00007415  -0.00007415   0.00013320  -0.00013320   0.00007664  -0.00007664   0.00007228  -0.00007228   0.00245600  -0.00245600   0.00000024  -0.00000024   0.00264800  -0.00264800   0.00006791  -0.00006791 
-12.91110000   0.00000062  -0.00000062   0.00000521  -0.00000521   0.00001262  -0.00001262   0.00000537  -0.00000537   0.00000507  -0.00000507   0.00029900  -0.00029900   0.00000001  -0.00000001   0.00032230  -0.00032230   0.00000478  -0.00000478 
-12.79510000   0.00000002  -0.00000002   0.00000022  -0.00000022   0.00000070  -0.00000070   0.00000022  -0.00000022   0.00000021  -0.00000021   0.00002047  -0.00002047   0.00000000  -0.00000000   0.00002202  -0.00002202   0.00000020  -0.00000020 
-12.67910000   0.00000000  -0.00000000   0.00000001  -0.00000001   0.00000002  -0.00000002   0.00000001  -0.00000001   0.00000001  -0.00000001   0.00000078  -0.00000078   0.00000000  -0.00000000   0.00000083  -0.00000083   0.00000001  -0.00000001 
-12.56310000   0.00000000  -0.00000000   0.00000000  -0.00000000   0.00000000  -0.00000000   0.00000000  -0.00000000   0.00000000  -0.00000000   0.00000002  -0.00000002   0.00000000  -0.00000000   0.00000002  -0.00000002   0.00000000  -0.00000000 
-12.44810000   0.00000000  -0.00000000   0.00000000  -0.00000000   0.00000000  -0.00000000   0.00000000  -0.00000000   0.00000000  -0.00000000   0.00000000  -0.00000000   0.00000000  -0.00000000   0.00000000  -0.00000000   0.00000000  -0.00000000 
-12.33210000   0.00000000  -0.00000000   0.00000000  -0.00000000   0.00000000  -0.00000000   0.00000000  -0.00000000   0.00000000  -0.00000000   0.00000000  -0.00000000   0.00000000  -0.00000000   0.00000000  -0.00000000   0.00000000  -0.00000000 
-12.21610000   0.00000000  -0.00000000   0.00000000  -0.00000000   0.00000000  -0.00000000   0.00000000  -0.00000000   0.00000000  -0.00000000   0.00000000  -0.00000000   0.00000000  -0.00000000   0.00000000  -0.00000000   0.00000000  -0.00000000 
-12.10010000   0.00000000  -0.00000000   0.00000000  -0.00000000   0.00000000  -0.00000000   0.00000000  -0.00000000   0.00000000  -0.00000000   0.00000000  -0.00000000   0.00000000  -0.00000000   0.00000000  -0.00000000   0.00000000  -0.00000000 
-11.98510000   0.00000000  -0.00000000   0.00000000  -0.00000000   0.00000000  -0.00000000   0.00000000  -0.00000000   0.00000000  -0.00000000   0.00000000  -0.00000000   0.00000000  -0.00000000   0.00000000  -0.00000000   0.00000000  -0.00000000 
-11.86910000   0.00000000  -0.00000000   0.00000000  -0.00000000   0.00000000  -0.00000000   0.00000000  -0.00000000   0.00000000  -0.00000000   0.00000000  -0.00000000   0.00000000  -0.00000000   0.00000000  -0.00000000   0.00000000  -0.00000000 
-11.75310000   0.00000000  -0.00000000   0.00000000  -0.00000000   0.00000000  -0.00000000   0.00000000  -0.00000000   0.00000000  -0.00000000   0.00000000  -0.00000000   0.00000000  -0.00000000   0.00000000  -0.00000000   0.00000000  -0.00000000 
-11.63710000   0.00000000  -0.00000000   0.00000000  -0.00000000   0.00000000  -0.00000000   0.00000000  -0.00000000   0.00000000  -0.00000000   0.00000000  -0.00000000   0.00000000  -0.00000000   0.00000000  -0.00000000   0.00000000  -0.00000000 
-11.52210000   0.00000000  -0.00000000   0.00000000  -0.00000000   0.00000000  -0.00000000   0.00000000  -0.00000000   0.00000000  -0.00000000   0.00000000  -0.00000000   0.00000000  -0.00000000   0.00000000  -0.00000000   0.00000000  -0.00000000 
-11.40610000   0.00000000  -0.00000000   0.00000000  -0.00000000   0.00000000  -0.00000000   0.00000000  -0.00000000   0.00000000  -0.00000000   0.00000000  -0.00000000   0.00000000  -0.00000000   0.00000000  -0.00000000   0.00000000  -0.00000000 
-11.29010000   0.00000000  -0.00000000   0.00000000  -0.00000000   0.00000000  -0.00000000   0.00000000  -0.00000000   0.00000000  -0.00000000   0.00000000  -0.00000000   0.00000000  -0.00000000   0.00000000  -0.00000000   0.00000000  -0.00000000 
-11.17410000   0.00000000  -0.00000000   0.00000000  -0.00000000   0.00000000  -0.00000000   0.00000000  -0.00000000   0.00000000  -0.00000000   0.00000000  -0.00000000   0.00000000  -0.00000000   0.00000000  -0.00000000   0.00000000  -0.00000000 
-11.05910000   0.00000000  -0.00000000   0.00000000  -0.00000000   0.00000000  -0.00000000   0.00000000  -0.00000000   0.00000000  -0.00000000   0.00000000  -0.00000000   0.00000000  -0.00000000   0.00000000  -0.00000000   0.00000000  -0.00000000 
-10.94310000   0.00000000  -0.00000000   0.00000000  -0.00000000   0.00000000  -0.00000000   0.00000000  -0.00000000   0.00000000  -0.00000000   0.00000000  -0.00000000   0.00000000  -0.00000000   0.00000000  -0.00000000   0.00000000  -0.00000000 
-10.82710000   0.00000000  -0.00000000   0.00000000  -0.00000000   0.00000000  -0.00000000   0.00000000  -0.00000000   0.00000000  -0.00000000   0.00000000  -0.00000000   0.00000000  -0.00000000   0.00000000  -0.00000000   0.00000000  -0.00000000 
-10.71110000   0.00000000  -0.00000000   0.00000000  -0.00000000   0.00000000  -0.00000000   0.00000000  -0.00000000   0.00000000  -0.00000000   0.00000000  -0.00000000   0.00000000  -0.00000000   0.00000000  -0.00000000   0.00000000  -0.00000000 
-10.59510000   0.00000000  -0.00000000   0.00000000  -0.00000000   0.00000000  -0.00000000   0.00000000  -0.00000000   0.00000000  -0.00000000   0.00000000  -0.00000000   0.00000000  -0.00000000   0.00000000  -0.00000000   0.00000000  -0.00000000 
-10.48010000   0.00000000  -0.00000000   0.00000000  -0.00000000   0.00000000  -0.00000000   0.00000000  -0.00000000   0.00000000  -0.00000000   0.00000000  -0.00000000   0.00000000  -0.00000000   0.00000000  -0.00000000   0.00000000  -0.00000000 
-10.36410000   0.00000000  -0.00000000   0.00000000  -0.00000000   0.00000000  -0.00000000   0.00000000  -0.00000000   0.00000000  -0.00000000   0.00000000  -0.00000000   0.00000000  -0.00000000   0.00000000  -0.00000000   0.00000000  -0.00000000 
-10.24810000   0.00000000  -0.00000000   0.00000000  -0.00000000   0.00000000  -0.00000000   0.00000000  -0.00000000   0.00000000  -0.00000000   0.00000000  -0.00000000   0.00000000  -0.00000000   0.00000000  -0.00000000   0.00000000  -0.00000000 
-10.13210000   0.00000000  -0.00000000   0.00000000  -0.00000000   0.00000000  -0.00000000   0.00000000  -0.00000000   0.00000000  -0.00000000   0.00000000  -0.00000000   0.00000000  -0.00000000   0.00000000  -0.00000000   0.00000000  -0.00000000 
-10.01710000   0.00000002  -0.00000002   0.00000000  -0.00000000   0.00000000  -0.00000000   0.00000000  -0.00000000   0.00000000  -0.00000000   0.00000001  -0.00000001   0.00000000  -0.00000000   0.00000000  -0.00000000   0.00000000  -0.00000000 
 -9.90110000   0.00000003  -0.00000003   0.00000000  -0.00000000   0.00000001  -0.00000001   0.00000000  -0.00000000   0.00000000  -0.00000000   0.00000001  -0.00000001   0.00000001  -0.00000001   0.00000000  -0.00000000   0.00000000  -0.00000000 
 -9.78510000   0.00000003  -0.00000003   0.00000000  -0.00000000   0.00000001  -0.00000001   0.00000000  -0.00000000   0.00000000  -0.00000000   0.00000001  -0.00000001   0.00000001  -0.00000001   0.00000000  -0.00000000   0.00000000  -0.00000000 
 -9.66910000   0.00000002  -0.00000002   0.00000000  -0.00000000   0.00000000  -0.00000000   0.00000000  -0.00000000   0.00000000  -0.00000000   0.00000001  -0.00000001   0.00000000  -0.00000000   0.00000000  -0.00000000   0.00000000  -0.00000000 
 -9.55410000   0.00000000  -0.00000000   0.00000000  -0.00000000   0.00000000  -0.00000000   0.00000000  -0.00000000   0.00000000  -0.00000000   0.00000000  -0.00000000   0.00000000  -0.00000000   0.00000000  -0.00000000   0.00000000  -0.00000000 
 -9.43810000   0.00000000  -0.00000000   0.00000000  -0.00000000   0.00000000  -0.00000000   0.00000000  -0.00000000   0.00000000  -0.00000000   0.00000000  -0.00000000   0.00000000  -0.00000000   0.00000000  -0.00000000   0.00000000  -0.00000000 
 -9.32210000   0.00000000  -0.00000000   0.00000000  -0.00000000   0.00000000  -0.00000000   0.00000000  -0.00000000   0.00000000  -0.00000000   0.00000000  -0.00000000   0.00000000  -0.00000000   0.00000000  -0.00000000   0.00000000  -0.00000000 
 -9.20610000   0.00000000  -0.00000000   0.00000000  -0.00000000   0.00000000  -0.00000000   0.00000000  -0.00000000   0.00000000  -0.00000000   0.00000000  -0.00000000   0.00000000  -0.00000000   0.00000000  -0.00000000   0.00000000  -0.00000000 
 -9.09110000   0.00000000  -0.00000000   0.00000000  -0.00000000   0.00000000  -0.00000000   0.00000000  -0.00000000   0.00000000  -0.00000000   0.00000000  -0.00000000   0.00000000  -0.00000000   0.00000000  -0.00000000   0.00000000  -0.00000000 
 -8.97510000   0.00000000  -0.00000000   0.00000000  -0.00000000   0.00000000  -0.00000000   0.00000000  -0.00000000   0.00000000  -0.00000000   0.00000000  -0.00000000   0.00000000  -0.00000000   0.00000000  -0.00000000   0.00000000  -0.00000000 
 -8.85910000   0.00000000  -0.00000000   0.00000000  -0.00000000   0.00000000  -0.00000000   0.00000000  -0.00000000   0.00000000  -0.00000000   0.00000000  -0.00000000   0.00000000  -0.00000000   0.00000000  -0.00000000   0.00000000  -0.00000000 
 -8.74310000   0.00000000  -0.00000000   0.00000000  -0.00000000   0.00000000  -0.00000000   0.00000000  -0.00000000   0.00000000  -0.00000000   0.00000000  -0.00000000   0.00000000  -0.00000000   0.00000000  -0.00000000   0.00000000  -0.00000000 
 -8.62810000   0.00000003  -0.00000003   0.00000000  -0.00000000   0.00000000  -0.00000000   0.00000000  -0.00000000   0.00000000  -0.00000000   0.00000001  -0.00000001   0.00000001  -0.00000001   0.00000000  -0.00000000   0.00000000  -0.00000000 
 -8.51210000   0.00000014  -0.00000014   0.00000002  -0.00000002   0.00000002  -0.00000002   0.00000000  -0.00000000   0.00000000  -0.00000000   0.00000002  -0.00000002   0.00000004  -0.00000004   0.00000000  -0.00000000   0.00000002  -0.00000002 
 -8.39610000   0.00000034  -0.00000034   0.00000004  -0.00000004   0.00000004  -0.00000004   0.00000000  -0.00000000   0.00000001  -0.00000001   0.00000006  -0.00000006   0.00000010  -0.00000010   0.00000001  -0.00000001   0.00000004  -0.00000004 
 -8.28010000   0.00000048  -0.00000048   0.00000005  -0.00000005   0.00000005  -0.00000005   0.00000001  -0.00000001   0.00000001  -0.00000001   0.00000008  -0.00000008   0.00000016  -0.00000016   0.00000001  -0.00000001   0.00000006  -0.00000006 
 -8.16510000   0.00000057  -0.00000057   0.00000006  -0.00000006   0.00000005  -0.00000005   0.00000001  -0.00000001   0.00000002  -0.00000002   0.00000008  -0.00000008   0.00000026  -0.00000026   0.00000001  -0.00000001   0.00000009  -0.00000009 
 -8.04910000   0.00000118  -0.00000118   0.00000010  -0.00000010   0.00000007  -0.00000007   0.00000002  -0.00000002   0.00000005  -0.00000005   0.00000012  -0.00000012   0.00000088  -0.00000088   0.00000001  -0.00000001   0.00000019  -0.00000019 
 -7.93310000   0.00000846  -0.00000846   0.00000031  -0.00000031   0.00000015  -0.00000015   0.00000017  -0.00000017   0.00000070  -0.00000070   0.00000015  -0.00000015   0.00000843  -0.00000843   0.00000001  -0.00000001   0.00000100  -0.00000100 
 -7.81710000   0.00008862  -0.00008862   0.00000282  -0.00000282   0.00000097  -0.00000097   0.00000229  -0.00000229   0.00000990  -0.00000990   0.00000024  -0.00000024   0.00008539  -0.00008539   0.00000011  -0.00000011   0.00001154  -0.00001154 
 -7.70210000   0.00061120  -0.00061120   0.00002362  -0.00002362   0.00000616  -0.00000616   0.00002033  -0.00002033   0.00008886  -0.00008886   0.00000129  -0.00000129   0.00053040  -0.00053040   0.00000107  -0.00000107   0.00009871  -0.00009871 
 -7.58610000   0.00265600  -0.00265600   0.00012970  -0.00012970   0.00002470  -0.00002470   0.00011610  -0.00011610   0.00051790  -0.00051790   0.00000744  -0.00000744   0.00198600  -0.00198600   0.00000673  -0.00000673   0.00055740  -0.00055740 
 -7.47010000   0.00797200  -0.00797200   0.00049890  -0.00049890   0.00006231  -0.00006231   0.00046770  -0.00046770   0.00208600  -0.00208600   0.00002920  -0.00002920   0.00505100  -0.00505100   0.00002821  -0.00002821   0.00219500  -0.00219500 
 -7.35410000   0.01865000  -0.01865000   0.00147000  -0.00147000   0.00010580  -0.00010580   0.00143900  -0.00143900   0.00620100  -0.00620100   0.00010460  -0.00010460   0.01072000  -0.01072000   0.00010560  -0.00010560   0.00642100  -0.00642100 
 -7.23910000   0.03619000  -0.03619000   0.00342600  -0.00342600   0.00013910  -0.00013910   0.00342500  -0.00342500   0.01439000  -0.01439000   0.00048470  -0.00048470   0.02037000  -0.02037000   0.00049200  -0.00049200   0.01469000  -0.01469000 
 -7.12310000   0.05567000  -0.05567000   0.00615000  -0.00615000   0.00018410  -0.00018410   0.00612400  -0.00612400   0.02628000  -0.02628000   0.00238900  -0.00238900   0.03172000  -0.03172000   0.00241000  -0.00241000   0.02642000  -0.02642000 
 -7.00710000   0.06752000  -0.06752000   0.00901100  -0.00901100   0.00034580  -0.00034580   0.00879200  -0.00879200   0.03987000  -0.03987000   0.00935000  -0.00935000   0.04337000  -0.04337000   0.00939100  -0.00939100   0.03967000  -0.03967000 
 -6.89110000   0.07480000  -0.07480000   0.01245000  -0.01245000   0.00091080  -0.00091080   0.01199000  -0.01199000   0.05737000  -0.05737000   0.02557000  -0.02557000   0.06094000  -0.06094000   0.02565000  -0.02565000   0.05708000  -0.05708000 
 -6.77610000   0.08018000  -0.08018000   0.01574000  -0.01574000   0.00231200  -0.00231200   0.01540000  -0.01540000   0.07605000  -0.07605000   0.04678000  -0.04678000   0.08249000  -0.08249000   0.04697000  -0.04697000   0.07543000  -0.07543000 
 -6.66010000   0.07725000  -0.07725000   0.01712000  -0.01712000   0.00516900  -0.00516900   0.01724000  -0.01724000   0.08556000  -0.08556000   0.06044000  -0.06044000   0.09854000  -0.09854000   0.06070000  -0.06070000   0.08415000  -0.08415000 
 -6.54410000   0.07014000  -0.07014000   0.01730000  -0.01730000   0.01087000  -0.01087000   0.01774000  -0.01774000   0.08629000  -0.08629000   0.06935000  -0.06935000   0.10650000  -0.10650000   0.06928000  -0.06928000   0.08529000  -0.08529000 
 -6.42810000   0.05787000  -0.05787000   0.01585000  -0.01585000   0.01928000  -0.01928000   0.01618000  -0.01618000   0.07867000  -0.07867000   0.08413000  -0.08413000   0.10110000  -0.10110000   0.08386000  -0.08386000   0.07921000  -0.07921000 
 -6.31210000   0.03707000  -0.03707000   0.01134000  -0.01134000   0.02416000  -0.02416000   0.01141000  -0.01141000   0.05707000  -0.05707000   0.08647000  -0.08647000   0.07610000  -0.07610000   0.08655000  -0.08655000   0.05812000  -0.05812000 
 -6.19710000   0.01910000  -0.01910000   0.00573100  -0.00573100   0.02129000  -0.02129000   0.00571000  -0.00571000   0.02864000  -0.02864000   0.06488000  -0.06488000   0.04208000  -0.04208000   0.06498000  -0.06498000   0.02917000  -0.02917000 
 -6.08110000   0.01112000  -0.01112000   0.00220300  -0.00220300   0.01664000  -0.01664000   0.00218700  -0.00218700   0.00972700  -0.00972700   0.04823000  -0.04823000   0.01816000  -0.01816000   0.04768000  -0.04768000   0.00989900  -0.00989900 
 -5.96510000   0.00806800  -0.00806800   0.00146500  -0.00146500   0.01418000  -0.01418000   0.00143500  -0.00143500   0.00515300  -0.00515300   0.05136000  -0.05136000   0.00903900  -0.00903900   0.05010000  -0.05010000   0.00539000  -0.00539000 
 -5.84910000   0.00751200  -0.00751200   0.00286700  -0.00286700   0.01207000  -0.01207000   0.00278300  -0.00278300   0.01062000  -0.01062000   0.05721000  -0.05721000   0.01005000  -0.01005000   0.05622000  -0.05622000   0.01114000  -0.01114000 
 -5.73410000   0.01208000  -0.01208000   0.00615100  -0.00615100   0.00953200  -0.00953200   0.00594200  -0.00594200   0.02203000  -0.02203000   0.05120000  -0.05120000   0.01761000  -0.01761000   0.05137000  -0.05137000   0.02257000  -0.02257000 
 -5.61810000   0.02247000  -0.02247000   0.01136000  -0.01136000   0.00731400  -0.00731400   0.01099000  -0.01099000   0.03819000  -0.03819000   0.03964000  -0.03964000   0.03025000  -0.03025000   0.04026000  -0.04026000   0.03839000  -0.03839000 
 -5.50210000   0.04041000  -0.04041000   0.01885000  -0.01885000   0.00604600  -0.00604600   0.01856000  -0.01856000   0.06296000  -0.06296000   0.03543000  -0.03543000   0.05287000  -0.05287000   0.03543000  -0.03543000   0.06307000  -0.06307000 
 -5.38610000   0.07100000  -0.07100000   0.02788000  -0.02788000   0.00580300  -0.00580300   0.02792000  -0.02792000   0.09160000  -0.09160000   0.03984000  -0.03984000   0.08307000  -0.08307000   0.03910000  -0.03910000   0.09225000  -0.09225000 
 -5.27110000   0.10310000  -0.10310000   0.03289000  -0.03289000   0.00590000  -0.00590000   0.03316000  -0.03316000   0.10530000  -0.10530000   0.04558000  -0.04558000   0.09608000  -0.09608000   0.04461000  -0.04461000   0.10640000  -0.10640000 
 -5.15510000   0.10610000  -0.10610000   0.02788000  -0.02788000   0.00577300  -0.00577300   0.02832000  -0.02832000   0.09392000  -0.09392000   0.05049000  -0.05049000   0.07507000  -0.07507000   0.04964000  -0.04964000   0.09447000  -0.09447000 
 -5.03910000   0.07553000  -0.07553000   0.01754000  -0.01754000   0.00637800  -0.00637800   0.01804000  -0.01804000   0.06807000  -0.06807000   0.06159000  -0.06159000   0.04137000  -0.04137000   0.06063000  -0.06063000   0.06810000  -0.06810000 
 -4.92310000   0.04328000  -0.04328000   0.01102000  -0.01102000   0.00884500  -0.00884500   0.01138000  -0.01138000   0.04920000  -0.04920000   0.08184000  -0.08184000   0.02205000  -0.02205000   0.07943000  -0.07943000   0.05056000  -0.05056000 
 -4.80810000   0.02710000  -0.02710000   0.00953000  -0.00953000   0.01449000  -0.01449000   0.00978400  -0.00978400   0.04805000  -0.04805000   0.11950000  -0.11950000   0.01674000  -0.01674000   0.11220000  -0.11220000   0.05091000  -0.05091000 
 -4.69210000   0.02040000  -0.02040000   0.01015000  -0.01015000   0.02545000  -0.02545000   0.01044000  -0.01044000   0.05339000  -0.05339000   0.19520000  -0.19520000   0.01561000  -0.01561000   0.18250000  -0.18250000   0.05573000  -0.05573000 
 -4.57610000   0.01544000  -0.01544000   0.01068000  -0.01068000   0.03641000  -0.03641000   0.01077000  -0.01077000   0.04917000  -0.04917000   0.26560000  -0.26560000   0.01569000  -0.01569000   0.25900000  -0.25900000   0.05003000  -0.05003000 
 -4.46010000   0.00974200  -0.00974200   0.00988000  -0.00988000   0.03607000  -0.03607000   0.00964300  -0.00964300   0.03613000  -0.03613000   0.25130000  -0.25130000   0.01656000  -0.01656000   0.25850000  -0.25850000   0.03818000  -0.03818000 
 -4.34510000   0.00530600  -0.00530600   0.00821600  -0.00821600   0.02405000  -0.02405000   0.00799900  -0.00799900   0.03102000  -0.03102000   0.17990000  -0.17990000   0.01657000  -0.01657000   0.19120000  -0.19120000   0.03716000  -0.03716000 
 -4.22910000   0.00336600  -0.00336600   0.00588500  -0.00588500   0.01110000  -0.01110000   0.00594800  -0.00594800   0.03585000  -0.03585000   0.12300000  -0.12300000   0.01324000  -0.01324000   0.13120000  -0.13120000   0.04362000  -0.04362000 
 -4.11310000   0.00285700  -0.00285700   0.00453400  -0.00453400   0.00445600  -0.00445600   0.00472300  -0.00472300   0.04035000  -0.04035000   0.10160000  -0.10160000   0.00945100  -0.00945100   0.10530000  -0.10530000   0.04598000  -0.04598000 
 -3.99710000   0.00414600  -0.00414600   0.00748400  -0.00748400   0.00249500  -0.00249500   0.00764100  -0.00764100   0.05012000  -0.05012000   0.10220000  -0.10220000   0.01281000  -0.01281000   0.10250000  -0.10250000   0.05132000  -0.05132000 
 -3.88210000   0.00796300  -0.00796300   0.01548000  -0.01548000   0.00203000  -0.00203000   0.01552000  -0.01552000   0.06695000  -0.06695000   0.08981000  -0.08981000   0.02764000  -0.02764000   0.09269000  -0.09269000   0.06324000  -0.06324000 
 -3.76610000   0.01135000  -0.01135000   0.02293000  -0.02293000   0.00226400  -0.00226400   0.02273000  -0.02273000   0.08122000  -0.08122000   0.06511000  -0.06511000   0.04600000  -0.04600000   0.07008000  -0.07008000   0.07645000  -0.07645000 
 -3.65010000   0.01033000  -0.01033000   0.02228000  -0.02228000   0.00464100  -0.00464100   0.02205000  -0.02205000   0.08940000  -0.08940000   0.06783000  -0.06783000   0.04974000  -0.04974000   0.06775000  -0.06775000   0.08513000  -0.08513000 
 -3.53410000   0.00652700  -0.00652700   0.01633000  -0.01633000   0.01216000  -0.01216000   0.01633000  -0.01633000   0.09166000  -0.09166000   0.10520000  -0.10520000   0.03805000  -0.03805000   0.09986000  -0.09986000   0.08717000  -0.08717000 
 -3.41910000   0.00410900  -0.00410900   0.01336000  -0.01336000   0.02454000  -0.02454000   0.01333000  -0.01333000   0.09324000  -0.09324000   0.13600000  -0.13600000   0.02933000  -0.02933000   0.13290000  -0.13290000   0.09038000  -0.09038000 
 -3.30310000   0.00401000  -0.00401000   0.01449000  -0.01449000   0.03539000  -0.03539000   0.01422000  -0.01422000   0.09254000  -0.09254000   0.12770000  -0.12770000   0.03061000  -0.03061000   0.12850000  -0.12850000   0.09229000  -0.09229000 
 -3.18710000   0.00553100  -0.00553100   0.01774000  -0.01774000   0.04064000  -0.04064000   0.01747000  -0.01747000   0.08572000  -0.08572000   0.10410000  -0.10410000   0.03919000  -0.03919000   0.10330000  -0.10330000   0.08555000  -0.08555000 
 -3.07110000   0.00748200  -0.00748200   0.02117000  -0.02117000   0.04095000  -0.04095000   0.02105000  -0.02105000   0.06947000  -0.06947000   0.09014000  -0.09014000   0.04889000  -0.04889000   0.08790000  -0.08790000   0.06656000  -0.06656000 
 -2.95610000   0.00769000  -0.00769000   0.02139000  -0.02139000   0.04028000  -0.04028000   0.02100000  -0.02100000   0.04503000  -0.04503000   0.07557000  -0.07557000   0.04855000  -0.04855000   0.07621000  -0.07621000   0.04217000  -0.04217000 
 -2.84010000   0.00543600  -0.00543600   0.01695000  -0.01695000   0.04410000  -0.04410000   0.01620000  -0.01620000   0.02822000  -0.02822000   0.05719000  -0.05719000   0.03685000  -0.03685000   0.06104000  -0.06104000   0.02816000  -0.02816000 
 -2.72410000   0.00279700  -0.00279700   0.01080000  -0.01080000   0.04583000  -0.04583000   0.01017000  -0.01017000   0.02462000  -0.02462000   0.03987000  -0.03987000   0.02679000  -0.02679000   0.04380000  -0.04380000   0.02510000  -0.02510000 
 -2.60810000   0.00205400  -0.00205400   0.00790900  -0.00790900   0.04128000  -0.04128000   0.00735200  -0.00735200   0.02993000  -0.02993000   0.02545000  -0.02545000   0.03660000  -0.03660000   0.02766000  -0.02766000   0.02980000  -0.02980000 
 -2.49310000   0.00356100  -0.00356100   0.00994300  -0.00994300   0.03825000  -0.03825000   0.00936900  -0.00936900   0.05459000  -0.05459000   0.01712000  -0.01712000   0.08733000  -0.08733000   0.01844000  -0.01844000   0.05488000  -0.05488000 
 -2.37710000   0.00626100  -0.00626100   0.01410000  -0.01410000   0.03318000  -0.03318000   0.01425000  -0.01425000   0.11070000  -0.11070000   0.01232000  -0.01232000   0.18780000  -0.18780000   0.01348000  -0.01348000   0.11030000  -0.11030000 
 -2.26110000   0.00852600  -0.00852600   0.01706000  -0.01706000   0.02077000  -0.02077000   0.01825000  -0.01825000   0.17580000  -0.17580000   0.00732100  -0.00732100   0.29640000  -0.29640000   0.00807500  -0.00807500   0.17360000  -0.17360000 
 -2.14510000   0.00932600  -0.00932600   0.01745000  -0.01745000   0.00907400  -0.00907400   0.01902000  -0.01902000   0.20590000  -0.20590000   0.00321900  -0.00321900   0.34630000  -0.34630000   0.00348900  -0.00348900   0.20250000  -0.20250000 
 -2.02910000   0.00907400  -0.00907400   0.01597000  -0.01597000   0.00364700  -0.00364700   0.01738000  -0.01738000   0.20090000  -0.20090000   0.00117900  -0.00117900   0.33520000  -0.33520000   0.00123300  -0.00123300   0.19770000  -0.19770000 
 -1.91410000   0.00806700  -0.00806700   0.01348000  -0.01348000   0.00206600  -0.00206600   0.01456000  -0.01456000   0.18300000  -0.18300000   0.00047480  -0.00047480   0.28940000  -0.28940000   0.00048790  -0.00048790   0.18110000  -0.18110000 
 -1.79810000   0.00657400  -0.00657400   0.00944500  -0.00944500   0.00142800  -0.00142800   0.01010000  -0.01010000   0.15420000  -0.15420000   0.00026960  -0.00026960   0.21750000  -0.21750000   0.00027670  -0.00027670   0.15370000  -0.15370000 
 -1.68210000   0.00558400  -0.00558400   0.00524400  -0.00524400   0.00093900  -0.00093900   0.00558600  -0.00558600   0.12760000  -0.12760000   0.00019780  -0.00019780   0.15160000  -0.15160000   0.00020180  -0.00020180   0.12780000  -0.12780000 
 -1.56610000   0.00466900  -0.00466900   0.00246400  -0.00246400   0.00065390  -0.00065390   0.00264400  -0.00264400   0.09824000  -0.09824000   0.00013750  -0.00013750   0.10550000  -0.10550000   0.00014010  -0.00014010   0.09848000  -0.09848000 
 -1.45110000   0.00328900  -0.00328900   0.00096720  -0.00096720   0.00050930  -0.00050930   0.00105200  -0.00105200   0.05779000  -0.05779000   0.00007462  -0.00007462   0.07014000  -0.07014000   0.00007559  -0.00007559   0.05791000  -0.05791000 
 -1.33510000   0.00236000  -0.00236000   0.00030580  -0.00030580   0.00045640  -0.00045640   0.00033660  -0.00033660   0.02448000  -0.02448000   0.00002890  -0.00002890   0.05195000  -0.05195000   0.00002862  -0.00002862   0.02453000  -0.02453000 
 -1.21910000   0.00198700  -0.00198700   0.00008856  -0.00008856   0.00042650  -0.00042650   0.00009655  -0.00009655   0.00775500  -0.00775500   0.00000812  -0.00000812   0.04515000  -0.04515000   0.00000762  -0.00000762   0.00777200  -0.00777200 
 -1.10310000   0.00134600  -0.00134600   0.00002691  -0.00002691   0.00029240  -0.00029240   0.00002817  -0.00002817   0.00188900  -0.00188900   0.00000203  -0.00000203   0.03093000  -0.03093000   0.00000175  -0.00000175   0.00188700  -0.00188700 
 -0.98810000   0.00057230  -0.00057230   0.00000706  -0.00000706   0.00012290  -0.00012290   0.00000716  -0.00000716   0.00035660  -0.00035660   0.00000049  -0.00000049   0.01325000  -0.01325000   0.00000040  -0.00000040   0.00035200  -0.00035200 
 -0.87210000   0.00014610  -0.00014610   0.00000120  -0.00000120   0.00003084  -0.00003084   0.00000121  -0.00000121   0.00004922  -0.00004922   0.00000008  -0.00000008   0.00341100  -0.00341100   0.00000007  -0.00000007   0.00004769  -0.00004769 
 -0.75610000   0.00002237  -0.00002237   0.00000012  -0.00000012   0.00000464  -0.00000464   0.00000012  -0.00000012   0.00000436  -0.00000436   0.00000001  -0.00000001   0.00052630  -0.00052630   0.00000001  -0.00000001   0.00000415  -0.00000415 
 -0.64010000   0.00000202  -0.00000202   0.00000001  -0.00000001   0.00000041  -0.00000041   0.00000001  -0.00000001   0.00000023  -0.00000023   0.00000000  -0.00000000   0.00004774  -0.00004774   0.00000000  -0.00000000   0.00000021  -0.00000021 
 -0.52510000   0.00000010  -0.00000010   0.00000001  -0.00000001   0.00000002  -0.00000002   0.00000001  -0.00000001   0.00000037  -0.00000037   0.00000005  -0.00000005   0.00000251  -0.00000251   0.00000007  -0.00000007   0.00000032  -0.00000032 
 -0.40910000   0.00000005  -0.00000005   0.00000015  -0.00000015   0.00000002  -0.00000002   0.00000018  -0.00000018   0.00000876  -0.00000876   0.00000121  -0.00000121   0.00000186  -0.00000186   0.00000166  -0.00000166   0.00000740  -0.00000740 
 -0.29310000   0.00000103  -0.00000103   0.00000199  -0.00000199   0.00000025  -0.00000025   0.00000237  -0.00000237   0.00011500  -0.00011500   0.00001572  -0.00001572   0.00003683  -0.00003683   0.00002235  -0.00002236   0.00009533  -0.00009534 
 -0.17710000   0.00001461  -0.00001461   0.00001489  -0.00001489   0.00000221  -0.00000221   0.00001779  -0.00001779   0.00084400  -0.00084400   0.00011330  -0.00011330   0.00045440  -0.00045440   0.00016560  -0.00016560   0.00070000  -0.00070010 
 -0.06210000   0.00012440  -0.00012440   0.00007230  -0.00007230   0.00001134  -0.00001134   0.00008148  -0.00008148   0.00367300  -0.00367300   0.00047150  -0.00047150   0.00346800  -0.00346800   0.00068850  -0.00068850   0.00320800  -0.00320800 
  0.05390000   0.00063390  -0.00063390   0.00025900  -0.00025900   0.00003557  -0.00003557   0.00026080  -0.00026080   0.01066000  -0.01066000   0.00123300  -0.00123300   0.01668000  -0.01668000   0.00166400  -0.00166400   0.01048000  -0.01048000 
  0.16990000   0.00201000  -0.00201000   0.00072040  -0.00072040   0.00007708  -0.00007708   0.00067270  -0.00067270   0.02436000  -0.02436000   0.00233400  -0.00233400   0.05256000  -0.05256000   0.00255500  -0.00255500   0.02663000  -0.02663000 
  0.28590000   0.00447100  -0.00447100   0.00155100  -0.00155100   0.00013010  -0.00013010   0.00149300  -0.00149300   0.04934000  -0.04934000   0.00362200  -0.00362200   0.11850000  -0.11850000   0.00300800  -0.00300800   0.05342000  -0.05342000 
  0.40090000   0.00788900  -0.00788900   0.00277200  -0.00277200   0.00017800  -0.00017800   0.00286900  -0.00286900   0.09191000  -0.09191000   0.00475200  -0.00475200   0.20920000  -0.20920000   0.00343600  -0.00343600   0.09216000  -0.09216000 
  0.51690000   0.01098000  -0.01098000   0.00467800  -0.00467800   0.00020230  -0.00020230   0.00487200  -0.00487200   0.16570000  -0.16570000   0.00553500  -0.00553500   0.29490000  -0.29490000   0.00425800  -0.00425800   0.16330000  -0.16330000 
  0.63290000   0.01195000  -0.01195000   0.00757700  -0.00757700   0.00021840  -0.00021840   0.00757100  -0.00757100   0.29090000  -0.29090000   0.00725200  -0.00725200   0.34860000  -0.34860000   0.00660000  -0.00660100   0.29280000  -0.29280000 
  0.74890000   0.01144000  -0.01144000   0.01015000  -0.01015000   0.00027910  -0.00027910   0.01000000  -0.01000000   0.42750000  -0.42750000   0.01486000  -0.01486000   0.37650000  -0.37650000   0.01518000  -0.01518000   0.42630000  -0.42630000 
  0.86390000   0.01138000  -0.01138000   0.01024000  -0.01024000   0.00047660  -0.00047660   0.01020000  -0.01020000   0.46890000  -0.46890000   0.03800000  -0.03800000   0.37350000  -0.37350000   0.03857000  -0.03857000   0.45510000  -0.45510000 
  0.97990000   0.01320000  -0.01320000   0.00872000  -0.00872000   0.00089890  -0.00089890   0.00866800  -0.00866800   0.41670000  -0.41670000   0.07968000  -0.07968000   0.36780000  -0.36780000   0.07829000  -0.07829000   0.39930000  -0.39930000 
  1.09590000   0.01593000  -0.01593000   0.00808800  -0.00808800   0.00162000  -0.00162000   0.00780900  -0.00780900   0.36080000  -0.36080000   0.12920000  -0.12920000   0.38120000  -0.38120000   0.12500000  -0.12500000   0.35560000  -0.35560000 
  1.21190000   0.01662000  -0.01662000   0.00884500  -0.00884500   0.00265000  -0.00265000   0.00844900  -0.00844900   0.32360000  -0.32360000   0.17640000  -0.17640000   0.36000000  -0.36000000   0.17110000  -0.17110000   0.33270000  -0.33270000 
  1.32690000   0.01447000  -0.01447000   0.00937900  -0.00937900   0.00335400  -0.00335400   0.00921400  -0.00921400   0.28490000  -0.28490000   0.19770000  -0.19770000   0.28060000  -0.28060000   0.19330000  -0.19330000   0.29720000  -0.29720000 
  1.44290000   0.01036000  -0.01036000   0.00812100  -0.00812100   0.00333700  -0.00333700   0.00831700  -0.00831700   0.22330000  -0.22330000   0.18330000  -0.18330000   0.17300000  -0.17300000   0.17930000  -0.17930000   0.23240000  -0.23240000 
  1.55890000   0.00607100  -0.00607100   0.00599100  -0.00599100   0.00387200  -0.00387200   0.00633100  -0.00633100   0.15370000  -0.15370000   0.18600000  -0.18600000   0.08227000  -0.08227000   0.18110000  -0.18110000   0.15780000  -0.15780000 
  1.67490000   0.00353200  -0.00353200   0.00477400  -0.00477400   0.00516500  -0.00516500   0.00499600  -0.00499600   0.11270000  -0.11270000   0.22620000  -0.22620000   0.03622000  -0.03622000   0.22520000  -0.22520000   0.11290000  -0.11290000 
  1.78990000   0.00242800  -0.00242800   0.00442500  -0.00442500   0.00517300  -0.00517300   0.00448400  -0.00448400   0.09838000  -0.09838000   0.24220000  -0.24220000   0.01893000  -0.01893000   0.24760000  -0.24760000   0.09863000  -0.09863000 
  1.90590000   0.00156900  -0.00156900   0.00370200  -0.00370200   0.00400200  -0.00400200   0.00373100  -0.00373100   0.08028000  -0.08028000   0.21480000  -0.21480000   0.00999600  -0.00999600   0.21940000  -0.21940000   0.08218000  -0.08218000 
  2.02190000   0.00078180  -0.00078180   0.00244100  -0.00244100   0.00384000  -0.00384000   0.00247700  -0.00247700   0.05044000  -0.05044000   0.19090000  -0.19090000   0.00517100  -0.00517100   0.19180000  -0.19180000   0.05233000  -0.05233000 
  2.13790000   0.00033960  -0.00033960   0.00135300  -0.00135300   0.00444100  -0.00444100   0.00136200  -0.00136200   0.02433000  -0.02433000   0.18310000  -0.18310000   0.00349100  -0.00349100   0.18380000  -0.18380000   0.02520000  -0.02520000 
  2.25390000   0.00018770  -0.00018740   0.00067020  -0.00067030   0.00406200  -0.00406400   0.00066500  -0.00066500   0.00909400  -0.00909400   0.17910000  -0.17920000   0.00255000  -0.00255000   0.17890000  -0.17910000   0.00935600  -0.00935700 
  2.36890000   0.00014550  -0.00014320   0.00035500  -0.00035620   0.00297900  -0.00298700   0.00035900  -0.00035980   0.00263900  -0.00264000   0.18040000  -0.18130000   0.00166700  -0.00166600   0.17770000  -0.17870000   0.00271500  -0.00271800 
  2.48490000   0.00012320  -0.00011570   0.00029290  -0.00030050   0.00227200  -0.00230500   0.00031610  -0.00032150   0.00093250  -0.00094080   0.17470000  -0.17820000   0.00124200  -0.00124200   0.17190000  -0.17630000   0.00097260  -0.00099160 
  2.60090000   0.00009133  -0.00007931   0.00027150  -0.00029500   0.00168900  -0.00177800   0.00030570  -0.00032240   0.00063170  -0.00065850   0.14190000  -0.14980000   0.00095850  -0.00096330   0.14260000  -0.15310000   0.00068140  -0.00073570 
  2.71690000   0.00005470  -0.00004574   0.00019070  -0.00022750   0.00091880  -0.00105000   0.00021720  -0.00024300   0.00043470  -0.00047820   0.08646000  -0.09631000   0.00054570  -0.00055830   0.09049000  -0.10400000   0.00048170  -0.00056260 
  2.83190000   0.00002418  -0.00002190   0.00009129  -0.00012170   0.00032530  -0.00042710   0.00010310  -0.00012380   0.00021670  -0.00025370   0.03616000  -0.04269000   0.00020620  -0.00021970   0.03975000  -0.04900000   0.00024140  -0.00030520 
  2.94790000   0.00000693  -0.00000738   0.00002797  -0.00004120   0.00007427  -0.00011540   0.00003096  -0.00003975   0.00006994  -0.00008670   0.00960500  -0.01191000   0.00005127  -0.00005827   0.01107000  -0.01450000   0.00007704  -0.00010390 
  3.06390000   0.00000117  -0.00000150   0.00000511  -0.00000816   0.00001082  -0.00001955   0.00000553  -0.00000750   0.00001338  -0.00001743   0.00152300  -0.00195600   0.00000811  -0.00000993   0.00182400  -0.00251200   0.00001447  -0.00002049 
  3.17990000   0.00000011  -0.00000017   0.00000053  -0.00000090   0.00000096  -0.00000194   0.00000056  -0.00000079   0.00000143  -0.00000195   0.00013760  -0.00018110   0.00000076  -0.00000101   0.00016970  -0.00024450   0.00000152  -0.00000223 
  3.29490000   0.00000001  -0.00000001   0.00000003  -0.00000005   0.00000005  -0.00000011   0.00000003  -0.00000005   0.00000008  -0.00000012   0.00000688  -0.00000921   0.00000004  -0.00000006   0.00000865  -0.00001303   0.00000009  -0.00000013 
  3.41090000   0.00000000  -0.00000000   0.00000000  -0.00000000   0.00000000  -0.00000000   0.00000000  -0.00000000   0.00000000  -0.00000000   0.00000019  -0.00000025   0.00000000  -0.00000000   0.00000024  -0.00000037   0.00000000  -0.00000000 
  3.52690000   0.00000000  -0.00000000   0.00000000  -0.00000000   0.00000000  -0.00000000   0.00000000  -0.00000000   0.00000000  -0.00000000   0.00000000  -0.00000000   0.00000000  -0.00000000   0.00000000  -0.00000001   0.00000000  -0.00000000 
  3.64290000   0.00000000  -0.00000000   0.00000000  -0.00000000   0.00000000  -0.00000000   0.00000000  -0.00000000   0.00000000  -0.00000000   0.00000000  -0.00000000   0.00000000  -0.00000000   0.00000000  -0.00000000   0.00000000  -0.00000000 
  3.75790000   0.00000000  -0.00000000   0.00000000  -0.00000000   0.00000000  -0.00000000   0.00000000  -0.00000000   0.00000000  -0.00000000   0.00000000  -0.00000000   0.00000000  -0.00000000   0.00000000  -0.00000000   0.00000000  -0.00000000 
  3.87390000   0.00000000  -0.00000000   0.00000000  -0.00000000   0.00000000  -0.00000000   0.00000000  -0.00000000   0.00000000  -0.00000000   0.00000000  -0.00000000   0.00000000  -0.00000000   0.00000000  -0.00000000   0.00000000  -0.00000000 
  3.98990000   0.00000000  -0.00000000   0.00000000  -0.00000000   0.00000000  -0.00000000   0.00000000  -0.00000000   0.00000000  -0.00000000   0.00000000  -0.00000000   0.00000000  -0.00000000   0.00000000  -0.00000000   0.00000000  -0.00000000 
  4.10590000   0.00000000  -0.00000000   0.00000000  -0.00000000   0.00000000  -0.00000000   0.00000000  -0.00000000   0.00000000  -0.00000000   0.00000000  -0.00000000   0.00000000  -0.00000000   0.00000000  -0.00000000   0.00000000  -0.00000000 
  4.22090000   0.00000000  -0.00000000   0.00000000  -0.00000000   0.00000000  -0.00000000   0.00000000  -0.00000000   0.00000000  -0.00000000   0.00000000  -0.00000000   0.00000000  -0.00000000   0.00000000  -0.00000000   0.00000000  -0.00000000 
  4.33690000   0.00000000  -0.00000000   0.00000000  -0.00000000   0.00000000  -0.00000000   0.00000000  -0.00000000   0.00000000  -0.00000000   0.00000000  -0.00000000   0.00000000  -0.00000000   0.00000000  -0.00000000   0.00000000  -0.00000000 
  4.45290000   0.00000000  -0.00000000   0.00000000  -0.00000000   0.00000000  -0.00000000   0.00000000  -0.00000000   0.00000000  -0.00000000   0.00000000  -0.00000000   0.00000000  -0.00000000   0.00000000  -0.00000000   0.00000000  -0.00000000 
  4.56890000   0.00000000  -0.00000000   0.00000000  -0.00000000   0.00000000  -0.00000000   0.00000000  -0.00000000   0.00000000  -0.00000000   0.00000000  -0.00000000   0.00000000  -0.00000000   0.00000000  -0.00000000   0.00000000  -0.00000000 
  4.68390000   0.00000000  -0.00000000   0.00000000  -0.00000000   0.00000000  -0.00000000   0.00000000  -0.00000000   0.00000000  -0.00000000   0.00000000  -0.00000000   0.00000000  -0.00000000   0.00000000  -0.00000000   0.00000000  -0.00000000 
