-30.04310000   0.00000000  -0.00000000   0.00000000  -0.00000000   0.00000000  -0.00000000   0.00000000  -0.00000000   0.00000000  -0.00000000   0.00000000  -0.00000000   0.00000000  -0.00000000   0.00000000  -0.00000000   0.00000000  -0.00000000 
-29.92710000   0.00000000  -0.00000000   0.00000000  -0.00000000   0.00000000  -0.00000000   0.00000000  -0.00000000   0.00000000  -0.00000000   0.00000000  -0.00000000   0.00000000  -0.00000000   0.00000000  -0.00000000   0.00000000  -0.00000000 
-29.81110000   0.00000000  -0.00000000   0.00000000  -0.00000000   0.00000000  -0.00000000   0.00000000  -0.00000000   0.00000000  -0.00000000   0.00000000  -0.00000000   0.00000000  -0.00000000   0.00000000  -0.00000000   0.00000000  -0.00000000 
-29.69510000   0.00000000  -0.00000000   0.00000000  -0.00000000   0.00000000  -0.00000000   0.00000000  -0.00000000   0.00000000  -0.00000000   0.00000000  -0.00000000   0.00000000  -0.00000000   0.00000000  -0.00000000   0.00000000  -0.00000000 
-29.58010000   0.00000000  -0.00000000   0.00000000  -0.00000000   0.00000000  -0.00000000   0.00000000  -0.00000000   0.00000000  -0.00000000   0.00000000  -0.00000000   0.00000000  -0.00000000   0.00000000  -0.00000000   0.00000000  -0.00000000 
-29.46410000   0.00000000  -0.00000000   0.00000000  -0.00000000   0.00000000  -0.00000000   0.00000000  -0.00000000   0.00000000  -0.00000000   0.00000000  -0.00000000   0.00000000  -0.00000000   0.00000000  -0.00000000   0.00000000  -0.00000000 
-29.34810000   0.00000000  -0.00000000   0.00000000  -0.00000000   0.00000000  -0.00000000   0.00000000  -0.00000000   0.00000000  -0.00000000   0.00000000  -0.00000000   0.00000000  -0.00000000   0.00000000  -0.00000000   0.00000000  -0.00000000 
-29.23210000   0.00000000  -0.00000000   0.00000000  -0.00000000   0.00000000  -0.00000000   0.00000000  -0.00000000   0.00000000  -0.00000000   0.00000000  -0.00000000   0.00000000  -0.00000000   0.00000000  -0.00000000   0.00000000  -0.00000000 
-29.11710000   0.00000000  -0.00000000   0.00000000  -0.00000000   0.00000000  -0.00000000   0.00000000  -0.00000000   0.00000000  -0.00000000   0.00000000  -0.00000000   0.00000000  -0.00000000   0.00000000  -0.00000000   0.00000000  -0.00000000 
-29.00110000   0.00000000  -0.00000000   0.00000000  -0.00000000   0.00000000  -0.00000000   0.00000000  -0.00000000   0.00000000  -0.00000000   0.00000000  -0.00000000   0.00000000  -0.00000000   0.00000000  -0.00000000   0.00000000  -0.00000000 
-28.88510000   0.00000000  -0.00000000   0.00000000  -0.00000000   0.00000000  -0.00000000   0.00000000  -0.00000000   0.00000000  -0.00000000   0.00000000  -0.00000000   0.00000000  -0.00000000   0.00000000  -0.00000000   0.00000000  -0.00000000 
-28.76910000   0.00000000  -0.00000000   0.00000000  -0.00000000   0.00000000  -0.00000000   0.00000000  -0.00000000   0.00000000  -0.00000000   0.00000000  -0.00000000   0.00000000  -0.00000000   0.00000000  -0.00000000   0.00000000  -0.00000000 
-28.65410000   0.00000000  -0.00000000   0.00000000  -0.00000000   0.00000000  -0.00000000   0.00000000  -0.00000000   0.00000000  -0.00000000   0.00000000  -0.00000000   0.00000000  -0.00000000   0.00000000  -0.00000000   0.00000000  -0.00000000 
-28.53810000   0.00000000  -0.00000000   0.00000000  -0.00000000   0.00000000  -0.00000000   0.00000000  -0.00000000   0.00000000  -0.00000000   0.00000000  -0.00000000   0.00000000  -0.00000000   0.00000000  -0.00000000   0.00000000  -0.00000000 
-28.42210000   0.00000000  -0.00000000   0.00000000  -0.00000000   0.00000000  -0.00000000   0.00000000  -0.00000000   0.00000000  -0.00000000   0.00000000  -0.00000000   0.00000000  -0.00000000   0.00000000  -0.00000000   0.00000000  -0.00000000 
-28.30610000   0.00000000  -0.00000000   0.00000000  -0.00000000   0.00000000  -0.00000000   0.00000000  -0.00000000   0.00000000  -0.00000000   0.00000000  -0.00000000   0.00000000  -0.00000000   0.00000000  -0.00000000   0.00000000  -0.00000000 
-28.19110000   0.00000000  -0.00000000   0.00000000  -0.00000000   0.00000000  -0.00000000   0.00000000  -0.00000000   0.00000000  -0.00000000   0.00000000  -0.00000000   0.00000000  -0.00000000   0.00000000  -0.00000000   0.00000000  -0.00000000 
-28.07510000   0.00000000  -0.00000000   0.00000000  -0.00000000   0.00000000  -0.00000000   0.00000000  -0.00000000   0.00000000  -0.00000000   0.00000000  -0.00000000   0.00000000  -0.00000000   0.00000000  -0.00000000   0.00000000  -0.00000000 
-27.95910000   0.00000000  -0.00000000   0.00000000  -0.00000000   0.00000000  -0.00000000   0.00000000  -0.00000000   0.00000000  -0.00000000   0.00000000  -0.00000000   0.00000000  -0.00000000   0.00000000  -0.00000000   0.00000000  -0.00000000 
-27.84310000   0.00000000  -0.00000000   0.00000000  -0.00000000   0.00000000  -0.00000000   0.00000000  -0.00000000   0.00000000  -0.00000000   0.00000000  -0.00000000   0.00000000  -0.00000000   0.00000000  -0.00000000   0.00000000  -0.00000000 
-27.72710000   0.00000000  -0.00000000   0.00000000  -0.00000000   0.00000000  -0.00000000   0.00000000  -0.00000000   0.00000000  -0.00000000   0.00000000  -0.00000000   0.00000000  -0.00000000   0.00000000  -0.00000000   0.00000000  -0.00000000 
-27.61210000   0.00000000  -0.00000000   0.00000000  -0.00000000   0.00000000  -0.00000000   0.00000000  -0.00000000   0.00000000  -0.00000000   0.00000000  -0.00000000   0.00000000  -0.00000000   0.00000000  -0.00000000   0.00000000  -0.00000000 
-27.49610000   0.00000000  -0.00000000   0.00000000  -0.00000000   0.00000000  -0.00000000   0.00000000  -0.00000000   0.00000000  -0.00000000   0.00000000  -0.00000000   0.00000000  -0.00000000   0.00000000  -0.00000000   0.00000000  -0.00000000 
-27.38010000   0.00000000  -0.00000000   0.00000000  -0.00000000   0.00000000  -0.00000000   0.00000000  -0.00000000   0.00000000  -0.00000000   0.00000000  -0.00000000   0.00000000  -0.00000000   0.00000000  -0.00000000   0.00000000  -0.00000000 
-27.26410000   0.00000000  -0.00000000   0.00000000  -0.00000000   0.00000000  -0.00000000   0.00000000  -0.00000000   0.00000000  -0.00000000   0.00000000  -0.00000000   0.00000000  -0.00000000   0.00000000  -0.00000000   0.00000000  -0.00000000 
-27.14910000   0.00000000  -0.00000000   0.00000000  -0.00000000   0.00000000  -0.00000000   0.00000000  -0.00000000   0.00000000  -0.00000000   0.00000000  -0.00000000   0.00000000  -0.00000000   0.00000000  -0.00000000   0.00000000  -0.00000000 
-27.03310000   0.00000000  -0.00000000   0.00000000  -0.00000000   0.00000000  -0.00000000   0.00000000  -0.00000000   0.00000000  -0.00000000   0.00000000  -0.00000000   0.00000000  -0.00000000   0.00000000  -0.00000000   0.00000000  -0.00000000 
-26.91710000   0.00000000  -0.00000000   0.00000000  -0.00000000   0.00000000  -0.00000000   0.00000000  -0.00000000   0.00000000  -0.00000000   0.00000000  -0.00000000   0.00000000  -0.00000000   0.00000000  -0.00000000   0.00000000  -0.00000000 
-26.80110000   0.00000000  -0.00000000   0.00000000  -0.00000000   0.00000000  -0.00000000   0.00000000  -0.00000000   0.00000000  -0.00000000   0.00000000  -0.00000000   0.00000000  -0.00000000   0.00000000  -0.00000000   0.00000000  -0.00000000 
-26.68610000   0.00000000  -0.00000000   0.00000000  -0.00000000   0.00000000  -0.00000000   0.00000000  -0.00000000   0.00000000  -0.00000000   0.00000000  -0.00000000   0.00000000  -0.00000000   0.00000000  -0.00000000   0.00000000  -0.00000000 
-26.57010000   0.00000000  -0.00000000   0.00000000  -0.00000000   0.00000000  -0.00000000   0.00000000  -0.00000000   0.00000000  -0.00000000   0.00000000  -0.00000000   0.00000000  -0.00000000   0.00000000  -0.00000000   0.00000000  -0.00000000 
-26.45410000   0.00000000  -0.00000000   0.00000000  -0.00000000   0.00000000  -0.00000000   0.00000000  -0.00000000   0.00000000  -0.00000000   0.00000000  -0.00000000   0.00000000  -0.00000000   0.00000000  -0.00000000   0.00000000  -0.00000000 
-26.33810000   0.00000000  -0.00000000   0.00000000  -0.00000000   0.00000000  -0.00000000   0.00000000  -0.00000000   0.00000000  -0.00000000   0.00000000  -0.00000000   0.00000000  -0.00000000   0.00000000  -0.00000000   0.00000000  -0.00000000 
-26.22310000   0.00000000  -0.00000000   0.00000000  -0.00000000   0.00000000  -0.00000000   0.00000000  -0.00000000   0.00000000  -0.00000000   0.00000000  -0.00000000   0.00000000  -0.00000000   0.00000000  -0.00000000   0.00000000  -0.00000000 
-26.10710000   0.00000000  -0.00000000   0.00000000  -0.00000000   0.00000000  -0.00000000   0.00000000  -0.00000000   0.00000000  -0.00000000   0.00000000  -0.00000000   0.00000000  -0.00000000   0.00000000  -0.00000000   0.00000000  -0.00000000 
-25.99110000   0.00000000  -0.00000000   0.00000000  -0.00000000   0.00000000  -0.00000000   0.00000000  -0.00000000   0.00000000  -0.00000000   0.00000000  -0.00000000   0.00000000  -0.00000000   0.00000000  -0.00000000   0.00000000  -0.00000000 
-25.87510000   0.00000000  -0.00000000   0.00000000  -0.00000000   0.00000000  -0.00000000   0.00000000  -0.00000000   0.00000000  -0.00000000   0.00000000  -0.00000000   0.00000000  -0.00000000   0.00000000  -0.00000000   0.00000000  -0.00000000 
-25.76010000   0.00000000  -0.00000000   0.00000000  -0.00000000   0.00000000  -0.00000000   0.00000000  -0.00000000   0.00000000  -0.00000000   0.00000000  -0.00000000   0.00000000  -0.00000000   0.00000000  -0.00000000   0.00000000  -0.00000000 
-25.64410000   0.00000000  -0.00000000   0.00000000  -0.00000000   0.00000000  -0.00000000   0.00000000  -0.00000000   0.00000000  -0.00000000   0.00000000  -0.00000000   0.00000000  -0.00000000   0.00000000  -0.00000000   0.00000000  -0.00000000 
-25.52810000   0.00000000  -0.00000000   0.00000000  -0.00000000   0.00000000  -0.00000000   0.00000000  -0.00000000   0.00000000  -0.00000000   0.00000000  -0.00000000   0.00000000  -0.00000000   0.00000000  -0.00000000   0.00000000  -0.00000000 
-25.41210000   0.00000000  -0.00000000   0.00000000  -0.00000000   0.00000000  -0.00000000   0.00000000  -0.00000000   0.00000000  -0.00000000   0.00000000  -0.00000000   0.00000000  -0.00000000   0.00000000  -0.00000000   0.00000000  -0.00000000 
-25.29710000   0.00000000  -0.00000000   0.00000000  -0.00000000   0.00000000  -0.00000000   0.00000000  -0.00000000   0.00000000  -0.00000000   0.00000000  -0.00000000   0.00000000  -0.00000000   0.00000000  -0.00000000   0.00000000  -0.00000000 
-25.18110000   0.00000000  -0.00000000   0.00000000  -0.00000000   0.00000000  -0.00000000   0.00000000  -0.00000000   0.00000000  -0.00000000   0.00000000  -0.00000000   0.00000000  -0.00000000   0.00000000  -0.00000000   0.00000000  -0.00000000 
-25.06510000   0.00000000  -0.00000000   0.00000000  -0.00000000   0.00000000  -0.00000000   0.00000000  -0.00000000   0.00000000  -0.00000000   0.00000000  -0.00000000   0.00000000  -0.00000000   0.00000000  -0.00000000   0.00000000  -0.00000000 
-24.94910000   0.00000000  -0.00000000   0.00000000  -0.00000000   0.00000000  -0.00000000   0.00000000  -0.00000000   0.00000000  -0.00000000   0.00000000  -0.00000000   0.00000000  -0.00000000   0.00000000  -0.00000000   0.00000000  -0.00000000 
-24.83410000   0.00000000  -0.00000000   0.00000000  -0.00000000   0.00000000  -0.00000000   0.00000000  -0.00000000   0.00000000  -0.00000000   0.00000000  -0.00000000   0.00000000  -0.00000000   0.00000000  -0.00000000   0.00000000  -0.00000000 
-24.71810000   0.00000000  -0.00000000   0.00000000  -0.00000000   0.00000000  -0.00000000   0.00000000  -0.00000000   0.00000000  -0.00000000   0.00000000  -0.00000000   0.00000000  -0.00000000   0.00000000  -0.00000000   0.00000000  -0.00000000 
-24.60210000   0.00000000  -0.00000000   0.00000000  -0.00000000   0.00000000  -0.00000000   0.00000000  -0.00000000   0.00000000  -0.00000000   0.00000000  -0.00000000   0.00000000  -0.00000000   0.00000000  -0.00000000   0.00000000  -0.00000000 
-24.48610000   0.00000000  -0.00000000   0.00000000  -0.00000000   0.00000000  -0.00000000   0.00000000  -0.00000000   0.00000000  -0.00000000   0.00000000  -0.00000000   0.00000000  -0.00000000   0.00000000  -0.00000000   0.00000000  -0.00000000 
-24.37110000   0.00000000  -0.00000000   0.00000000  -0.00000000   0.00000000  -0.00000000   0.00000000  -0.00000000   0.00000000  -0.00000000   0.00000000  -0.00000000   0.00000000  -0.00000000   0.00000000  -0.00000000   0.00000000  -0.00000000 
-24.25510000   0.00000000  -0.00000000   0.00000000  -0.00000000   0.00000000  -0.00000000   0.00000000  -0.00000000   0.00000000  -0.00000000   0.00000000  -0.00000000   0.00000000  -0.00000000   0.00000000  -0.00000000   0.00000000  -0.00000000 
-24.13910000   0.00000000  -0.00000000   0.00000000  -0.00000000   0.00000000  -0.00000000   0.00000000  -0.00000000   0.00000000  -0.00000000   0.00000000  -0.00000000   0.00000000  -0.00000000   0.00000000  -0.00000000   0.00000000  -0.00000000 
-24.02310000   0.00000000  -0.00000000   0.00000000  -0.00000000   0.00000000  -0.00000000   0.00000000  -0.00000000   0.00000000  -0.00000000   0.00000000  -0.00000000   0.00000000  -0.00000000   0.00000000  -0.00000000   0.00000000  -0.00000000 
-23.90810000   0.00000000  -0.00000000   0.00000000  -0.00000000   0.00000000  -0.00000000   0.00000000  -0.00000000   0.00000000  -0.00000000   0.00000000  -0.00000000   0.00000000  -0.00000000   0.00000000  -0.00000000   0.00000000  -0.00000000 
-23.79210000   0.00000000  -0.00000000   0.00000000  -0.00000000   0.00000000  -0.00000000   0.00000000  -0.00000000   0.00000000  -0.00000000   0.00000000  -0.00000000   0.00000000  -0.00000000   0.00000000  -0.00000000   0.00000000  -0.00000000 
-23.67610000   0.00000000  -0.00000000   0.00000000  -0.00000000   0.00000000  -0.00000000   0.00000000  -0.00000000   0.00000000  -0.00000000   0.00000000  -0.00000000   0.00000000  -0.00000000   0.00000000  -0.00000000   0.00000000  -0.00000000 
-23.56010000   0.00000000  -0.00000000   0.00000000  -0.00000000   0.00000000  -0.00000000   0.00000000  -0.00000000   0.00000000  -0.00000000   0.00000000  -0.00000000   0.00000000  -0.00000000   0.00000000  -0.00000000   0.00000000  -0.00000000 
-23.44410000   0.00000000  -0.00000000   0.00000000  -0.00000000   0.00000000  -0.00000000   0.00000000  -0.00000000   0.00000000  -0.00000000   0.00000000  -0.00000000   0.00000000  -0.00000000   0.00000000  -0.00000000   0.00000000  -0.00000000 
-23.32910000   0.00000000  -0.00000000   0.00000000  -0.00000000   0.00000000  -0.00000000   0.00000000  -0.00000000   0.00000000  -0.00000000   0.00000000  -0.00000000   0.00000000  -0.00000000   0.00000000  -0.00000000   0.00000000  -0.00000000 
-23.21310000   0.00000000  -0.00000000   0.00000000  -0.00000000   0.00000000  -0.00000000   0.00000000  -0.00000000   0.00000000  -0.00000000   0.00000000  -0.00000000   0.00000000  -0.00000000   0.00000000  -0.00000000   0.00000000  -0.00000000 
-23.09710000   0.00000000  -0.00000000   0.00000000  -0.00000000   0.00000000  -0.00000000   0.00000000  -0.00000000   0.00000000  -0.00000000   0.00000000  -0.00000000   0.00000000  -0.00000000   0.00000000  -0.00000000   0.00000000  -0.00000000 
-22.98110000   0.00000000  -0.00000000   0.00000000  -0.00000000   0.00000000  -0.00000000   0.00000000  -0.00000000   0.00000000  -0.00000000   0.00000000  -0.00000000   0.00000000  -0.00000000   0.00000000  -0.00000000   0.00000000  -0.00000000 
-22.86610000   0.00000000  -0.00000000   0.00000000  -0.00000000   0.00000000  -0.00000000   0.00000000  -0.00000000   0.00000000  -0.00000000   0.00000000  -0.00000000   0.00000000  -0.00000000   0.00000000  -0.00000000   0.00000000  -0.00000000 
-22.75010000   0.00000000  -0.00000000   0.00000000  -0.00000000   0.00000000  -0.00000000   0.00000000  -0.00000000   0.00000000  -0.00000000   0.00000000  -0.00000000   0.00000000  -0.00000000   0.00000000  -0.00000000   0.00000000  -0.00000000 
-22.63410000   0.00000000  -0.00000000   0.00000000  -0.00000000   0.00000000  -0.00000000   0.00000000  -0.00000000   0.00000000  -0.00000000   0.00000000  -0.00000000   0.00000000  -0.00000000   0.00000000  -0.00000000   0.00000000  -0.00000000 
-22.51810000   0.00000000  -0.00000000   0.00000000  -0.00000000   0.00000000  -0.00000000   0.00000000  -0.00000000   0.00000000  -0.00000000   0.00000000  -0.00000000   0.00000000  -0.00000000   0.00000000  -0.00000000   0.00000000  -0.00000000 
-22.40310000   0.00000000  -0.00000000   0.00000000  -0.00000000   0.00000000  -0.00000000   0.00000000  -0.00000000   0.00000000  -0.00000000   0.00000000  -0.00000000   0.00000000  -0.00000000   0.00000000  -0.00000000   0.00000000  -0.00000000 
-22.28710000   0.00000000  -0.00000000   0.00000000  -0.00000000   0.00000000  -0.00000000   0.00000000  -0.00000000   0.00000000  -0.00000000   0.00000000  -0.00000000   0.00000000  -0.00000000   0.00000000  -0.00000000   0.00000000  -0.00000000 
-22.17110000   0.00000000  -0.00000000   0.00000000  -0.00000000   0.00000000  -0.00000000   0.00000000  -0.00000000   0.00000000  -0.00000000   0.00000000  -0.00000000   0.00000000  -0.00000000   0.00000000  -0.00000000   0.00000000  -0.00000000 
-22.05510000   0.00000000  -0.00000000   0.00000000  -0.00000000   0.00000000  -0.00000000   0.00000000  -0.00000000   0.00000000  -0.00000000   0.00000000  -0.00000000   0.00000000  -0.00000000   0.00000000  -0.00000000   0.00000000  -0.00000000 
-21.94010000   0.00000000  -0.00000000   0.00000000  -0.00000000   0.00000000  -0.00000000   0.00000000  -0.00000000   0.00000000  -0.00000000   0.00000000  -0.00000000   0.00000000  -0.00000000   0.00000000  -0.00000000   0.00000000  -0.00000000 
-21.82410000   0.00000000  -0.00000000   0.00000000  -0.00000000   0.00000000  -0.00000000   0.00000000  -0.00000000   0.00000000  -0.00000000   0.00000000  -0.00000000   0.00000000  -0.00000000   0.00000000  -0.00000000   0.00000000  -0.00000000 
-21.70810000   0.00000000  -0.00000000   0.00000000  -0.00000000   0.00000000  -0.00000000   0.00000000  -0.00000000   0.00000000  -0.00000000   0.00000000  -0.00000000   0.00000000  -0.00000000   0.00000000  -0.00000000   0.00000000  -0.00000000 
-21.59210000   0.00000000  -0.00000000   0.00000000  -0.00000000   0.00000000  -0.00000000   0.00000000  -0.00000000   0.00000000  -0.00000000   0.00000000  -0.00000000   0.00000000  -0.00000000   0.00000000  -0.00000000   0.00000000  -0.00000000 
-21.47710000   0.00000000  -0.00000000   0.00000000  -0.00000000   0.00000000  -0.00000000   0.00000000  -0.00000000   0.00000000  -0.00000000   0.00000000  -0.00000000   0.00000000  -0.00000000   0.00000000  -0.00000000   0.00000000  -0.00000000 
-21.36110000   0.00000000  -0.00000000   0.00000000  -0.00000000   0.00000000  -0.00000000   0.00000000  -0.00000000   0.00000000  -0.00000000   0.00000000  -0.00000000   0.00000000  -0.00000000   0.00000000  -0.00000000   0.00000000  -0.00000000 
-21.24510000   0.00000000  -0.00000000   0.00000000  -0.00000000   0.00000000  -0.00000000   0.00000000  -0.00000000   0.00000000  -0.00000000   0.00000000  -0.00000000   0.00000000  -0.00000000   0.00000000  -0.00000000   0.00000000  -0.00000000 
-21.12910000   0.00000000  -0.00000000   0.00000000  -0.00000000   0.00000000  -0.00000000   0.00000000  -0.00000000   0.00000000  -0.00000000   0.00000000  -0.00000000   0.00000000  -0.00000000   0.00000000  -0.00000000   0.00000000  -0.00000000 
-21.01410000   0.00000000  -0.00000000   0.00000000  -0.00000000   0.00000000  -0.00000000   0.00000000  -0.00000000   0.00000000  -0.00000000   0.00000000  -0.00000000   0.00000000  -0.00000000   0.00000000  -0.00000000   0.00000000  -0.00000000 
-20.89810000   0.00000000  -0.00000000   0.00000000  -0.00000000   0.00000000  -0.00000000   0.00000000  -0.00000000   0.00000000  -0.00000000   0.00000000  -0.00000000   0.00000000  -0.00000000   0.00000000  -0.00000000   0.00000000  -0.00000000 
-20.78210000   0.00000000  -0.00000000   0.00000000  -0.00000000   0.00000000  -0.00000000   0.00000000  -0.00000000   0.00000000  -0.00000000   0.00000000  -0.00000000   0.00000000  -0.00000000   0.00000000  -0.00000000   0.00000000  -0.00000000 
-20.66610000   0.00000000  -0.00000000   0.00000000  -0.00000000   0.00000000  -0.00000000   0.00000000  -0.00000000   0.00000000  -0.00000000   0.00000000  -0.00000000   0.00000000  -0.00000000   0.00000000  -0.00000000   0.00000000  -0.00000000 
-20.55110000   0.00000000  -0.00000000   0.00000000  -0.00000000   0.00000000  -0.00000000   0.00000000  -0.00000000   0.00000000  -0.00000000   0.00000000  -0.00000000   0.00000000  -0.00000000   0.00000000  -0.00000000   0.00000000  -0.00000000 
-20.43510000   0.00000000  -0.00000000   0.00000000  -0.00000000   0.00000000  -0.00000000   0.00000000  -0.00000000   0.00000000  -0.00000000   0.00000000  -0.00000000   0.00000000  -0.00000000   0.00000000  -0.00000000   0.00000000  -0.00000000 
-20.31910000   0.00000000  -0.00000000   0.00000000  -0.00000000   0.00000000  -0.00000000   0.00000000  -0.00000000   0.00000000  -0.00000000   0.00000000  -0.00000000   0.00000000  -0.00000000   0.00000000  -0.00000000   0.00000000  -0.00000000 
-20.20310000   0.00000000  -0.00000000   0.00000000  -0.00000000   0.00000000  -0.00000000   0.00000000  -0.00000000   0.00000000  -0.00000000   0.00000000  -0.00000000   0.00000000  -0.00000000   0.00000000  -0.00000000   0.00000000  -0.00000000 
-20.08810000   0.00000000  -0.00000000   0.00000000  -0.00000000   0.00000000  -0.00000000   0.00000000  -0.00000000   0.00000000  -0.00000000   0.00000000  -0.00000000   0.00000000  -0.00000000   0.00000000  -0.00000000   0.00000000  -0.00000000 
-19.97210000   0.00000000  -0.00000000   0.00000000  -0.00000000   0.00000000  -0.00000000   0.00000000  -0.00000000   0.00000000  -0.00000000   0.00000000  -0.00000000   0.00000000  -0.00000000   0.00000000  -0.00000000   0.00000000  -0.00000000 
-19.85610000   0.00000000  -0.00000000   0.00000000  -0.00000000   0.00000000  -0.00000000   0.00000000  -0.00000000   0.00000000  -0.00000000   0.00000000  -0.00000000   0.00000000  -0.00000000   0.00000000  -0.00000000   0.00000000  -0.00000000 
-19.74010000   0.00000000  -0.00000000   0.00000000  -0.00000000   0.00000000  -0.00000000   0.00000000  -0.00000000   0.00000000  -0.00000000   0.00000000  -0.00000000   0.00000000  -0.00000000   0.00000000  -0.00000000   0.00000000  -0.00000000 
-19.62510000   0.00000000  -0.00000000   0.00000000  -0.00000000   0.00000000  -0.00000000   0.00000000  -0.00000000   0.00000000  -0.00000000   0.00000000  -0.00000000   0.00000000  -0.00000000   0.00000000  -0.00000000   0.00000000  -0.00000000 
-19.50910000   0.00000000  -0.00000000   0.00000000  -0.00000000   0.00000000  -0.00000000   0.00000000  -0.00000000   0.00000000  -0.00000000   0.00000000  -0.00000000   0.00000000  -0.00000000   0.00000000  -0.00000000   0.00000000  -0.00000000 
-19.39310000   0.00000000  -0.00000000   0.00000000  -0.00000000   0.00000000  -0.00000000   0.00000000  -0.00000000   0.00000000  -0.00000000   0.00000000  -0.00000000   0.00000000  -0.00000000   0.00000000  -0.00000000   0.00000000  -0.00000000 
-19.27710000   0.00000000  -0.00000000   0.00000000  -0.00000000   0.00000000  -0.00000000   0.00000000  -0.00000000   0.00000000  -0.00000000   0.00000000  -0.00000000   0.00000000  -0.00000000   0.00000000  -0.00000000   0.00000000  -0.00000000 
-19.16110000   0.00000000  -0.00000000   0.00000000  -0.00000000   0.00000000  -0.00000000   0.00000000  -0.00000000   0.00000000  -0.00000000   0.00000000  -0.00000000   0.00000000  -0.00000000   0.00000000  -0.00000000   0.00000000  -0.00000000 
-19.04610000   0.00000000  -0.00000000   0.00000000  -0.00000000   0.00000000  -0.00000000   0.00000000  -0.00000000   0.00000000  -0.00000000   0.00000000  -0.00000000   0.00000000  -0.00000000   0.00000000  -0.00000000   0.00000000  -0.00000000 
-18.93010000   0.00000000  -0.00000000   0.00000000  -0.00000000   0.00000000  -0.00000000   0.00000000  -0.00000000   0.00000000  -0.00000000   0.00000000  -0.00000000   0.00000000  -0.00000000   0.00000000  -0.00000000   0.00000000  -0.00000000 
-18.81410000   0.00000000  -0.00000000   0.00000000  -0.00000000   0.00000000  -0.00000000   0.00000000  -0.00000000   0.00000000  -0.00000000   0.00000000  -0.00000000   0.00000000  -0.00000000   0.00000000  -0.00000000   0.00000000  -0.00000000 
-18.69810000   0.00000000  -0.00000000   0.00000000  -0.00000000   0.00000000  -0.00000000   0.00000000  -0.00000000   0.00000000  -0.00000000   0.00000000  -0.00000000   0.00000000  -0.00000000   0.00000000  -0.00000000   0.00000000  -0.00000000 
-18.58310000   0.00000000  -0.00000000   0.00000000  -0.00000000   0.00000000  -0.00000000   0.00000000  -0.00000000   0.00000000  -0.00000000   0.00000000  -0.00000000   0.00000000  -0.00000000   0.00000000  -0.00000000   0.00000000  -0.00000000 
-18.46710000   0.00000000  -0.00000000   0.00000000  -0.00000000   0.00000000  -0.00000000   0.00000000  -0.00000000   0.00000000  -0.00000000   0.00000000  -0.00000000   0.00000000  -0.00000000   0.00000000  -0.00000000   0.00000000  -0.00000000 
-18.35110000   0.00000000  -0.00000000   0.00000000  -0.00000000   0.00000000  -0.00000000   0.00000000  -0.00000000   0.00000000  -0.00000000   0.00000000  -0.00000000   0.00000000  -0.00000000   0.00000000  -0.00000000   0.00000000  -0.00000000 
-18.23510000   0.00000000  -0.00000000   0.00000000  -0.00000000   0.00000000  -0.00000000   0.00000000  -0.00000000   0.00000000  -0.00000000   0.00000000  -0.00000000   0.00000000  -0.00000000   0.00000000  -0.00000000   0.00000000  -0.00000000 
-18.12010000   0.00000000  -0.00000000   0.00000000  -0.00000000   0.00000000  -0.00000000   0.00000000  -0.00000000   0.00000000  -0.00000000   0.00000000  -0.00000000   0.00000000  -0.00000000   0.00000000  -0.00000000   0.00000000  -0.00000000 
-18.00410000   0.00000000  -0.00000000   0.00000000  -0.00000000   0.00000000  -0.00000000   0.00000000  -0.00000000   0.00000000  -0.00000000   0.00000000  -0.00000000   0.00000000  -0.00000000   0.00000000  -0.00000000   0.00000000  -0.00000000 
-17.88810000   0.00000000  -0.00000000   0.00000000  -0.00000000   0.00000000  -0.00000000   0.00000000  -0.00000000   0.00000000  -0.00000000   0.00000000  -0.00000000   0.00000000  -0.00000000   0.00000000  -0.00000000   0.00000000  -0.00000000 
-17.77210000   0.00000000  -0.00000000   0.00000000  -0.00000000   0.00000000  -0.00000000   0.00000000  -0.00000000   0.00000000  -0.00000000   0.00000000  -0.00000000   0.00000000  -0.00000000   0.00000000  -0.00000000   0.00000000  -0.00000000 
-17.65710000   0.00000000  -0.00000000   0.00000000  -0.00000000   0.00000000  -0.00000000   0.00000000  -0.00000000   0.00000000  -0.00000000   0.00000000  -0.00000000   0.00000000  -0.00000000   0.00000000  -0.00000000   0.00000000  -0.00000000 
-17.54110000   0.00000000  -0.00000000   0.00000000  -0.00000000   0.00000000  -0.00000000   0.00000000  -0.00000000   0.00000000  -0.00000000   0.00000000  -0.00000000   0.00000000  -0.00000000   0.00000000  -0.00000000   0.00000000  -0.00000000 
-17.42510000   0.00000000  -0.00000000   0.00000000  -0.00000000   0.00000000  -0.00000000   0.00000000  -0.00000000   0.00000000  -0.00000000   0.00000000  -0.00000000   0.00000000  -0.00000000   0.00000000  -0.00000000   0.00000000  -0.00000000 
-17.30910000   0.00000000  -0.00000000   0.00000000  -0.00000000   0.00000000  -0.00000000   0.00000000  -0.00000000   0.00000000  -0.00000000   0.00000000  -0.00000000   0.00000000  -0.00000000   0.00000000  -0.00000000   0.00000000  -0.00000000 
-17.19410000   0.00000000  -0.00000000   0.00000000  -0.00000000   0.00000000  -0.00000000   0.00000000  -0.00000000   0.00000000  -0.00000000   0.00000000  -0.00000000   0.00000000  -0.00000000   0.00000000  -0.00000000   0.00000000  -0.00000000 
-17.07810000   0.00000000  -0.00000000   0.00000000  -0.00000000   0.00000000  -0.00000000   0.00000000  -0.00000000   0.00000000  -0.00000000   0.00000000  -0.00000000   0.00000000  -0.00000000   0.00000000  -0.00000000   0.00000000  -0.00000000 
-16.96210000   0.00000000  -0.00000000   0.00000000  -0.00000000   0.00000000  -0.00000000   0.00000000  -0.00000000   0.00000000  -0.00000000   0.00000000  -0.00000000   0.00000000  -0.00000000   0.00000000  -0.00000000   0.00000000  -0.00000000 
-16.84610000   0.00000000  -0.00000000   0.00000000  -0.00000000   0.00000000  -0.00000000   0.00000000  -0.00000000   0.00000000  -0.00000000   0.00000000  -0.00000000   0.00000000  -0.00000000   0.00000000  -0.00000000   0.00000000  -0.00000000 
-16.73110000   0.00000000  -0.00000000   0.00000000  -0.00000000   0.00000000  -0.00000000   0.00000000  -0.00000000   0.00000000  -0.00000000   0.00000000  -0.00000000   0.00000000  -0.00000000   0.00000000  -0.00000000   0.00000000  -0.00000000 
-16.61510000   0.00000000  -0.00000000   0.00000000  -0.00000000   0.00000000  -0.00000000   0.00000000  -0.00000000   0.00000000  -0.00000000   0.00000000  -0.00000000   0.00000000  -0.00000000   0.00000000  -0.00000000   0.00000000  -0.00000000 
-16.49910000   0.00000001  -0.00000001   0.00000000  -0.00000000   0.00000000  -0.00000000   0.00000000  -0.00000000   0.00000000  -0.00000000   0.00000000  -0.00000000   0.00000000  -0.00000000   0.00000000  -0.00000000   0.00000000  -0.00000000 
-16.38310000   0.00000004  -0.00000004   0.00000000  -0.00000000   0.00000000  -0.00000000   0.00000000  -0.00000000   0.00000000  -0.00000000   0.00000000  -0.00000000   0.00000000  -0.00000000   0.00000000  -0.00000000   0.00000000  -0.00000000 
-16.26810000   0.00000043  -0.00000043   0.00000000  -0.00000000   0.00000001  -0.00000001   0.00000000  -0.00000000   0.00000000  -0.00000000   0.00000000  -0.00000000   0.00000000  -0.00000000   0.00000000  -0.00000000   0.00000000  -0.00000000 
-16.15210000   0.00000570  -0.00000570   0.00000003  -0.00000003   0.00000007  -0.00000007   0.00000002  -0.00000002   0.00000001  -0.00000001   0.00000000  -0.00000000   0.00000003  -0.00000003   0.00000000  -0.00000000   0.00000001  -0.00000001 
-16.03610000   0.00005823  -0.00005823   0.00000034  -0.00000034   0.00000055  -0.00000055   0.00000033  -0.00000033   0.00000013  -0.00000013   0.00000001  -0.00000001   0.00000030  -0.00000030   0.00000001  -0.00000001   0.00000013  -0.00000013 
-15.92010000   0.00038700  -0.00038700   0.00000279  -0.00000279   0.00000310  -0.00000310   0.00000274  -0.00000274   0.00000106  -0.00000106   0.00000009  -0.00000009   0.00000193  -0.00000193   0.00000009  -0.00000009   0.00000107  -0.00000107 
-15.80510000   0.00174600  -0.00174600   0.00001526  -0.00001526   0.00001050  -0.00001050   0.00001508  -0.00001508   0.00000592  -0.00000592   0.00000042  -0.00000042   0.00000829  -0.00000829   0.00000040  -0.00000040   0.00000592  -0.00000592 
-15.68910000   0.00568300  -0.00568300   0.00006118  -0.00006118   0.00002213  -0.00002213   0.00006079  -0.00006079   0.00002436  -0.00002436   0.00000127  -0.00000127   0.00002568  -0.00002568   0.00000123  -0.00000123   0.00002425  -0.00002425 
-15.57310000   0.01334000  -0.01334000   0.00018620  -0.00018620   0.00003322  -0.00003322   0.00018530  -0.00018530   0.00007616  -0.00007616   0.00000295  -0.00000295   0.00005973  -0.00005973   0.00000289  -0.00000289   0.00007574  -0.00007574 
-15.45710000   0.02225000  -0.02225000   0.00043680  -0.00043680   0.00004123  -0.00004123   0.00043350  -0.00043350   0.00018370  -0.00018370   0.00000522  -0.00000522   0.00010470  -0.00010470   0.00000523  -0.00000523   0.00018330  -0.00018330 
-15.34210000   0.02827000  -0.02827000   0.00082460  -0.00082460   0.00004380  -0.00004380   0.00081700  -0.00081700   0.00035890  -0.00035890   0.00000757  -0.00000757   0.00014760  -0.00014760   0.00000764  -0.00000764   0.00035890  -0.00035890 
-15.22610000   0.03046000  -0.03046000   0.00126300  -0.00126300   0.00004564  -0.00004564   0.00125300  -0.00125300   0.00057410  -0.00057410   0.00001148  -0.00001148   0.00018110  -0.00018110   0.00001155  -0.00001155   0.00057290  -0.00057290 
-15.11010000   0.02923000  -0.02923000   0.00169000  -0.00169000   0.00005360  -0.00005360   0.00167400  -0.00167400   0.00081390  -0.00081390   0.00001736  -0.00001736   0.00020310  -0.00020310   0.00001754  -0.00001754   0.00081210  -0.00081210 
-14.99410000   0.02869000  -0.02869000   0.00231800  -0.00231800   0.00006245  -0.00006245   0.00229200  -0.00229200   0.00118600  -0.00118600   0.00002182  -0.00002182   0.00023710  -0.00023710   0.00002199  -0.00002199   0.00118400  -0.00118400 
-14.87810000   0.02998000  -0.02998000   0.00299800  -0.00299800   0.00011920  -0.00011920   0.00298000  -0.00298000   0.00161200  -0.00161200   0.00003009  -0.00003009   0.00027790  -0.00027790   0.00002906  -0.00002906   0.00160200  -0.00160200 
-14.76310000   0.02774000  -0.02774000   0.00333000  -0.00333000   0.00045250  -0.00045250   0.00331400  -0.00331400   0.00189200  -0.00189200   0.00006654  -0.00006654   0.00028450  -0.00028450   0.00006174  -0.00006174   0.00187600  -0.00187600 
-14.64710000   0.02494000  -0.02494000   0.00392300  -0.00392300   0.00153400  -0.00153400   0.00386700  -0.00386700   0.00237700  -0.00237700   0.00017970  -0.00017970   0.00029660  -0.00029660   0.00017000  -0.00017000   0.00237300  -0.00237300 
-14.53110000   0.02677000  -0.02677000   0.00525600  -0.00525600   0.00402400  -0.00402400   0.00517700  -0.00517700   0.00335800  -0.00335800   0.00048360  -0.00048360   0.00035720  -0.00035720   0.00047300  -0.00047300   0.00335500  -0.00335500 
-14.41510000   0.02767000  -0.02767000   0.00620100  -0.00620100   0.00886500  -0.00886500   0.00616300  -0.00616300   0.00416300  -0.00416300   0.00125900  -0.00125900   0.00039090  -0.00039090   0.00124300  -0.00124300   0.00412800  -0.00412800 
-14.30010000   0.02414000  -0.02414000   0.00660300  -0.00660300   0.01610000  -0.01610000   0.00654700  -0.00654700   0.00470600  -0.00470600   0.00299400  -0.00299400   0.00036760  -0.00036760   0.00292700  -0.00292700   0.00467300  -0.00467300 
-14.18410000   0.02257000  -0.02257000   0.00828300  -0.00828300   0.02273000  -0.02273000   0.00811100  -0.00811100   0.00625100  -0.00625100   0.00612100  -0.00612100   0.00038370  -0.00038370   0.00593700  -0.00593700   0.00626000  -0.00626000 
-14.06810000   0.02424000  -0.02424000   0.01116000  -0.01116000   0.02567000  -0.02567000   0.01095000  -0.01095000   0.00886200  -0.00886200   0.01079000  -0.01079000   0.00044150  -0.00044150   0.01046000  -0.01046000   0.00886700  -0.00886700 
-13.95210000   0.02388000  -0.02388000   0.01394000  -0.01394000   0.02539000  -0.02539000   0.01371000  -0.01371000   0.01171000  -0.01171000   0.01725000  -0.01725000   0.00044850  -0.00044850   0.01673000  -0.01673000   0.01169000  -0.01169000 
-13.83710000   0.02181000  -0.02181000   0.01789000  -0.01789000   0.02372000  -0.02372000   0.01762000  -0.01762000   0.01588000  -0.01588000   0.02668000  -0.02668000   0.00042140  -0.00042140   0.02577000  -0.02577000   0.01579000  -0.01579000 
-13.72110000   0.01972000  -0.01972000   0.02202000  -0.02202000   0.02150000  -0.02150000   0.02203000  -0.02203000   0.02044000  -0.02044000   0.04117000  -0.04117000   0.00038850  -0.00038850   0.03973000  -0.03973000   0.01994000  -0.01994000 
-13.60510000   0.01473000  -0.01473000   0.02158000  -0.02158000   0.01845000  -0.01845000   0.02204000  -0.02204000   0.02067000  -0.02067000   0.05963000  -0.05963000   0.00029140  -0.00029140   0.05845000  -0.05845000   0.01972000  -0.01972000 
-13.48910000   0.00781400  -0.00781400   0.01588000  -0.01588000   0.01383000  -0.01383000   0.01639000  -0.01639000   0.01543000  -0.01543000   0.07035000  -0.07035000   0.00015530  -0.00015530   0.07105000  -0.07105000   0.01455000  -0.01455000 
-13.37410000   0.00286700  -0.00286700   0.00838400  -0.00838400   0.00801700  -0.00801700   0.00866000  -0.00866000   0.00816400  -0.00816400   0.05952000  -0.05952000   0.00005798  -0.00005798   0.06193000  -0.06193000   0.00768400  -0.00768400 
-13.25810000   0.00071470  -0.00071470   0.00290300  -0.00290300   0.00322700  -0.00322700   0.00299100  -0.00299100   0.00281900  -0.00281900   0.03331000  -0.03331000   0.00001485  -0.00001485   0.03537000  -0.03537000   0.00265800  -0.00265800 
-13.14210000   0.00011420  -0.00011420   0.00060930  -0.00060930   0.00083720  -0.00083720   0.00062640  -0.00062640   0.00059030  -0.00059030   0.01169000  -0.01169000   0.00000243  -0.00000243   0.01253000  -0.01253000   0.00055800  -0.00055800 
-13.02610000   0.00001098  -0.00001098   0.00007447  -0.00007447   0.00013350  -0.00013350   0.00007638  -0.00007638   0.00007201  -0.00007201   0.00246500  -0.00246500   0.00000024  -0.00000024   0.00264500  -0.00264500   0.00006823  -0.00006823 
-12.91110000   0.00000062  -0.00000062   0.00000523  -0.00000523   0.00001268  -0.00001268   0.00000535  -0.00000535   0.00000505  -0.00000505   0.00030060  -0.00030060   0.00000001  -0.00000001   0.00032180  -0.00032180   0.00000479  -0.00000479 
-12.79510000   0.00000003  -0.00000003   0.00000021  -0.00000021   0.00000071  -0.00000071   0.00000022  -0.00000022   0.00000021  -0.00000021   0.00002059  -0.00002059   0.00000000  -0.00000000   0.00002198  -0.00002198   0.00000019  -0.00000019 
-12.67910000   0.00000000  -0.00000000   0.00000001  -0.00000001   0.00000002  -0.00000002   0.00000001  -0.00000001   0.00000001  -0.00000001   0.00000077  -0.00000077   0.00000000  -0.00000000   0.00000083  -0.00000083   0.00000000  -0.00000000 
-12.56310000   0.00000000  -0.00000000   0.00000000  -0.00000000   0.00000000  -0.00000000   0.00000000  -0.00000000   0.00000000  -0.00000000   0.00000002  -0.00000002   0.00000000  -0.00000000   0.00000002  -0.00000002   0.00000000  -0.00000000 
-12.44810000   0.00000000  -0.00000000   0.00000000  -0.00000000   0.00000000  -0.00000000   0.00000000  -0.00000000   0.00000000  -0.00000000   0.00000000  -0.00000000   0.00000000  -0.00000000   0.00000000  -0.00000000   0.00000000  -0.00000000 
-12.33210000   0.00000000  -0.00000000   0.00000000  -0.00000000   0.00000000  -0.00000000   0.00000000  -0.00000000   0.00000000  -0.00000000   0.00000000  -0.00000000   0.00000000  -0.00000000   0.00000000  -0.00000000   0.00000000  -0.00000000 
-12.21610000   0.00000000  -0.00000000   0.00000000  -0.00000000   0.00000000  -0.00000000   0.00000000  -0.00000000   0.00000000  -0.00000000   0.00000000  -0.00000000   0.00000000  -0.00000000   0.00000000  -0.00000000   0.00000000  -0.00000000 
-12.10010000   0.00000000  -0.00000000   0.00000000  -0.00000000   0.00000000  -0.00000000   0.00000000  -0.00000000   0.00000000  -0.00000000   0.00000000  -0.00000000   0.00000000  -0.00000000   0.00000000  -0.00000000   0.00000000  -0.00000000 
-11.98510000   0.00000000  -0.00000000   0.00000000  -0.00000000   0.00000000  -0.00000000   0.00000000  -0.00000000   0.00000000  -0.00000000   0.00000000  -0.00000000   0.00000000  -0.00000000   0.00000000  -0.00000000   0.00000000  -0.00000000 
-11.86910000   0.00000000  -0.00000000   0.00000000  -0.00000000   0.00000000  -0.00000000   0.00000000  -0.00000000   0.00000000  -0.00000000   0.00000000  -0.00000000   0.00000000  -0.00000000   0.00000000  -0.00000000   0.00000000  -0.00000000 
-11.75310000   0.00000000  -0.00000000   0.00000000  -0.00000000   0.00000000  -0.00000000   0.00000000  -0.00000000   0.00000000  -0.00000000   0.00000000  -0.00000000   0.00000000  -0.00000000   0.00000000  -0.00000000   0.00000000  -0.00000000 
-11.63710000   0.00000000  -0.00000000   0.00000000  -0.00000000   0.00000000  -0.00000000   0.00000000  -0.00000000   0.00000000  -0.00000000   0.00000000  -0.00000000   0.00000000  -0.00000000   0.00000000  -0.00000000   0.00000000  -0.00000000 
-11.52210000   0.00000000  -0.00000000   0.00000000  -0.00000000   0.00000000  -0.00000000   0.00000000  -0.00000000   0.00000000  -0.00000000   0.00000000  -0.00000000   0.00000000  -0.00000000   0.00000000  -0.00000000   0.00000000  -0.00000000 
-11.40610000   0.00000000  -0.00000000   0.00000000  -0.00000000   0.00000000  -0.00000000   0.00000000  -0.00000000   0.00000000  -0.00000000   0.00000000  -0.00000000   0.00000000  -0.00000000   0.00000000  -0.00000000   0.00000000  -0.00000000 
-11.29010000   0.00000000  -0.00000000   0.00000000  -0.00000000   0.00000000  -0.00000000   0.00000000  -0.00000000   0.00000000  -0.00000000   0.00000000  -0.00000000   0.00000000  -0.00000000   0.00000000  -0.00000000   0.00000000  -0.00000000 
-11.17410000   0.00000000  -0.00000000   0.00000000  -0.00000000   0.00000000  -0.00000000   0.00000000  -0.00000000   0.00000000  -0.00000000   0.00000000  -0.00000000   0.00000000  -0.00000000   0.00000000  -0.00000000   0.00000000  -0.00000000 
-11.05910000   0.00000000  -0.00000000   0.00000000  -0.00000000   0.00000000  -0.00000000   0.00000000  -0.00000000   0.00000000  -0.00000000   0.00000000  -0.00000000   0.00000000  -0.00000000   0.00000000  -0.00000000   0.00000000  -0.00000000 
-10.94310000   0.00000000  -0.00000000   0.00000000  -0.00000000   0.00000000  -0.00000000   0.00000000  -0.00000000   0.00000000  -0.00000000   0.00000000  -0.00000000   0.00000000  -0.00000000   0.00000000  -0.00000000   0.00000000  -0.00000000 
-10.82710000   0.00000000  -0.00000000   0.00000000  -0.00000000   0.00000000  -0.00000000   0.00000000  -0.00000000   0.00000000  -0.00000000   0.00000000  -0.00000000   0.00000000  -0.00000000   0.00000000  -0.00000000   0.00000000  -0.00000000 
-10.71110000   0.00000000  -0.00000000   0.00000000  -0.00000000   0.00000000  -0.00000000   0.00000000  -0.00000000   0.00000000  -0.00000000   0.00000000  -0.00000000   0.00000000  -0.00000000   0.00000000  -0.00000000   0.00000000  -0.00000000 
-10.59510000   0.00000000  -0.00000000   0.00000000  -0.00000000   0.00000000  -0.00000000   0.00000000  -0.00000000   0.00000000  -0.00000000   0.00000000  -0.00000000   0.00000000  -0.00000000   0.00000000  -0.00000000   0.00000000  -0.00000000 
-10.48010000   0.00000000  -0.00000000   0.00000000  -0.00000000   0.00000000  -0.00000000   0.00000000  -0.00000000   0.00000000  -0.00000000   0.00000000  -0.00000000   0.00000000  -0.00000000   0.00000000  -0.00000000   0.00000000  -0.00000000 
-10.36410000   0.00000000  -0.00000000   0.00000000  -0.00000000   0.00000000  -0.00000000   0.00000000  -0.00000000   0.00000000  -0.00000000   0.00000000  -0.00000000   0.00000000  -0.00000000   0.00000000  -0.00000000   0.00000000  -0.00000000 
-10.24810000   0.00000000  -0.00000000   0.00000000  -0.00000000   0.00000000  -0.00000000   0.00000000  -0.00000000   0.00000000  -0.00000000   0.00000000  -0.00000000   0.00000000  -0.00000000   0.00000000  -0.00000000   0.00000000  -0.00000000 
-10.13210000   0.00000000  -0.00000000   0.00000000  -0.00000000   0.00000000  -0.00000000   0.00000000  -0.00000000   0.00000000  -0.00000000   0.00000000  -0.00000000   0.00000000  -0.00000000   0.00000000  -0.00000000   0.00000000  -0.00000000 
-10.01710000   0.00000001  -0.00000001   0.00000000  -0.00000000   0.00000000  -0.00000000   0.00000000  -0.00000000   0.00000000  -0.00000000   0.00000000  -0.00000000   0.00000000  -0.00000000   0.00000000  -0.00000000   0.00000000  -0.00000000 
 -9.90110000   0.00000002  -0.00000002   0.00000000  -0.00000000   0.00000001  -0.00000001   0.00000000  -0.00000000   0.00000000  -0.00000000   0.00000000  -0.00000000   0.00000001  -0.00000001   0.00000001  -0.00000001   0.00000000  -0.00000000 
 -9.78510000   0.00000002  -0.00000002   0.00000000  -0.00000000   0.00000001  -0.00000001   0.00000000  -0.00000000   0.00000000  -0.00000000   0.00000000  -0.00000000   0.00000000  -0.00000000   0.00000001  -0.00000001   0.00000000  -0.00000000 
 -9.66910000   0.00000001  -0.00000001   0.00000000  -0.00000000   0.00000000  -0.00000000   0.00000000  -0.00000000   0.00000000  -0.00000000   0.00000000  -0.00000000   0.00000000  -0.00000000   0.00000000  -0.00000000   0.00000000  -0.00000000 
 -9.55410000   0.00000000  -0.00000000   0.00000000  -0.00000000   0.00000000  -0.00000000   0.00000000  -0.00000000   0.00000000  -0.00000000   0.00000000  -0.00000000   0.00000000  -0.00000000   0.00000000  -0.00000000   0.00000000  -0.00000000 
 -9.43810000   0.00000000  -0.00000000   0.00000000  -0.00000000   0.00000000  -0.00000000   0.00000000  -0.00000000   0.00000000  -0.00000000   0.00000000  -0.00000000   0.00000000  -0.00000000   0.00000000  -0.00000000   0.00000000  -0.00000000 
 -9.32210000   0.00000000  -0.00000000   0.00000000  -0.00000000   0.00000000  -0.00000000   0.00000000  -0.00000000   0.00000000  -0.00000000   0.00000000  -0.00000000   0.00000000  -0.00000000   0.00000000  -0.00000000   0.00000000  -0.00000000 
 -9.20610000   0.00000000  -0.00000000   0.00000000  -0.00000000   0.00000000  -0.00000000   0.00000000  -0.00000000   0.00000000  -0.00000000   0.00000000  -0.00000000   0.00000000  -0.00000000   0.00000000  -0.00000000   0.00000000  -0.00000000 
 -9.09110000   0.00000000  -0.00000000   0.00000000  -0.00000000   0.00000000  -0.00000000   0.00000000  -0.00000000   0.00000000  -0.00000000   0.00000000  -0.00000000   0.00000000  -0.00000000   0.00000000  -0.00000000   0.00000000  -0.00000000 
 -8.97510000   0.00000000  -0.00000000   0.00000000  -0.00000000   0.00000000  -0.00000000   0.00000000  -0.00000000   0.00000000  -0.00000000   0.00000000  -0.00000000   0.00000000  -0.00000000   0.00000000  -0.00000000   0.00000000  -0.00000000 
 -8.85910000   0.00000000  -0.00000000   0.00000000  -0.00000000   0.00000000  -0.00000000   0.00000000  -0.00000000   0.00000000  -0.00000000   0.00000000  -0.00000000   0.00000000  -0.00000000   0.00000000  -0.00000000   0.00000000  -0.00000000 
 -8.74310000   0.00000000  -0.00000000   0.00000000  -0.00000000   0.00000000  -0.00000000   0.00000000  -0.00000000   0.00000000  -0.00000000   0.00000000  -0.00000000   0.00000000  -0.00000000   0.00000000  -0.00000000   0.00000000  -0.00000000 
 -8.62810000   0.00000002  -0.00000002   0.00000000  -0.00000000   0.00000000  -0.00000000   0.00000000  -0.00000000   0.00000001  -0.00000001   0.00000000  -0.00000000   0.00000002  -0.00000002   0.00000000  -0.00000000   0.00000000  -0.00000000 
 -8.51210000   0.00000009  -0.00000009   0.00000000  -0.00000000   0.00000001  -0.00000001   0.00000001  -0.00000001   0.00000003  -0.00000003   0.00000000  -0.00000000   0.00000007  -0.00000007   0.00000001  -0.00000001   0.00000000  -0.00000000 
 -8.39610000   0.00000021  -0.00000021   0.00000000  -0.00000000   0.00000002  -0.00000002   0.00000002  -0.00000002   0.00000007  -0.00000007   0.00000000  -0.00000000   0.00000019  -0.00000019   0.00000002  -0.00000002   0.00000001  -0.00000001 
 -8.28010000   0.00000035  -0.00000035   0.00000001  -0.00000001   0.00000003  -0.00000003   0.00000002  -0.00000002   0.00000009  -0.00000009   0.00000001  -0.00000001   0.00000030  -0.00000030   0.00000003  -0.00000003   0.00000001  -0.00000001 
 -8.16510000   0.00000063  -0.00000063   0.00000003  -0.00000003   0.00000004  -0.00000004   0.00000003  -0.00000003   0.00000008  -0.00000008   0.00000003  -0.00000003   0.00000053  -0.00000053   0.00000003  -0.00000003   0.00000004  -0.00000004 
 -8.04910000   0.00000167  -0.00000167   0.00000007  -0.00000007   0.00000009  -0.00000009   0.00000004  -0.00000004   0.00000010  -0.00000010   0.00000006  -0.00000006   0.00000141  -0.00000141   0.00000004  -0.00000004   0.00000012  -0.00000012 
 -7.93310000   0.00000978  -0.00000978   0.00000027  -0.00000027   0.00000021  -0.00000021   0.00000022  -0.00000022   0.00000082  -0.00000082   0.00000010  -0.00000010   0.00000865  -0.00000865   0.00000006  -0.00000006   0.00000095  -0.00000095 
 -7.81710000   0.00009262  -0.00009262   0.00000260  -0.00000260   0.00000110  -0.00000110   0.00000256  -0.00000256   0.00001061  -0.00001061   0.00000019  -0.00000019   0.00008142  -0.00008142   0.00000019  -0.00000019   0.00001167  -0.00001167 
 -7.70210000   0.00060890  -0.00060890   0.00002188  -0.00002188   0.00000646  -0.00000646   0.00002176  -0.00002176   0.00009089  -0.00009089   0.00000124  -0.00000124   0.00051510  -0.00051510   0.00000138  -0.00000138   0.00009839  -0.00009839 
 -7.58610000   0.00254900  -0.00254900   0.00012230  -0.00012230   0.00002428  -0.00002428   0.00011960  -0.00011960   0.00051300  -0.00051300   0.00000688  -0.00000688   0.00199000  -0.00199000   0.00000760  -0.00000760   0.00054560  -0.00054560 
 -7.47010000   0.00761400  -0.00761400   0.00048630  -0.00048630   0.00005736  -0.00005736   0.00046660  -0.00046660   0.00204400  -0.00204400   0.00002668  -0.00002668   0.00514500  -0.00514500   0.00002843  -0.00002843   0.00214400  -0.00214400 
 -7.35410000   0.01851000  -0.01851000   0.00147700  -0.00147700   0.00009502  -0.00009502   0.00141000  -0.00141000   0.00613600  -0.00613600   0.00009937  -0.00009937   0.01065000  -0.01065000   0.00010040  -0.00010040   0.00636300  -0.00636300 
 -7.23910000   0.03707000  -0.03707000   0.00347400  -0.00347400   0.00013210  -0.00013210   0.00335900  -0.00335900   0.01447000  -0.01447000   0.00047770  -0.00047770   0.01983000  -0.01983000   0.00047460  -0.00047460   0.01473000  -0.01473000 
 -7.12310000   0.05667000  -0.05667000   0.00619500  -0.00619500   0.00018840  -0.00018840   0.00609700  -0.00609700   0.02663000  -0.02663000   0.00238200  -0.00238200   0.03164000  -0.03164000   0.00238200  -0.00238200   0.02656000  -0.02656000 
 -7.00710000   0.06719000  -0.06719000   0.00898300  -0.00898300   0.00035730  -0.00035730   0.00892000  -0.00892000   0.04033000  -0.04033000   0.00934500  -0.00934500   0.04448000  -0.04448000   0.00937400  -0.00937400   0.03979000  -0.03979000 
 -6.89110000   0.07347000  -0.07347000   0.01235000  -0.01235000   0.00092290  -0.00092290   0.01223000  -0.01223000   0.05775000  -0.05775000   0.02558000  -0.02558000   0.06274000  -0.06274000   0.02571000  -0.02571000   0.05684000  -0.05684000 
 -6.77610000   0.07960000  -0.07960000   0.01569000  -0.01569000   0.00232200  -0.00232200   0.01550000  -0.01550000   0.07606000  -0.07606000   0.04686000  -0.04686000   0.08346000  -0.08346000   0.04723000  -0.04723000   0.07504000  -0.07504000 
 -6.66010000   0.07805000  -0.07805000   0.01719000  -0.01719000   0.00517900  -0.00517900   0.01702000  -0.01702000   0.08503000  -0.08503000   0.06058000  -0.06058000   0.09655000  -0.09655000   0.06105000  -0.06105000   0.08459000  -0.08459000 
 -6.54410000   0.07060000  -0.07060000   0.01740000  -0.01740000   0.01088000  -0.01088000   0.01743000  -0.01743000   0.08560000  -0.08560000   0.06938000  -0.06938000   0.10360000  -0.10360000   0.06947000  -0.06947000   0.08589000  -0.08589000 
 -6.42810000   0.05736000  -0.05736000   0.01585000  -0.01585000   0.01932000  -0.01932000   0.01611000  -0.01611000   0.07836000  -0.07836000   0.08408000  -0.08408000   0.10100000  -0.10100000   0.08386000  -0.08386000   0.07884000  -0.07884000 
 -6.31210000   0.03680000  -0.03680000   0.01128000  -0.01128000   0.02418000  -0.02418000   0.01152000  -0.01152000   0.05735000  -0.05735000   0.08656000  -0.08656000   0.07793000  -0.07793000   0.08648000  -0.08648000   0.05775000  -0.05775000 
 -6.19710000   0.01937000  -0.01937000   0.00569200  -0.00569200   0.02123000  -0.02123000   0.00577000  -0.00577000   0.02909000  -0.02909000   0.06508000  -0.06508000   0.04327000  -0.04327000   0.06493000  -0.06493000   0.02957000  -0.02957000 
 -6.08110000   0.01134000  -0.01134000   0.00217200  -0.00217200   0.01652000  -0.01652000   0.00215300  -0.00215300   0.00988300  -0.00988300   0.04838000  -0.04838000   0.01852000  -0.01852000   0.04765000  -0.04765000   0.01034000  -0.01034000 
 -5.96510000   0.00805400  -0.00805400   0.00141000  -0.00141000   0.01418000  -0.01418000   0.00135100  -0.00135100   0.00503600  -0.00503600   0.05146000  -0.05146000   0.00918600  -0.00918600   0.05003000  -0.05003000   0.00550500  -0.00550500 
 -5.84910000   0.00747100  -0.00747100   0.00281600  -0.00281600   0.01223000  -0.01223000   0.00274200  -0.00274200   0.01064000  -0.01064000   0.05739000  -0.05739000   0.00989600  -0.00989600   0.05615000  -0.05615000   0.01117000  -0.01117000 
 -5.73410000   0.01230000  -0.01230000   0.00624200  -0.00624200   0.00966800  -0.00966800   0.00614500  -0.00614500   0.02254000  -0.02254000   0.05155000  -0.05155000   0.01695000  -0.01695000   0.05144000  -0.05144000   0.02281000  -0.02281000 
 -5.61810000   0.02325000  -0.02325000   0.01161000  -0.01161000   0.00729100  -0.00729100   0.01143000  -0.01143000   0.03851000  -0.03851000   0.03982000  -0.03982000   0.02996000  -0.02996000   0.04028000  -0.04028000   0.03864000  -0.03864000 
 -5.50210000   0.04115000  -0.04115000   0.01893000  -0.01893000   0.00593300  -0.00593300   0.01871000  -0.01871000   0.06217000  -0.06217000   0.03503000  -0.03503000   0.05364000  -0.05364000   0.03519000  -0.03519000   0.06272000  -0.06272000 
 -5.38610000   0.07033000  -0.07033000   0.02763000  -0.02763000   0.00569400  -0.00569400   0.02751000  -0.02751000   0.09082000  -0.09082000   0.03909000  -0.03909000   0.08379000  -0.08379000   0.03881000  -0.03881000   0.09162000  -0.09162000 
 -5.27110000   0.10170000  -0.10170000   0.03273000  -0.03273000   0.00586600  -0.00586600   0.03285000  -0.03285000   0.10580000  -0.10580000   0.04509000  -0.04509000   0.09587000  -0.09587000   0.04461000  -0.04461000   0.10650000  -0.10650000 
 -5.15510000   0.10590000  -0.10590000   0.02802000  -0.02802000   0.00584300  -0.00584300   0.02848000  -0.02848000   0.09486000  -0.09486000   0.05080000  -0.05080000   0.07438000  -0.07438000   0.04993000  -0.04993000   0.09502000  -0.09502000 
 -5.03910000   0.07621000  -0.07621000   0.01768000  -0.01768000   0.00648500  -0.00648500   0.01827000  -0.01827000   0.06821000  -0.06821000   0.06242000  -0.06242000   0.04086000  -0.04086000   0.06081000  -0.06081000   0.06844000  -0.06844000 
 -4.92310000   0.04383000  -0.04383000   0.01100000  -0.01100000   0.00885800  -0.00885800   0.01141000  -0.01141000   0.04890000  -0.04890000   0.08254000  -0.08254000   0.02194000  -0.02194000   0.07965000  -0.07965000   0.05064000  -0.05064000 
 -4.80810000   0.02718000  -0.02718000   0.00946800  -0.00946800   0.01433000  -0.01433000   0.00974400  -0.00974400   0.04791000  -0.04791000   0.12030000  -0.12030000   0.01678000  -0.01678000   0.11300000  -0.11300000   0.05090000  -0.05090000 
 -4.69210000   0.02020000  -0.02020000   0.01017000  -0.01017000   0.02527000  -0.02527000   0.01043000  -0.01043000   0.05348000  -0.05348000   0.19590000  -0.19590000   0.01559000  -0.01559000   0.18330000  -0.18330000   0.05578000  -0.05578000 
 -4.57610000   0.01524000  -0.01524000   0.01074000  -0.01074000   0.03643000  -0.03643000   0.01080000  -0.01080000   0.04923000  -0.04923000   0.26570000  -0.26570000   0.01572000  -0.01572000   0.25900000  -0.25900000   0.05011000  -0.05011000 
 -4.46010000   0.00963300  -0.00963300   0.00990400  -0.00990400   0.03632000  -0.03632000   0.00966900  -0.00966900   0.03609000  -0.03609000   0.25120000  -0.25120000   0.01671000  -0.01671000   0.25850000  -0.25850000   0.03819000  -0.03819000 
 -4.34510000   0.00526100  -0.00526100   0.00820000  -0.00820000   0.02433000  -0.02433000   0.00799600  -0.00799600   0.03099000  -0.03099000   0.17990000  -0.17990000   0.01679000  -0.01679000   0.19190000  -0.19190000   0.03713000  -0.03713000 
 -4.22910000   0.00335800  -0.00335800   0.00587600  -0.00587600   0.01126000  -0.01126000   0.00592300  -0.00592300   0.03588000  -0.03588000   0.12230000  -0.12230000   0.01337000  -0.01337000   0.13190000  -0.13190000   0.04361000  -0.04361000 
 -4.11310000   0.00288300  -0.00288300   0.00453600  -0.00453600   0.00447500  -0.00447500   0.00470100  -0.00470100   0.04042000  -0.04042000   0.10100000  -0.10100000   0.00945100  -0.00945100   0.10500000  -0.10500000   0.04598000  -0.04598000 
 -3.99710000   0.00417500  -0.00417500   0.00749100  -0.00749100   0.00245600  -0.00245600   0.00765900  -0.00765900   0.05024000  -0.05024000   0.10260000  -0.10260000   0.01286000  -0.01286000   0.10160000  -0.10160000   0.05131000  -0.05131000 
 -3.88210000   0.00794100  -0.00794100   0.01547000  -0.01547000   0.00199300  -0.00199300   0.01557000  -0.01557000   0.06713000  -0.06713000   0.09038000  -0.09038000   0.02777000  -0.02777000   0.09193000  -0.09193000   0.06324000  -0.06324000 
 -3.76610000   0.01128000  -0.01128000   0.02287000  -0.02287000   0.00225600  -0.00225600   0.02273000  -0.02273000   0.08140000  -0.08140000   0.06523000  -0.06523000   0.04604000  -0.04604000   0.06949000  -0.06949000   0.07643000  -0.07643000 
 -3.65010000   0.01027000  -0.01027000   0.02224000  -0.02224000   0.00463100  -0.00463100   0.02202000  -0.02202000   0.08949000  -0.08949000   0.06805000  -0.06805000   0.04966000  -0.04966000   0.06755000  -0.06755000   0.08506000  -0.08506000 
 -3.53410000   0.00653500  -0.00653500   0.01632000  -0.01632000   0.01206000  -0.01206000   0.01631000  -0.01631000   0.09171000  -0.09171000   0.10570000  -0.10570000   0.03803000  -0.03803000   0.10010000  -0.10010000   0.08703000  -0.08703000 
 -3.41910000   0.00415100  -0.00415100   0.01336000  -0.01336000   0.02441000  -0.02441000   0.01333000  -0.01333000   0.09335000  -0.09335000   0.13590000  -0.13590000   0.02942000  -0.02942000   0.13290000  -0.13290000   0.09020000  -0.09020000 
 -3.30310000   0.00403800  -0.00403800   0.01451000  -0.01451000   0.03540000  -0.03540000   0.01422000  -0.01422000   0.09269000  -0.09269000   0.12670000  -0.12670000   0.03067000  -0.03067000   0.12810000  -0.12810000   0.09214000  -0.09214000 
 -3.18710000   0.00553900  -0.00553900   0.01778000  -0.01778000   0.04078000  -0.04078000   0.01746000  -0.01746000   0.08576000  -0.08576000   0.10300000  -0.10300000   0.03907000  -0.03907000   0.10280000  -0.10280000   0.08551000  -0.08551000 
 -3.07110000   0.00748900  -0.00748900   0.02121000  -0.02121000   0.04114000  -0.04114000   0.02101000  -0.02101000   0.06932000  -0.06933000   0.08970000  -0.08970000   0.04872000  -0.04872000   0.08745000  -0.08745000   0.06666000  -0.06666000 
 -2.95610000   0.00769900  -0.00769900   0.02142000  -0.02142000   0.04040000  -0.04040000   0.02096000  -0.02096000   0.04480000  -0.04480000   0.07564000  -0.07564000   0.04862000  -0.04862000   0.07597000  -0.07597000   0.04229000  -0.04229000 
 -2.84010000   0.00544600  -0.00544600   0.01697000  -0.01697000   0.04402000  -0.04402000   0.01619000  -0.01619000   0.02804000  -0.02804000   0.05728000  -0.05728000   0.03714000  -0.03714000   0.06130000  -0.06130000   0.02825000  -0.02825000 
 -2.72410000   0.00280500  -0.00280500   0.01081000  -0.01081000   0.04573000  -0.04573000   0.01017000  -0.01017000   0.02448000  -0.02448000   0.03961000  -0.03961000   0.02708000  -0.02708000   0.04460000  -0.04460000   0.02518000  -0.02518000 
 -2.60810000   0.00205400  -0.00205400   0.00791900  -0.00791900   0.04112000  -0.04112000   0.00736900  -0.00736900   0.02983000  -0.02983000   0.02522000  -0.02522000   0.03684000  -0.03684000   0.02824000  -0.02824000   0.02990000  -0.02990000 
 -2.49310000   0.00355100  -0.00355100   0.00996400  -0.00996400   0.03795000  -0.03795000   0.00939200  -0.00939200   0.05457000  -0.05457000   0.01735000  -0.01735000   0.08753000  -0.08753000   0.01816000  -0.01816000   0.05509000  -0.05509000 
 -2.37710000   0.00625300  -0.00625300   0.01413000  -0.01413000   0.03319000  -0.03319000   0.01427000  -0.01427000   0.11090000  -0.11090000   0.01257000  -0.01257000   0.18780000  -0.18780000   0.01292000  -0.01292000   0.11070000  -0.11070000 
 -2.26110000   0.00852300  -0.00852300   0.01708000  -0.01708000   0.02109000  -0.02109000   0.01825000  -0.01825000   0.17620000  -0.17620000   0.00725000  -0.00725000   0.29600000  -0.29600000   0.00787800  -0.00787800   0.17380000  -0.17380000 
 -2.14510000   0.00931900  -0.00931900   0.01744000  -0.01744000   0.00923700  -0.00923700   0.01900000  -0.01900000   0.20630000  -0.20630000   0.00306300  -0.00306300   0.34560000  -0.34560000   0.00353700  -0.00353700   0.20230000  -0.20230000 
 -2.02910000   0.00906000  -0.00906000   0.01595000  -0.01595000   0.00358800  -0.00358800   0.01735000  -0.01735000   0.20100000  -0.20100000   0.00111600  -0.00111600   0.33470000  -0.33470000   0.00128700  -0.00128700   0.19730000  -0.19730000 
 -1.91410000   0.00805800  -0.00805800   0.01345000  -0.01345000   0.00196600  -0.00196600   0.01452000  -0.01452000   0.18280000  -0.18280000   0.00046850  -0.00046850   0.28980000  -0.28980000   0.00050620  -0.00050620   0.18080000  -0.18080000 
 -1.79810000   0.00657900  -0.00657900   0.00942400  -0.00942400   0.00137700  -0.00137700   0.01008000  -0.01008000   0.15380000  -0.15380000   0.00027160  -0.00027160   0.21830000  -0.21830000   0.00027700  -0.00027700   0.15350000  -0.15350000 
 -1.68210000   0.00558900  -0.00558900   0.00523900  -0.00523900   0.00092580  -0.00092580   0.00557700  -0.00557700   0.12720000  -0.12720000   0.00019720  -0.00019720   0.15170000  -0.15170000   0.00019690  -0.00019690   0.12780000  -0.12780000 
 -1.56610000   0.00466400  -0.00466400   0.00246700  -0.00246700   0.00065100  -0.00065100   0.00264200  -0.00264200   0.09797000  -0.09797000   0.00013580  -0.00013580   0.10500000  -0.10500000   0.00013660  -0.00013660   0.09851000  -0.09851000 
 -1.45110000   0.00328300  -0.00328300   0.00097090  -0.00097090   0.00050710  -0.00050710   0.00105200  -0.00105200   0.05767000  -0.05767000   0.00007358  -0.00007358   0.06977000  -0.06977000   0.00007442  -0.00007442   0.05790000  -0.05790000 
 -1.33510000   0.00235400  -0.00235400   0.00030730  -0.00030730   0.00045310  -0.00045310   0.00033690  -0.00033690   0.02444000  -0.02444000   0.00002850  -0.00002850   0.05168000  -0.05168000   0.00002845  -0.00002845   0.02450000  -0.02450000 
 -1.21910000   0.00198200  -0.00198200   0.00008889  -0.00008889   0.00042250  -0.00042250   0.00009664  -0.00009664   0.00774300  -0.00774300   0.00000796  -0.00000796   0.04491000  -0.04491000   0.00000761  -0.00000761   0.00775100  -0.00775100 
 -1.10310000   0.00134300  -0.00134300   0.00002693  -0.00002693   0.00028930  -0.00028930   0.00002809  -0.00002809   0.00188500  -0.00188500   0.00000195  -0.00000195   0.03077000  -0.03077000   0.00000174  -0.00000174   0.00188100  -0.00188100 
 -0.98810000   0.00057080  -0.00057080   0.00000704  -0.00000704   0.00012150  -0.00012150   0.00000711  -0.00000711   0.00035550  -0.00035550   0.00000046  -0.00000046   0.01318000  -0.01318000   0.00000039  -0.00000039   0.00035090  -0.00035090 
 -0.87210000   0.00014570  -0.00014570   0.00000120  -0.00000120   0.00003047  -0.00003047   0.00000120  -0.00000120   0.00004901  -0.00004901   0.00000008  -0.00000008   0.00339300  -0.00339300   0.00000007  -0.00000007   0.00004752  -0.00004752 
 -0.75610000   0.00002231  -0.00002231   0.00000012  -0.00000012   0.00000458  -0.00000458   0.00000012  -0.00000012   0.00000433  -0.00000433   0.00000001  -0.00000001   0.00052350  -0.00052350   0.00000001  -0.00000001   0.00000413  -0.00000413 
 -0.64010000   0.00000201  -0.00000201   0.00000001  -0.00000001   0.00000041  -0.00000041   0.00000001  -0.00000001   0.00000022  -0.00000022   0.00000000  -0.00000000   0.00004749  -0.00004749   0.00000000  -0.00000000   0.00000021  -0.00000021 
 -0.52510000   0.00000011  -0.00000011   0.00000000  -0.00000000   0.00000002  -0.00000002   0.00000000  -0.00000000   0.00000011  -0.00000011   0.00000002  -0.00000002   0.00000257  -0.00000257   0.00000001  -0.00000001   0.00000008  -0.00000008 
 -0.40910000   0.00000009  -0.00000009   0.00000005  -0.00000005   0.00000001  -0.00000001   0.00000006  -0.00000006   0.00000286  -0.00000286   0.00000056  -0.00000056   0.00000337  -0.00000337   0.00000032  -0.00000032   0.00000238  -0.00000238 
 -0.29310000   0.00000145  -0.00000145   0.00000088  -0.00000088   0.00000009  -0.00000009   0.00000098  -0.00000098   0.00004584  -0.00004584   0.00000841  -0.00000841   0.00005160  -0.00005160   0.00000528  -0.00000528   0.00004331  -0.00004331 
 -0.17710000   0.00001657  -0.00001658   0.00000953  -0.00000953   0.00000083  -0.00000083   0.00001004  -0.00001004   0.00043700  -0.00043700   0.00007159  -0.00007159   0.00051470  -0.00051470   0.00005030  -0.00005030   0.00045080  -0.00045080 
 -0.06210000   0.00012660  -0.00012660   0.00006291  -0.00006290   0.00000499  -0.00000499   0.00006422  -0.00006422   0.00260800  -0.00260800   0.00036030  -0.00036030   0.00349500  -0.00349500   0.00028670  -0.00028670   0.00279800  -0.00279800 
  0.05390000   0.00062350  -0.00062350   0.00026630  -0.00026630   0.00002078  -0.00002078   0.00026840  -0.00026840   0.01027000  -0.01027000   0.00114700  -0.00114700   0.01626000  -0.01626000   0.00103500  -0.00103500   0.01094000  -0.01094000 
  0.16990000   0.00198200  -0.00198200   0.00075950  -0.00075950   0.00006060  -0.00006060   0.00076070  -0.00076070   0.02771000  -0.02771000   0.00251700  -0.00251700   0.05171000  -0.05171000   0.00249600  -0.00249600   0.02858000  -0.02858000 
  0.28590000   0.00447000  -0.00447000   0.00157800  -0.00157800   0.00012310  -0.00012310   0.00157300  -0.00157300   0.05418000  -0.05418000   0.00405000  -0.00405000   0.11900000  -0.11900000   0.00417900  -0.00417900   0.05430000  -0.05430000 
  0.40090000   0.00794100  -0.00794100   0.00275700  -0.00275700   0.00018200  -0.00018200   0.00274900  -0.00274900   0.09038000  -0.09038000   0.00502900  -0.00502900   0.21270000  -0.21270000   0.00517200  -0.00517200   0.09030000  -0.09030000 
  0.51690000   0.01101000  -0.01101000   0.00466900  -0.00466900   0.00021760  -0.00021760   0.00467000  -0.00467000   0.15960000  -0.15960000   0.00550200  -0.00550200   0.29850000  -0.29850000   0.00554100  -0.00554100   0.16220000  -0.16220000 
  0.63290000   0.01192000  -0.01192000   0.00758500  -0.00758500   0.00024170  -0.00024170   0.00761400  -0.00761400   0.29020000  -0.29020000   0.00701500  -0.00701500   0.34880000  -0.34880000   0.00689900  -0.00690000   0.29440000  -0.29440000 
  0.74890000   0.01139000  -0.01139000   0.01017000  -0.01017000   0.00030510  -0.00030510   0.01023000  -0.01023000   0.43160000  -0.43160000   0.01427000  -0.01427000   0.37500000  -0.37500000   0.01372000  -0.01372000   0.42820000  -0.42820000 
  0.86390000   0.01137000  -0.01137000   0.01032000  -0.01032000   0.00049930  -0.00049930   0.01033000  -0.01033000   0.47060000  -0.47060000   0.03687000  -0.03687000   0.37140000  -0.37140000   0.03519000  -0.03519000   0.45630000  -0.45630000 
  0.97990000   0.01322000  -0.01322000   0.00879000  -0.00879000   0.00088870  -0.00088870   0.00865500  -0.00865500   0.41640000  -0.41640000   0.07812000  -0.07812000   0.36610000  -0.36610000   0.07520000  -0.07520000   0.39940000  -0.39940000 
  1.09590000   0.01595000  -0.01595000   0.00806000  -0.00806000   0.00154900  -0.00154900   0.00774700  -0.00774700   0.36090000  -0.36090000   0.12800000  -0.12800000   0.38160000  -0.38160000   0.12440000  -0.12440000   0.35420000  -0.35420000 
  1.21190000   0.01660000  -0.01660000   0.00879100  -0.00879100   0.00257100  -0.00257100   0.00836100  -0.00836100   0.32350000  -0.32350000   0.17790000  -0.17790000   0.36030000  -0.36030000   0.17400000  -0.17400000   0.33180000  -0.33180000 
  1.32690000   0.01445000  -0.01445000   0.00936700  -0.00936700   0.00336900  -0.00336900   0.00912300  -0.00912300   0.28370000  -0.28370000   0.20250000  -0.20250000   0.27980000  -0.27980000   0.19950000  -0.19950000   0.29710000  -0.29710000 
  1.44290000   0.01037000  -0.01037000   0.00810900  -0.00810900   0.00340100  -0.00340100   0.00828100  -0.00828100   0.22160000  -0.22160000   0.18550000  -0.18550000   0.17260000  -0.17260000   0.18390000  -0.18390000   0.23170000  -0.23170000 
  1.55890000   0.00607400  -0.00607400   0.00596900  -0.00596900   0.00387500  -0.00387500   0.00634600  -0.00634600   0.15280000  -0.15280000   0.18180000  -0.18180000   0.08214000  -0.08214000   0.17990000  -0.17990000   0.15670000  -0.15670000 
  1.67490000   0.00352000  -0.00352000   0.00477500  -0.00477500   0.00519100  -0.00519100   0.00501300  -0.00501300   0.11260000  -0.11260000   0.22250000  -0.22250000   0.03572000  -0.03572000   0.22120000  -0.22120000   0.11220000  -0.11220000 
  1.78990000   0.00241500  -0.00241500   0.00445100  -0.00445100   0.00528200  -0.00528200   0.00449400  -0.00449400   0.09847000  -0.09847000   0.24340000  -0.24340000   0.01849000  -0.01849000   0.24600000  -0.24600000   0.09855000  -0.09855000 
  1.90590000   0.00156200  -0.00156200   0.00372100  -0.00372100   0.00403300  -0.00403300   0.00374400  -0.00374400   0.08036000  -0.08036000   0.21520000  -0.21520000   0.00982600  -0.00982600   0.21910000  -0.21910000   0.08223000  -0.08223000 
  2.02190000   0.00078210  -0.00078210   0.00243500  -0.00243500   0.00373100  -0.00373100   0.00248600  -0.00248600   0.05051000  -0.05051000   0.18930000  -0.18930000   0.00506200  -0.00506200   0.18990000  -0.18990000   0.05224000  -0.05224000 
  2.13790000   0.00034520  -0.00034520   0.00133800  -0.00133800   0.00436000  -0.00436000   0.00135700  -0.00135700   0.02433000  -0.02433000   0.18460000  -0.18460000   0.00341100  -0.00341100   0.18240000  -0.18240000   0.02506000  -0.02506000 
  2.25390000   0.00019250  -0.00019260   0.00065850  -0.00065830   0.00408600  -0.00408700   0.00064500  -0.00064440   0.00903700  -0.00903700   0.18190000  -0.18200000   0.00254600  -0.00254600   0.17940000  -0.17940000   0.00925900  -0.00925900 
  2.36890000   0.00014410  -0.00014520   0.00034150  -0.00033950   0.00300000  -0.00300800   0.00032270  -0.00031970   0.00258000  -0.00257700   0.18040000  -0.18180000   0.00169900  -0.00170400   0.17880000  -0.17920000   0.00267200  -0.00267100 
  2.48490000   0.00011600  -0.00012180   0.00027730  -0.00026790   0.00225000  -0.00229400   0.00026710  -0.00026030   0.00087030  -0.00086270   0.17700000  -0.18400000   0.00128500  -0.00131500   0.17520000  -0.17840000   0.00095240  -0.00094730 
  2.60090000   0.00008146  -0.00009776   0.00026410  -0.00024190   0.00166400  -0.00179100   0.00026590  -0.00026160   0.00055490  -0.00055120   0.15180000  -0.17060000   0.00101600  -0.00110300   0.14890000  -0.15990000   0.00068540  -0.00067610 
  2.71690000   0.00004553  -0.00006992   0.00019320  -0.00016610   0.00089910  -0.00109600   0.00020120  -0.00020740   0.00036190  -0.00037770   0.09864000  -0.12530000   0.00060000  -0.00073190   0.09603000  -0.11450000   0.00051710  -0.00050880 
  2.83190000   0.00001865  -0.00003813   0.00009561  -0.00007898   0.00031040  -0.00046990   0.00010140  -0.00011180   0.00017100  -0.00019720   0.04314000  -0.06325000   0.00023640  -0.00034080   0.04229000  -0.05794000   0.00027940  -0.00027680 
  2.94790000   0.00000498  -0.00001327   0.00002981  -0.00002480   0.00006787  -0.00013560   0.00003191  -0.00003749   0.00005263  -0.00006855   0.01171000  -0.01977000   0.00006075  -0.00010440   0.01174000  -0.01859000   0.00009495  -0.00009556 
  3.06390000   0.00000079  -0.00000267   0.00000547  -0.00000479   0.00000944  -0.00002462   0.00000590  -0.00000730   0.00000969  -0.00001422   0.00186500  -0.00358500   0.00000974  -0.00001941   0.00193200  -0.00350100   0.00001869  -0.00001923 
  3.17990000   0.00000007  -0.00000030   0.00000056  -0.00000053   0.00000081  -0.00000260   0.00000061  -0.00000079   0.00000100  -0.00000164   0.00016770  -0.00036250   0.00000092  -0.00000205   0.00018040  -0.00036890   0.00000203  -0.00000214 
  3.29490000   0.00000000  -0.00000002   0.00000003  -0.00000003   0.00000004  -0.00000015   0.00000003  -0.00000005   0.00000006  -0.00000010   0.00000830  -0.00001996   0.00000005  -0.00000012   0.00000928  -0.00002116   0.00000012  -0.00000013 
  3.41090000   0.00000000  -0.00000000   0.00000000  -0.00000000   0.00000000  -0.00000000   0.00000000  -0.00000000   0.00000000  -0.00000000   0.00000022  -0.00000059   0.00000000  -0.00000000   0.00000026  -0.00000065   0.00000000  -0.00000000 
  3.52690000   0.00000000  -0.00000000   0.00000000  -0.00000000   0.00000000  -0.00000000   0.00000000  -0.00000000   0.00000000  -0.00000000   0.00000000  -0.00000001   0.00000000  -0.00000000   0.00000000  -0.00000001   0.00000000  -0.00000000 
  3.64290000   0.00000000  -0.00000000   0.00000000  -0.00000000   0.00000000  -0.00000000   0.00000000  -0.00000000   0.00000000  -0.00000000   0.00000000  -0.00000000   0.00000000  -0.00000000   0.00000000  -0.00000000   0.00000000  -0.00000000 
  3.75790000   0.00000000  -0.00000000   0.00000000  -0.00000000   0.00000000  -0.00000000   0.00000000  -0.00000000   0.00000000  -0.00000000   0.00000000  -0.00000000   0.00000000  -0.00000000   0.00000000  -0.00000000   0.00000000  -0.00000000 
  3.87390000   0.00000000  -0.00000000   0.00000000  -0.00000000   0.00000000  -0.00000000   0.00000000  -0.00000000   0.00000000  -0.00000000   0.00000000  -0.00000000   0.00000000  -0.00000000   0.00000000  -0.00000000   0.00000000  -0.00000000 
  3.98990000   0.00000000  -0.00000000   0.00000000  -0.00000000   0.00000000  -0.00000000   0.00000000  -0.00000000   0.00000000  -0.00000000   0.00000000  -0.00000000   0.00000000  -0.00000000   0.00000000  -0.00000000   0.00000000  -0.00000000 
  4.10590000   0.00000000  -0.00000000   0.00000000  -0.00000000   0.00000000  -0.00000000   0.00000000  -0.00000000   0.00000000  -0.00000000   0.00000000  -0.00000000   0.00000000  -0.00000000   0.00000000  -0.00000000   0.00000000  -0.00000000 
  4.22090000   0.00000000  -0.00000000   0.00000000  -0.00000000   0.00000000  -0.00000000   0.00000000  -0.00000000   0.00000000  -0.00000000   0.00000000  -0.00000000   0.00000000  -0.00000000   0.00000000  -0.00000000   0.00000000  -0.00000000 
  4.33690000   0.00000000  -0.00000000   0.00000000  -0.00000000   0.00000000  -0.00000000   0.00000000  -0.00000000   0.00000000  -0.00000000   0.00000000  -0.00000000   0.00000000  -0.00000000   0.00000000  -0.00000000   0.00000000  -0.00000000 
  4.45290000   0.00000000  -0.00000000   0.00000000  -0.00000000   0.00000000  -0.00000000   0.00000000  -0.00000000   0.00000000  -0.00000000   0.00000000  -0.00000000   0.00000000  -0.00000000   0.00000000  -0.00000000   0.00000000  -0.00000000 
  4.56890000   0.00000000  -0.00000000   0.00000000  -0.00000000   0.00000000  -0.00000000   0.00000000  -0.00000000   0.00000000  -0.00000000   0.00000000  -0.00000000   0.00000000  -0.00000000   0.00000000  -0.00000000   0.00000000  -0.00000000 
  4.68390000   0.00000000  -0.00000000   0.00000000  -0.00000000   0.00000000  -0.00000000   0.00000000  -0.00000000   0.00000000  -0.00000000   0.00000000  -0.00000000   0.00000000  -0.00000000   0.00000000  -0.00000000   0.00000000  -0.00000000 
