-30.04310000   0.00000000  -0.00000000   0.00000000  -0.00000000   0.00000000  -0.00000000   0.00000000  -0.00000000   0.00000000  -0.00000000   0.00000000  -0.00000000   0.00000000  -0.00000000   0.00000000  -0.00000000   0.00000000  -0.00000000 
-29.92710000   0.00000000  -0.00000000   0.00000000  -0.00000000   0.00000000  -0.00000000   0.00000000  -0.00000000   0.00000000  -0.00000000   0.00000000  -0.00000000   0.00000000  -0.00000000   0.00000000  -0.00000000   0.00000000  -0.00000000 
-29.81110000   0.00000000  -0.00000000   0.00000000  -0.00000000   0.00000000  -0.00000000   0.00000000  -0.00000000   0.00000000  -0.00000000   0.00000000  -0.00000000   0.00000000  -0.00000000   0.00000000  -0.00000000   0.00000000  -0.00000000 
-29.69510000   0.00000000  -0.00000000   0.00000000  -0.00000000   0.00000000  -0.00000000   0.00000000  -0.00000000   0.00000000  -0.00000000   0.00000000  -0.00000000   0.00000000  -0.00000000   0.00000000  -0.00000000   0.00000000  -0.00000000 
-29.58010000   0.00000000  -0.00000000   0.00000000  -0.00000000   0.00000000  -0.00000000   0.00000000  -0.00000000   0.00000000  -0.00000000   0.00000000  -0.00000000   0.00000000  -0.00000000   0.00000000  -0.00000000   0.00000000  -0.00000000 
-29.46410000   0.00000000  -0.00000000   0.00000000  -0.00000000   0.00000000  -0.00000000   0.00000000  -0.00000000   0.00000000  -0.00000000   0.00000000  -0.00000000   0.00000000  -0.00000000   0.00000000  -0.00000000   0.00000000  -0.00000000 
-29.34810000   0.00000000  -0.00000000   0.00000000  -0.00000000   0.00000000  -0.00000000   0.00000000  -0.00000000   0.00000000  -0.00000000   0.00000000  -0.00000000   0.00000000  -0.00000000   0.00000000  -0.00000000   0.00000000  -0.00000000 
-29.23210000   0.00000000  -0.00000000   0.00000000  -0.00000000   0.00000000  -0.00000000   0.00000000  -0.00000000   0.00000000  -0.00000000   0.00000000  -0.00000000   0.00000000  -0.00000000   0.00000000  -0.00000000   0.00000000  -0.00000000 
-29.11710000   0.00000000  -0.00000000   0.00000000  -0.00000000   0.00000000  -0.00000000   0.00000000  -0.00000000   0.00000000  -0.00000000   0.00000000  -0.00000000   0.00000000  -0.00000000   0.00000000  -0.00000000   0.00000000  -0.00000000 
-29.00110000   0.00000000  -0.00000000   0.00000000  -0.00000000   0.00000000  -0.00000000   0.00000000  -0.00000000   0.00000000  -0.00000000   0.00000000  -0.00000000   0.00000000  -0.00000000   0.00000000  -0.00000000   0.00000000  -0.00000000 
-28.88510000   0.00000000  -0.00000000   0.00000000  -0.00000000   0.00000000  -0.00000000   0.00000000  -0.00000000   0.00000000  -0.00000000   0.00000000  -0.00000000   0.00000000  -0.00000000   0.00000000  -0.00000000   0.00000000  -0.00000000 
-28.76910000   0.00000000  -0.00000000   0.00000000  -0.00000000   0.00000000  -0.00000000   0.00000000  -0.00000000   0.00000000  -0.00000000   0.00000000  -0.00000000   0.00000000  -0.00000000   0.00000000  -0.00000000   0.00000000  -0.00000000 
-28.65410000   0.00000000  -0.00000000   0.00000000  -0.00000000   0.00000000  -0.00000000   0.00000000  -0.00000000   0.00000000  -0.00000000   0.00000000  -0.00000000   0.00000000  -0.00000000   0.00000000  -0.00000000   0.00000000  -0.00000000 
-28.53810000   0.00000000  -0.00000000   0.00000000  -0.00000000   0.00000000  -0.00000000   0.00000000  -0.00000000   0.00000000  -0.00000000   0.00000000  -0.00000000   0.00000000  -0.00000000   0.00000000  -0.00000000   0.00000000  -0.00000000 
-28.42210000   0.00000000  -0.00000000   0.00000000  -0.00000000   0.00000000  -0.00000000   0.00000000  -0.00000000   0.00000000  -0.00000000   0.00000000  -0.00000000   0.00000000  -0.00000000   0.00000000  -0.00000000   0.00000000  -0.00000000 
-28.30610000   0.00000000  -0.00000000   0.00000000  -0.00000000   0.00000000  -0.00000000   0.00000000  -0.00000000   0.00000000  -0.00000000   0.00000000  -0.00000000   0.00000000  -0.00000000   0.00000000  -0.00000000   0.00000000  -0.00000000 
-28.19110000   0.00000000  -0.00000000   0.00000000  -0.00000000   0.00000000  -0.00000000   0.00000000  -0.00000000   0.00000000  -0.00000000   0.00000000  -0.00000000   0.00000000  -0.00000000   0.00000000  -0.00000000   0.00000000  -0.00000000 
-28.07510000   0.00000000  -0.00000000   0.00000000  -0.00000000   0.00000000  -0.00000000   0.00000000  -0.00000000   0.00000000  -0.00000000   0.00000000  -0.00000000   0.00000000  -0.00000000   0.00000000  -0.00000000   0.00000000  -0.00000000 
-27.95910000   0.00000000  -0.00000000   0.00000000  -0.00000000   0.00000000  -0.00000000   0.00000000  -0.00000000   0.00000000  -0.00000000   0.00000000  -0.00000000   0.00000000  -0.00000000   0.00000000  -0.00000000   0.00000000  -0.00000000 
-27.84310000   0.00000000  -0.00000000   0.00000000  -0.00000000   0.00000000  -0.00000000   0.00000000  -0.00000000   0.00000000  -0.00000000   0.00000000  -0.00000000   0.00000000  -0.00000000   0.00000000  -0.00000000   0.00000000  -0.00000000 
-27.72710000   0.00000000  -0.00000000   0.00000000  -0.00000000   0.00000000  -0.00000000   0.00000000  -0.00000000   0.00000000  -0.00000000   0.00000000  -0.00000000   0.00000000  -0.00000000   0.00000000  -0.00000000   0.00000000  -0.00000000 
-27.61210000   0.00000000  -0.00000000   0.00000000  -0.00000000   0.00000000  -0.00000000   0.00000000  -0.00000000   0.00000000  -0.00000000   0.00000000  -0.00000000   0.00000000  -0.00000000   0.00000000  -0.00000000   0.00000000  -0.00000000 
-27.49610000   0.00000000  -0.00000000   0.00000000  -0.00000000   0.00000000  -0.00000000   0.00000000  -0.00000000   0.00000000  -0.00000000   0.00000000  -0.00000000   0.00000000  -0.00000000   0.00000000  -0.00000000   0.00000000  -0.00000000 
-27.38010000   0.00000000  -0.00000000   0.00000000  -0.00000000   0.00000000  -0.00000000   0.00000000  -0.00000000   0.00000000  -0.00000000   0.00000000  -0.00000000   0.00000000  -0.00000000   0.00000000  -0.00000000   0.00000000  -0.00000000 
-27.26410000   0.00000000  -0.00000000   0.00000000  -0.00000000   0.00000000  -0.00000000   0.00000000  -0.00000000   0.00000000  -0.00000000   0.00000000  -0.00000000   0.00000000  -0.00000000   0.00000000  -0.00000000   0.00000000  -0.00000000 
-27.14910000   0.00000000  -0.00000000   0.00000000  -0.00000000   0.00000000  -0.00000000   0.00000000  -0.00000000   0.00000000  -0.00000000   0.00000000  -0.00000000   0.00000000  -0.00000000   0.00000000  -0.00000000   0.00000000  -0.00000000 
-27.03310000   0.00000000  -0.00000000   0.00000000  -0.00000000   0.00000000  -0.00000000   0.00000000  -0.00000000   0.00000000  -0.00000000   0.00000000  -0.00000000   0.00000000  -0.00000000   0.00000000  -0.00000000   0.00000000  -0.00000000 
-26.91710000   0.00000000  -0.00000000   0.00000000  -0.00000000   0.00000000  -0.00000000   0.00000000  -0.00000000   0.00000000  -0.00000000   0.00000000  -0.00000000   0.00000000  -0.00000000   0.00000000  -0.00000000   0.00000000  -0.00000000 
-26.80110000   0.00000000  -0.00000000   0.00000000  -0.00000000   0.00000000  -0.00000000   0.00000000  -0.00000000   0.00000000  -0.00000000   0.00000000  -0.00000000   0.00000000  -0.00000000   0.00000000  -0.00000000   0.00000000  -0.00000000 
-26.68610000   0.00000000  -0.00000000   0.00000000  -0.00000000   0.00000000  -0.00000000   0.00000000  -0.00000000   0.00000000  -0.00000000   0.00000000  -0.00000000   0.00000000  -0.00000000   0.00000000  -0.00000000   0.00000000  -0.00000000 
-26.57010000   0.00000000  -0.00000000   0.00000000  -0.00000000   0.00000000  -0.00000000   0.00000000  -0.00000000   0.00000000  -0.00000000   0.00000000  -0.00000000   0.00000000  -0.00000000   0.00000000  -0.00000000   0.00000000  -0.00000000 
-26.45410000   0.00000000  -0.00000000   0.00000000  -0.00000000   0.00000000  -0.00000000   0.00000000  -0.00000000   0.00000000  -0.00000000   0.00000000  -0.00000000   0.00000000  -0.00000000   0.00000000  -0.00000000   0.00000000  -0.00000000 
-26.33810000   0.00000000  -0.00000000   0.00000000  -0.00000000   0.00000000  -0.00000000   0.00000000  -0.00000000   0.00000000  -0.00000000   0.00000000  -0.00000000   0.00000000  -0.00000000   0.00000000  -0.00000000   0.00000000  -0.00000000 
-26.22310000   0.00000000  -0.00000000   0.00000000  -0.00000000   0.00000000  -0.00000000   0.00000000  -0.00000000   0.00000000  -0.00000000   0.00000000  -0.00000000   0.00000000  -0.00000000   0.00000000  -0.00000000   0.00000000  -0.00000000 
-26.10710000   0.00000000  -0.00000000   0.00000000  -0.00000000   0.00000000  -0.00000000   0.00000000  -0.00000000   0.00000000  -0.00000000   0.00000000  -0.00000000   0.00000000  -0.00000000   0.00000000  -0.00000000   0.00000000  -0.00000000 
-25.99110000   0.00000000  -0.00000000   0.00000000  -0.00000000   0.00000000  -0.00000000   0.00000000  -0.00000000   0.00000000  -0.00000000   0.00000000  -0.00000000   0.00000000  -0.00000000   0.00000000  -0.00000000   0.00000000  -0.00000000 
-25.87510000   0.00000000  -0.00000000   0.00000000  -0.00000000   0.00000000  -0.00000000   0.00000000  -0.00000000   0.00000000  -0.00000000   0.00000000  -0.00000000   0.00000000  -0.00000000   0.00000000  -0.00000000   0.00000000  -0.00000000 
-25.76010000   0.00000000  -0.00000000   0.00000000  -0.00000000   0.00000000  -0.00000000   0.00000000  -0.00000000   0.00000000  -0.00000000   0.00000000  -0.00000000   0.00000000  -0.00000000   0.00000000  -0.00000000   0.00000000  -0.00000000 
-25.64410000   0.00000000  -0.00000000   0.00000000  -0.00000000   0.00000000  -0.00000000   0.00000000  -0.00000000   0.00000000  -0.00000000   0.00000000  -0.00000000   0.00000000  -0.00000000   0.00000000  -0.00000000   0.00000000  -0.00000000 
-25.52810000   0.00000000  -0.00000000   0.00000000  -0.00000000   0.00000000  -0.00000000   0.00000000  -0.00000000   0.00000000  -0.00000000   0.00000000  -0.00000000   0.00000000  -0.00000000   0.00000000  -0.00000000   0.00000000  -0.00000000 
-25.41210000   0.00000000  -0.00000000   0.00000000  -0.00000000   0.00000000  -0.00000000   0.00000000  -0.00000000   0.00000000  -0.00000000   0.00000000  -0.00000000   0.00000000  -0.00000000   0.00000000  -0.00000000   0.00000000  -0.00000000 
-25.29710000   0.00000000  -0.00000000   0.00000000  -0.00000000   0.00000000  -0.00000000   0.00000000  -0.00000000   0.00000000  -0.00000000   0.00000000  -0.00000000   0.00000000  -0.00000000   0.00000000  -0.00000000   0.00000000  -0.00000000 
-25.18110000   0.00000000  -0.00000000   0.00000000  -0.00000000   0.00000000  -0.00000000   0.00000000  -0.00000000   0.00000000  -0.00000000   0.00000000  -0.00000000   0.00000000  -0.00000000   0.00000000  -0.00000000   0.00000000  -0.00000000 
-25.06510000   0.00000000  -0.00000000   0.00000000  -0.00000000   0.00000000  -0.00000000   0.00000000  -0.00000000   0.00000000  -0.00000000   0.00000000  -0.00000000   0.00000000  -0.00000000   0.00000000  -0.00000000   0.00000000  -0.00000000 
-24.94910000   0.00000000  -0.00000000   0.00000000  -0.00000000   0.00000000  -0.00000000   0.00000000  -0.00000000   0.00000000  -0.00000000   0.00000000  -0.00000000   0.00000000  -0.00000000   0.00000000  -0.00000000   0.00000000  -0.00000000 
-24.83410000   0.00000000  -0.00000000   0.00000000  -0.00000000   0.00000000  -0.00000000   0.00000000  -0.00000000   0.00000000  -0.00000000   0.00000000  -0.00000000   0.00000000  -0.00000000   0.00000000  -0.00000000   0.00000000  -0.00000000 
-24.71810000   0.00000000  -0.00000000   0.00000000  -0.00000000   0.00000000  -0.00000000   0.00000000  -0.00000000   0.00000000  -0.00000000   0.00000000  -0.00000000   0.00000000  -0.00000000   0.00000000  -0.00000000   0.00000000  -0.00000000 
-24.60210000   0.00000000  -0.00000000   0.00000000  -0.00000000   0.00000000  -0.00000000   0.00000000  -0.00000000   0.00000000  -0.00000000   0.00000000  -0.00000000   0.00000000  -0.00000000   0.00000000  -0.00000000   0.00000000  -0.00000000 
-24.48610000   0.00000000  -0.00000000   0.00000000  -0.00000000   0.00000000  -0.00000000   0.00000000  -0.00000000   0.00000000  -0.00000000   0.00000000  -0.00000000   0.00000000  -0.00000000   0.00000000  -0.00000000   0.00000000  -0.00000000 
-24.37110000   0.00000000  -0.00000000   0.00000000  -0.00000000   0.00000000  -0.00000000   0.00000000  -0.00000000   0.00000000  -0.00000000   0.00000000  -0.00000000   0.00000000  -0.00000000   0.00000000  -0.00000000   0.00000000  -0.00000000 
-24.25510000   0.00000000  -0.00000000   0.00000000  -0.00000000   0.00000000  -0.00000000   0.00000000  -0.00000000   0.00000000  -0.00000000   0.00000000  -0.00000000   0.00000000  -0.00000000   0.00000000  -0.00000000   0.00000000  -0.00000000 
-24.13910000   0.00000000  -0.00000000   0.00000000  -0.00000000   0.00000000  -0.00000000   0.00000000  -0.00000000   0.00000000  -0.00000000   0.00000000  -0.00000000   0.00000000  -0.00000000   0.00000000  -0.00000000   0.00000000  -0.00000000 
-24.02310000   0.00000000  -0.00000000   0.00000000  -0.00000000   0.00000000  -0.00000000   0.00000000  -0.00000000   0.00000000  -0.00000000   0.00000000  -0.00000000   0.00000000  -0.00000000   0.00000000  -0.00000000   0.00000000  -0.00000000 
-23.90810000   0.00000000  -0.00000000   0.00000000  -0.00000000   0.00000000  -0.00000000   0.00000000  -0.00000000   0.00000000  -0.00000000   0.00000000  -0.00000000   0.00000000  -0.00000000   0.00000000  -0.00000000   0.00000000  -0.00000000 
-23.79210000   0.00000000  -0.00000000   0.00000000  -0.00000000   0.00000000  -0.00000000   0.00000000  -0.00000000   0.00000000  -0.00000000   0.00000000  -0.00000000   0.00000000  -0.00000000   0.00000000  -0.00000000   0.00000000  -0.00000000 
-23.67610000   0.00000000  -0.00000000   0.00000000  -0.00000000   0.00000000  -0.00000000   0.00000000  -0.00000000   0.00000000  -0.00000000   0.00000000  -0.00000000   0.00000000  -0.00000000   0.00000000  -0.00000000   0.00000000  -0.00000000 
-23.56010000   0.00000000  -0.00000000   0.00000000  -0.00000000   0.00000000  -0.00000000   0.00000000  -0.00000000   0.00000000  -0.00000000   0.00000000  -0.00000000   0.00000000  -0.00000000   0.00000000  -0.00000000   0.00000000  -0.00000000 
-23.44410000   0.00000000  -0.00000000   0.00000000  -0.00000000   0.00000000  -0.00000000   0.00000000  -0.00000000   0.00000000  -0.00000000   0.00000000  -0.00000000   0.00000000  -0.00000000   0.00000000  -0.00000000   0.00000000  -0.00000000 
-23.32910000   0.00000000  -0.00000000   0.00000000  -0.00000000   0.00000000  -0.00000000   0.00000000  -0.00000000   0.00000000  -0.00000000   0.00000000  -0.00000000   0.00000000  -0.00000000   0.00000000  -0.00000000   0.00000000  -0.00000000 
-23.21310000   0.00000000  -0.00000000   0.00000000  -0.00000000   0.00000000  -0.00000000   0.00000000  -0.00000000   0.00000000  -0.00000000   0.00000000  -0.00000000   0.00000000  -0.00000000   0.00000000  -0.00000000   0.00000000  -0.00000000 
-23.09710000   0.00000000  -0.00000000   0.00000000  -0.00000000   0.00000000  -0.00000000   0.00000000  -0.00000000   0.00000000  -0.00000000   0.00000000  -0.00000000   0.00000000  -0.00000000   0.00000000  -0.00000000   0.00000000  -0.00000000 
-22.98110000   0.00000000  -0.00000000   0.00000000  -0.00000000   0.00000000  -0.00000000   0.00000000  -0.00000000   0.00000000  -0.00000000   0.00000000  -0.00000000   0.00000000  -0.00000000   0.00000000  -0.00000000   0.00000000  -0.00000000 
-22.86610000   0.00000000  -0.00000000   0.00000000  -0.00000000   0.00000000  -0.00000000   0.00000000  -0.00000000   0.00000000  -0.00000000   0.00000000  -0.00000000   0.00000000  -0.00000000   0.00000000  -0.00000000   0.00000000  -0.00000000 
-22.75010000   0.00000000  -0.00000000   0.00000000  -0.00000000   0.00000000  -0.00000000   0.00000000  -0.00000000   0.00000000  -0.00000000   0.00000000  -0.00000000   0.00000000  -0.00000000   0.00000000  -0.00000000   0.00000000  -0.00000000 
-22.63410000   0.00000000  -0.00000000   0.00000000  -0.00000000   0.00000000  -0.00000000   0.00000000  -0.00000000   0.00000000  -0.00000000   0.00000000  -0.00000000   0.00000000  -0.00000000   0.00000000  -0.00000000   0.00000000  -0.00000000 
-22.51810000   0.00000000  -0.00000000   0.00000000  -0.00000000   0.00000000  -0.00000000   0.00000000  -0.00000000   0.00000000  -0.00000000   0.00000000  -0.00000000   0.00000000  -0.00000000   0.00000000  -0.00000000   0.00000000  -0.00000000 
-22.40310000   0.00000000  -0.00000000   0.00000000  -0.00000000   0.00000000  -0.00000000   0.00000000  -0.00000000   0.00000000  -0.00000000   0.00000000  -0.00000000   0.00000000  -0.00000000   0.00000000  -0.00000000   0.00000000  -0.00000000 
-22.28710000   0.00000000  -0.00000000   0.00000000  -0.00000000   0.00000000  -0.00000000   0.00000000  -0.00000000   0.00000000  -0.00000000   0.00000000  -0.00000000   0.00000000  -0.00000000   0.00000000  -0.00000000   0.00000000  -0.00000000 
-22.17110000   0.00000000  -0.00000000   0.00000000  -0.00000000   0.00000000  -0.00000000   0.00000000  -0.00000000   0.00000000  -0.00000000   0.00000000  -0.00000000   0.00000000  -0.00000000   0.00000000  -0.00000000   0.00000000  -0.00000000 
-22.05510000   0.00000000  -0.00000000   0.00000000  -0.00000000   0.00000000  -0.00000000   0.00000000  -0.00000000   0.00000000  -0.00000000   0.00000000  -0.00000000   0.00000000  -0.00000000   0.00000000  -0.00000000   0.00000000  -0.00000000 
-21.94010000   0.00000000  -0.00000000   0.00000000  -0.00000000   0.00000000  -0.00000000   0.00000000  -0.00000000   0.00000000  -0.00000000   0.00000000  -0.00000000   0.00000000  -0.00000000   0.00000000  -0.00000000   0.00000000  -0.00000000 
-21.82410000   0.00000000  -0.00000000   0.00000000  -0.00000000   0.00000000  -0.00000000   0.00000000  -0.00000000   0.00000000  -0.00000000   0.00000000  -0.00000000   0.00000000  -0.00000000   0.00000000  -0.00000000   0.00000000  -0.00000000 
-21.70810000   0.00000000  -0.00000000   0.00000000  -0.00000000   0.00000000  -0.00000000   0.00000000  -0.00000000   0.00000000  -0.00000000   0.00000000  -0.00000000   0.00000000  -0.00000000   0.00000000  -0.00000000   0.00000000  -0.00000000 
-21.59210000   0.00000000  -0.00000000   0.00000000  -0.00000000   0.00000000  -0.00000000   0.00000000  -0.00000000   0.00000000  -0.00000000   0.00000000  -0.00000000   0.00000000  -0.00000000   0.00000000  -0.00000000   0.00000000  -0.00000000 
-21.47710000   0.00000000  -0.00000000   0.00000000  -0.00000000   0.00000000  -0.00000000   0.00000000  -0.00000000   0.00000000  -0.00000000   0.00000000  -0.00000000   0.00000000  -0.00000000   0.00000000  -0.00000000   0.00000000  -0.00000000 
-21.36110000   0.00000000  -0.00000000   0.00000000  -0.00000000   0.00000000  -0.00000000   0.00000000  -0.00000000   0.00000000  -0.00000000   0.00000000  -0.00000000   0.00000000  -0.00000000   0.00000000  -0.00000000   0.00000000  -0.00000000 
-21.24510000   0.00000000  -0.00000000   0.00000000  -0.00000000   0.00000000  -0.00000000   0.00000000  -0.00000000   0.00000000  -0.00000000   0.00000000  -0.00000000   0.00000000  -0.00000000   0.00000000  -0.00000000   0.00000000  -0.00000000 
-21.12910000   0.00000000  -0.00000000   0.00000000  -0.00000000   0.00000000  -0.00000000   0.00000000  -0.00000000   0.00000000  -0.00000000   0.00000000  -0.00000000   0.00000000  -0.00000000   0.00000000  -0.00000000   0.00000000  -0.00000000 
-21.01410000   0.00000000  -0.00000000   0.00000000  -0.00000000   0.00000000  -0.00000000   0.00000000  -0.00000000   0.00000000  -0.00000000   0.00000000  -0.00000000   0.00000000  -0.00000000   0.00000000  -0.00000000   0.00000000  -0.00000000 
-20.89810000   0.00000000  -0.00000000   0.00000000  -0.00000000   0.00000000  -0.00000000   0.00000000  -0.00000000   0.00000000  -0.00000000   0.00000000  -0.00000000   0.00000000  -0.00000000   0.00000000  -0.00000000   0.00000000  -0.00000000 
-20.78210000   0.00000000  -0.00000000   0.00000000  -0.00000000   0.00000000  -0.00000000   0.00000000  -0.00000000   0.00000000  -0.00000000   0.00000000  -0.00000000   0.00000000  -0.00000000   0.00000000  -0.00000000   0.00000000  -0.00000000 
-20.66610000   0.00000000  -0.00000000   0.00000000  -0.00000000   0.00000000  -0.00000000   0.00000000  -0.00000000   0.00000000  -0.00000000   0.00000000  -0.00000000   0.00000000  -0.00000000   0.00000000  -0.00000000   0.00000000  -0.00000000 
-20.55110000   0.00000000  -0.00000000   0.00000000  -0.00000000   0.00000000  -0.00000000   0.00000000  -0.00000000   0.00000000  -0.00000000   0.00000000  -0.00000000   0.00000000  -0.00000000   0.00000000  -0.00000000   0.00000000  -0.00000000 
-20.43510000   0.00000000  -0.00000000   0.00000000  -0.00000000   0.00000000  -0.00000000   0.00000000  -0.00000000   0.00000000  -0.00000000   0.00000000  -0.00000000   0.00000000  -0.00000000   0.00000000  -0.00000000   0.00000000  -0.00000000 
-20.31910000   0.00000000  -0.00000000   0.00000000  -0.00000000   0.00000000  -0.00000000   0.00000000  -0.00000000   0.00000000  -0.00000000   0.00000000  -0.00000000   0.00000000  -0.00000000   0.00000000  -0.00000000   0.00000000  -0.00000000 
-20.20310000   0.00000000  -0.00000000   0.00000000  -0.00000000   0.00000000  -0.00000000   0.00000000  -0.00000000   0.00000000  -0.00000000   0.00000000  -0.00000000   0.00000000  -0.00000000   0.00000000  -0.00000000   0.00000000  -0.00000000 
-20.08810000   0.00000000  -0.00000000   0.00000000  -0.00000000   0.00000000  -0.00000000   0.00000000  -0.00000000   0.00000000  -0.00000000   0.00000000  -0.00000000   0.00000000  -0.00000000   0.00000000  -0.00000000   0.00000000  -0.00000000 
-19.97210000   0.00000000  -0.00000000   0.00000000  -0.00000000   0.00000000  -0.00000000   0.00000000  -0.00000000   0.00000000  -0.00000000   0.00000000  -0.00000000   0.00000000  -0.00000000   0.00000000  -0.00000000   0.00000000  -0.00000000 
-19.85610000   0.00000000  -0.00000000   0.00000000  -0.00000000   0.00000000  -0.00000000   0.00000000  -0.00000000   0.00000000  -0.00000000   0.00000000  -0.00000000   0.00000000  -0.00000000   0.00000000  -0.00000000   0.00000000  -0.00000000 
-19.74010000   0.00000000  -0.00000000   0.00000000  -0.00000000   0.00000000  -0.00000000   0.00000000  -0.00000000   0.00000000  -0.00000000   0.00000000  -0.00000000   0.00000000  -0.00000000   0.00000000  -0.00000000   0.00000000  -0.00000000 
-19.62510000   0.00000000  -0.00000000   0.00000000  -0.00000000   0.00000000  -0.00000000   0.00000000  -0.00000000   0.00000000  -0.00000000   0.00000000  -0.00000000   0.00000000  -0.00000000   0.00000000  -0.00000000   0.00000000  -0.00000000 
-19.50910000   0.00000000  -0.00000000   0.00000000  -0.00000000   0.00000000  -0.00000000   0.00000000  -0.00000000   0.00000000  -0.00000000   0.00000000  -0.00000000   0.00000000  -0.00000000   0.00000000  -0.00000000   0.00000000  -0.00000000 
-19.39310000   0.00000000  -0.00000000   0.00000000  -0.00000000   0.00000000  -0.00000000   0.00000000  -0.00000000   0.00000000  -0.00000000   0.00000000  -0.00000000   0.00000000  -0.00000000   0.00000000  -0.00000000   0.00000000  -0.00000000 
-19.27710000   0.00000000  -0.00000000   0.00000000  -0.00000000   0.00000000  -0.00000000   0.00000000  -0.00000000   0.00000000  -0.00000000   0.00000000  -0.00000000   0.00000000  -0.00000000   0.00000000  -0.00000000   0.00000000  -0.00000000 
-19.16110000   0.00000000  -0.00000000   0.00000000  -0.00000000   0.00000000  -0.00000000   0.00000000  -0.00000000   0.00000000  -0.00000000   0.00000000  -0.00000000   0.00000000  -0.00000000   0.00000000  -0.00000000   0.00000000  -0.00000000 
-19.04610000   0.00000000  -0.00000000   0.00000000  -0.00000000   0.00000000  -0.00000000   0.00000000  -0.00000000   0.00000000  -0.00000000   0.00000000  -0.00000000   0.00000000  -0.00000000   0.00000000  -0.00000000   0.00000000  -0.00000000 
-18.93010000   0.00000000  -0.00000000   0.00000000  -0.00000000   0.00000000  -0.00000000   0.00000000  -0.00000000   0.00000000  -0.00000000   0.00000000  -0.00000000   0.00000000  -0.00000000   0.00000000  -0.00000000   0.00000000  -0.00000000 
-18.81410000   0.00000000  -0.00000000   0.00000000  -0.00000000   0.00000000  -0.00000000   0.00000000  -0.00000000   0.00000000  -0.00000000   0.00000000  -0.00000000   0.00000000  -0.00000000   0.00000000  -0.00000000   0.00000000  -0.00000000 
-18.69810000   0.00000000  -0.00000000   0.00000000  -0.00000000   0.00000000  -0.00000000   0.00000000  -0.00000000   0.00000000  -0.00000000   0.00000000  -0.00000000   0.00000000  -0.00000000   0.00000000  -0.00000000   0.00000000  -0.00000000 
-18.58310000   0.00000000  -0.00000000   0.00000000  -0.00000000   0.00000000  -0.00000000   0.00000000  -0.00000000   0.00000000  -0.00000000   0.00000000  -0.00000000   0.00000000  -0.00000000   0.00000000  -0.00000000   0.00000000  -0.00000000 
-18.46710000   0.00000000  -0.00000000   0.00000000  -0.00000000   0.00000000  -0.00000000   0.00000000  -0.00000000   0.00000000  -0.00000000   0.00000000  -0.00000000   0.00000000  -0.00000000   0.00000000  -0.00000000   0.00000000  -0.00000000 
-18.35110000   0.00000000  -0.00000000   0.00000000  -0.00000000   0.00000000  -0.00000000   0.00000000  -0.00000000   0.00000000  -0.00000000   0.00000000  -0.00000000   0.00000000  -0.00000000   0.00000000  -0.00000000   0.00000000  -0.00000000 
-18.23510000   0.00000000  -0.00000000   0.00000000  -0.00000000   0.00000000  -0.00000000   0.00000000  -0.00000000   0.00000000  -0.00000000   0.00000000  -0.00000000   0.00000000  -0.00000000   0.00000000  -0.00000000   0.00000000  -0.00000000 
-18.12010000   0.00000000  -0.00000000   0.00000000  -0.00000000   0.00000000  -0.00000000   0.00000000  -0.00000000   0.00000000  -0.00000000   0.00000000  -0.00000000   0.00000000  -0.00000000   0.00000000  -0.00000000   0.00000000  -0.00000000 
-18.00410000   0.00000000  -0.00000000   0.00000000  -0.00000000   0.00000000  -0.00000000   0.00000000  -0.00000000   0.00000000  -0.00000000   0.00000000  -0.00000000   0.00000000  -0.00000000   0.00000000  -0.00000000   0.00000000  -0.00000000 
-17.88810000   0.00000000  -0.00000000   0.00000000  -0.00000000   0.00000000  -0.00000000   0.00000000  -0.00000000   0.00000000  -0.00000000   0.00000000  -0.00000000   0.00000000  -0.00000000   0.00000000  -0.00000000   0.00000000  -0.00000000 
-17.77210000   0.00000000  -0.00000000   0.00000000  -0.00000000   0.00000000  -0.00000000   0.00000000  -0.00000000   0.00000000  -0.00000000   0.00000000  -0.00000000   0.00000000  -0.00000000   0.00000000  -0.00000000   0.00000000  -0.00000000 
-17.65710000   0.00000000  -0.00000000   0.00000000  -0.00000000   0.00000000  -0.00000000   0.00000000  -0.00000000   0.00000000  -0.00000000   0.00000000  -0.00000000   0.00000000  -0.00000000   0.00000000  -0.00000000   0.00000000  -0.00000000 
-17.54110000   0.00000000  -0.00000000   0.00000000  -0.00000000   0.00000000  -0.00000000   0.00000000  -0.00000000   0.00000000  -0.00000000   0.00000000  -0.00000000   0.00000000  -0.00000000   0.00000000  -0.00000000   0.00000000  -0.00000000 
-17.42510000   0.00000000  -0.00000000   0.00000000  -0.00000000   0.00000000  -0.00000000   0.00000000  -0.00000000   0.00000000  -0.00000000   0.00000000  -0.00000000   0.00000000  -0.00000000   0.00000000  -0.00000000   0.00000000  -0.00000000 
-17.30910000   0.00000000  -0.00000000   0.00000000  -0.00000000   0.00000000  -0.00000000   0.00000000  -0.00000000   0.00000000  -0.00000000   0.00000000  -0.00000000   0.00000000  -0.00000000   0.00000000  -0.00000000   0.00000000  -0.00000000 
-17.19410000   0.00000000  -0.00000000   0.00000000  -0.00000000   0.00000000  -0.00000000   0.00000000  -0.00000000   0.00000000  -0.00000000   0.00000000  -0.00000000   0.00000000  -0.00000000   0.00000000  -0.00000000   0.00000000  -0.00000000 
-17.07810000   0.00000000  -0.00000000   0.00000000  -0.00000000   0.00000000  -0.00000000   0.00000000  -0.00000000   0.00000000  -0.00000000   0.00000000  -0.00000000   0.00000000  -0.00000000   0.00000000  -0.00000000   0.00000000  -0.00000000 
-16.96210000   0.00000000  -0.00000000   0.00000000  -0.00000000   0.00000000  -0.00000000   0.00000000  -0.00000000   0.00000000  -0.00000000   0.00000000  -0.00000000   0.00000000  -0.00000000   0.00000000  -0.00000000   0.00000000  -0.00000000 
-16.84610000   0.00000000  -0.00000000   0.00000000  -0.00000000   0.00000000  -0.00000000   0.00000000  -0.00000000   0.00000000  -0.00000000   0.00000000  -0.00000000   0.00000000  -0.00000000   0.00000000  -0.00000000   0.00000000  -0.00000000 
-16.73110000   0.00000000  -0.00000000   0.00000000  -0.00000000   0.00000000  -0.00000000   0.00000000  -0.00000000   0.00000000  -0.00000000   0.00000000  -0.00000000   0.00000000  -0.00000000   0.00000000  -0.00000000   0.00000000  -0.00000000 
-16.61510000   0.00000000  -0.00000000   0.00000000  -0.00000000   0.00000000  -0.00000000   0.00000000  -0.00000000   0.00000000  -0.00000000   0.00000000  -0.00000000   0.00000000  -0.00000000   0.00000000  -0.00000000   0.00000000  -0.00000000 
-16.49910000   0.00000001  -0.00000001   0.00000000  -0.00000000   0.00000000  -0.00000000   0.00000000  -0.00000000   0.00000000  -0.00000000   0.00000000  -0.00000000   0.00000000  -0.00000000   0.00000000  -0.00000000   0.00000000  -0.00000000 
-16.38310000   0.00000007  -0.00000007   0.00000000  -0.00000000   0.00000000  -0.00000000   0.00000000  -0.00000000   0.00000000  -0.00000000   0.00000000  -0.00000000   0.00000000  -0.00000000   0.00000000  -0.00000000   0.00000000  -0.00000000 
-16.26810000   0.00000054  -0.00000054   0.00000000  -0.00000000   0.00000002  -0.00000002   0.00000000  -0.00000000   0.00000000  -0.00000000   0.00000000  -0.00000000   0.00000001  -0.00000001   0.00000000  -0.00000000   0.00000000  -0.00000000 
-16.15210000   0.00000599  -0.00000599   0.00000003  -0.00000003   0.00000010  -0.00000010   0.00000002  -0.00000002   0.00000001  -0.00000001   0.00000001  -0.00000001   0.00000004  -0.00000004   0.00000000  -0.00000000   0.00000001  -0.00000001 
-16.03610000   0.00005905  -0.00005905   0.00000034  -0.00000034   0.00000060  -0.00000060   0.00000032  -0.00000032   0.00000012  -0.00000012   0.00000002  -0.00000002   0.00000031  -0.00000031   0.00000001  -0.00000001   0.00000013  -0.00000013 
-15.92010000   0.00039040  -0.00039040   0.00000275  -0.00000275   0.00000324  -0.00000324   0.00000270  -0.00000270   0.00000105  -0.00000105   0.00000009  -0.00000009   0.00000196  -0.00000196   0.00000008  -0.00000008   0.00000106  -0.00000106 
-15.80510000   0.00175400  -0.00175400   0.00001512  -0.00001512   0.00001101  -0.00001101   0.00001501  -0.00001501   0.00000590  -0.00000590   0.00000040  -0.00000040   0.00000835  -0.00000835   0.00000038  -0.00000038   0.00000588  -0.00000588 
-15.68910000   0.00567500  -0.00567500   0.00006115  -0.00006115   0.00002327  -0.00002327   0.00006115  -0.00006115   0.00002448  -0.00002448   0.00000125  -0.00000125   0.00002557  -0.00002557   0.00000119  -0.00000119   0.00002424  -0.00002424 
-15.57310000   0.01326000  -0.01326000   0.00018650  -0.00018650   0.00003428  -0.00003427   0.00018740  -0.00018740   0.00007681  -0.00007681   0.00000301  -0.00000301   0.00005889  -0.00005889   0.00000289  -0.00000289   0.00007571  -0.00007571 
-15.45710000   0.02214000  -0.02214000   0.00043540  -0.00043540   0.00004035  -0.00004035   0.00043670  -0.00043670   0.00018500  -0.00018500   0.00000549  -0.00000549   0.00010310  -0.00010310   0.00000539  -0.00000539   0.00018230  -0.00018230 
-15.34210000   0.02826000  -0.02826000   0.00081860  -0.00081860   0.00004016  -0.00004016   0.00081890  -0.00081890   0.00036070  -0.00036070   0.00000802  -0.00000802   0.00014610  -0.00014610   0.00000798  -0.00000798   0.00035570  -0.00035570 
-15.22610000   0.03050000  -0.03050000   0.00125700  -0.00125700   0.00003926  -0.00003926   0.00125600  -0.00125600   0.00057670  -0.00057670   0.00001187  -0.00001187   0.00017990  -0.00017990   0.00001197  -0.00001197   0.00056960  -0.00056960 
-15.11010000   0.02924000  -0.02924000   0.00168800  -0.00168800   0.00004442  -0.00004442   0.00168000  -0.00168000   0.00081730  -0.00081730   0.00001741  -0.00001741   0.00020200  -0.00020200   0.00001796  -0.00001796   0.00081090  -0.00081090 
-14.99410000   0.02862000  -0.02862000   0.00231400  -0.00231400   0.00005211  -0.00005211   0.00229900  -0.00229900   0.00119000  -0.00119000   0.00002052  -0.00002052   0.00023550  -0.00023550   0.00002207  -0.00002207   0.00118100  -0.00118100 
-14.87810000   0.02979000  -0.02979000   0.00299800  -0.00299800   0.00011350  -0.00011350   0.00298900  -0.00298900   0.00161800  -0.00161800   0.00002523  -0.00002523   0.00027540  -0.00027540   0.00002791  -0.00002791   0.00160100  -0.00160100 
-14.76310000   0.02761000  -0.02761000   0.00334200  -0.00334200   0.00047940  -0.00047940   0.00332600  -0.00332600   0.00189800  -0.00189800   0.00005615  -0.00005615   0.00028270  -0.00028270   0.00005824  -0.00005824   0.00188200  -0.00188200 
-14.64710000   0.02485000  -0.02485000   0.00391800  -0.00391800   0.00163300  -0.00163300   0.00387400  -0.00387400   0.00238300  -0.00238300   0.00017010  -0.00017010   0.00029460  -0.00029460   0.00016570  -0.00016570   0.00236900  -0.00236900 
-14.53110000   0.02669000  -0.02669000   0.00522500  -0.00522500   0.00409100  -0.00409100   0.00518100  -0.00518100   0.00336600  -0.00336600   0.00049600  -0.00049600   0.00035430  -0.00035430   0.00047780  -0.00047780   0.00333700  -0.00333700 
-14.41510000   0.02775000  -0.02775000   0.00618000  -0.00618000   0.00869300  -0.00869300   0.00617500  -0.00617500   0.00417300  -0.00417300   0.00129700  -0.00129700   0.00038910  -0.00038910   0.00126600  -0.00126600   0.00411800  -0.00411800 
-14.30010000   0.02422000  -0.02422000   0.00658500  -0.00658500   0.01584000  -0.01584000   0.00656100  -0.00656100   0.00471600  -0.00471600   0.00300000  -0.00300000   0.00036600  -0.00036600   0.00295800  -0.00295800   0.00466000  -0.00466000 
-14.18410000   0.02254000  -0.02254000   0.00823900  -0.00823900   0.02270000  -0.02270000   0.00810500  -0.00810500   0.00624700  -0.00624700   0.00604200  -0.00604200   0.00038130  -0.00038130   0.00596200  -0.00596200   0.00622800  -0.00622800 
-14.06810000   0.02426000  -0.02426000   0.01112000  -0.01112000   0.02576000  -0.02576000   0.01093000  -0.01093000   0.00884600  -0.00884600   0.01068000  -0.01068000   0.00044040  -0.00044040   0.01048000  -0.01048000   0.00883800  -0.00883800 
-13.95210000   0.02393000  -0.02393000   0.01389000  -0.01389000   0.02540000  -0.02540000   0.01370000  -0.01370000   0.01170000  -0.01170000   0.01716000  -0.01716000   0.00044800  -0.00044800   0.01674000  -0.01674000   0.01165000  -0.01165000 
-13.83710000   0.02184000  -0.02184000   0.01783000  -0.01783000   0.02368000  -0.02368000   0.01761000  -0.01761000   0.01588000  -0.01588000   0.02656000  -0.02656000   0.00042040  -0.00042040   0.02583000  -0.02583000   0.01574000  -0.01574000 
-13.72110000   0.01977000  -0.01977000   0.02201000  -0.02201000   0.02147000  -0.02147000   0.02198000  -0.02198000   0.02039000  -0.02039000   0.04093000  -0.04093000   0.00038790  -0.00038790   0.03983000  -0.03983000   0.01993000  -0.01993000 
-13.60510000   0.01477000  -0.01477000   0.02164000  -0.02164000   0.01845000  -0.01845000   0.02196000  -0.02196000   0.02059000  -0.02059000   0.05936000  -0.05936000   0.00029090  -0.00029090   0.05846000  -0.05846000   0.01979000  -0.01979000 
-13.48910000   0.00782300  -0.00782300   0.01596000  -0.01596000   0.01385000  -0.01385000   0.01633000  -0.01633000   0.01538000  -0.01538000   0.07032000  -0.07032000   0.00015480  -0.00015480   0.07088000  -0.07088000   0.01463000  -0.01463000 
-13.37410000   0.00286400  -0.00286400   0.00843100  -0.00843100   0.00803200  -0.00803200   0.00863300  -0.00863300   0.00813500  -0.00813500   0.05977000  -0.05977000   0.00005776  -0.00005776   0.06163000  -0.06163000   0.00772900  -0.00772900 
-13.25810000   0.00071200  -0.00071200   0.00291600  -0.00291600   0.00323000  -0.00323000   0.00298200  -0.00298200   0.00280900  -0.00280900   0.03358000  -0.03358000   0.00001478  -0.00001478   0.03512000  -0.03512000   0.00267200  -0.00267200 
-13.14210000   0.00011330  -0.00011330   0.00061170  -0.00061170   0.00083660  -0.00083660   0.00062460  -0.00062460   0.00058820  -0.00058820   0.01181000  -0.01181000   0.00000242  -0.00000242   0.01241000  -0.01241000   0.00056040  -0.00056040 
-13.02610000   0.00001085  -0.00001085   0.00007473  -0.00007473   0.00013310  -0.00013310   0.00007620  -0.00007620   0.00007180  -0.00007180   0.00249400  -0.00249400   0.00000024  -0.00000024   0.00261600  -0.00261600   0.00006850  -0.00006850 
-12.91110000   0.00000060  -0.00000060   0.00000524  -0.00000524   0.00001262  -0.00001262   0.00000536  -0.00000536   0.00000506  -0.00000506   0.00030440  -0.00030440   0.00000001  -0.00000001   0.00031800  -0.00031800   0.00000481  -0.00000481 
-12.79510000   0.00000002  -0.00000002   0.00000021  -0.00000021   0.00000069  -0.00000069   0.00000023  -0.00000023   0.00000022  -0.00000022   0.00002085  -0.00002085   0.00000000  -0.00000000   0.00002174  -0.00002174   0.00000019  -0.00000019 
-12.67910000   0.00000000  -0.00000000   0.00000001  -0.00000001   0.00000002  -0.00000002   0.00000001  -0.00000001   0.00000001  -0.00000001   0.00000078  -0.00000078   0.00000000  -0.00000000   0.00000083  -0.00000083   0.00000000  -0.00000000 
-12.56310000   0.00000000  -0.00000000   0.00000000  -0.00000000   0.00000000  -0.00000000   0.00000000  -0.00000000   0.00000000  -0.00000000   0.00000002  -0.00000002   0.00000000  -0.00000000   0.00000002  -0.00000002   0.00000000  -0.00000000 
-12.44810000   0.00000000  -0.00000000   0.00000000  -0.00000000   0.00000000  -0.00000000   0.00000000  -0.00000000   0.00000000  -0.00000000   0.00000000  -0.00000000   0.00000000  -0.00000000   0.00000000  -0.00000000   0.00000000  -0.00000000 
-12.33210000   0.00000000  -0.00000000   0.00000000  -0.00000000   0.00000000  -0.00000000   0.00000000  -0.00000000   0.00000000  -0.00000000   0.00000000  -0.00000000   0.00000000  -0.00000000   0.00000000  -0.00000000   0.00000000  -0.00000000 
-12.21610000   0.00000000  -0.00000000   0.00000000  -0.00000000   0.00000000  -0.00000000   0.00000000  -0.00000000   0.00000000  -0.00000000   0.00000000  -0.00000000   0.00000000  -0.00000000   0.00000000  -0.00000000   0.00000000  -0.00000000 
-12.10010000   0.00000000  -0.00000000   0.00000000  -0.00000000   0.00000000  -0.00000000   0.00000000  -0.00000000   0.00000000  -0.00000000   0.00000000  -0.00000000   0.00000000  -0.00000000   0.00000000  -0.00000000   0.00000000  -0.00000000 
-11.98510000   0.00000000  -0.00000000   0.00000000  -0.00000000   0.00000000  -0.00000000   0.00000000  -0.00000000   0.00000000  -0.00000000   0.00000000  -0.00000000   0.00000000  -0.00000000   0.00000000  -0.00000000   0.00000000  -0.00000000 
-11.86910000   0.00000000  -0.00000000   0.00000000  -0.00000000   0.00000000  -0.00000000   0.00000000  -0.00000000   0.00000000  -0.00000000   0.00000000  -0.00000000   0.00000000  -0.00000000   0.00000000  -0.00000000   0.00000000  -0.00000000 
-11.75310000   0.00000000  -0.00000000   0.00000000  -0.00000000   0.00000000  -0.00000000   0.00000000  -0.00000000   0.00000000  -0.00000000   0.00000000  -0.00000000   0.00000000  -0.00000000   0.00000000  -0.00000000   0.00000000  -0.00000000 
-11.63710000   0.00000000  -0.00000000   0.00000000  -0.00000000   0.00000000  -0.00000000   0.00000000  -0.00000000   0.00000000  -0.00000000   0.00000000  -0.00000000   0.00000000  -0.00000000   0.00000000  -0.00000000   0.00000000  -0.00000000 
-11.52210000   0.00000001  -0.00000001   0.00000000  -0.00000000   0.00000000  -0.00000000   0.00000000  -0.00000000   0.00000000  -0.00000000   0.00000000  -0.00000000   0.00000000  -0.00000000   0.00000000  -0.00000000   0.00000000  -0.00000000 
-11.40610000   0.00000000  -0.00000000   0.00000000  -0.00000000   0.00000000  -0.00000000   0.00000000  -0.00000000   0.00000000  -0.00000000   0.00000000  -0.00000000   0.00000000  -0.00000000   0.00000000  -0.00000000   0.00000000  -0.00000000 
-11.29010000   0.00000000  -0.00000000   0.00000000  -0.00000000   0.00000000  -0.00000000   0.00000000  -0.00000000   0.00000000  -0.00000000   0.00000000  -0.00000000   0.00000000  -0.00000000   0.00000000  -0.00000000   0.00000000  -0.00000000 
-11.17410000   0.00000000  -0.00000000   0.00000000  -0.00000000   0.00000000  -0.00000000   0.00000000  -0.00000000   0.00000000  -0.00000000   0.00000000  -0.00000000   0.00000000  -0.00000000   0.00000000  -0.00000000   0.00000000  -0.00000000 
-11.05910000   0.00000000  -0.00000000   0.00000000  -0.00000000   0.00000000  -0.00000000   0.00000000  -0.00000000   0.00000000  -0.00000000   0.00000000  -0.00000000   0.00000000  -0.00000000   0.00000000  -0.00000000   0.00000000  -0.00000000 
-10.94310000   0.00000000  -0.00000000   0.00000000  -0.00000000   0.00000000  -0.00000000   0.00000000  -0.00000000   0.00000000  -0.00000000   0.00000000  -0.00000000   0.00000000  -0.00000000   0.00000000  -0.00000000   0.00000000  -0.00000000 
-10.82710000   0.00000000  -0.00000000   0.00000000  -0.00000000   0.00000000  -0.00000000   0.00000000  -0.00000000   0.00000000  -0.00000000   0.00000000  -0.00000000   0.00000000  -0.00000000   0.00000000  -0.00000000   0.00000000  -0.00000000 
-10.71110000   0.00000000  -0.00000000   0.00000000  -0.00000000   0.00000000  -0.00000000   0.00000000  -0.00000000   0.00000000  -0.00000000   0.00000000  -0.00000000   0.00000000  -0.00000000   0.00000000  -0.00000000   0.00000000  -0.00000000 
-10.59510000   0.00000000  -0.00000000   0.00000000  -0.00000000   0.00000000  -0.00000000   0.00000000  -0.00000000   0.00000000  -0.00000000   0.00000000  -0.00000000   0.00000000  -0.00000000   0.00000000  -0.00000000   0.00000000  -0.00000000 
-10.48010000   0.00000000  -0.00000000   0.00000000  -0.00000000   0.00000000  -0.00000000   0.00000000  -0.00000000   0.00000000  -0.00000000   0.00000000  -0.00000000   0.00000000  -0.00000000   0.00000000  -0.00000000   0.00000000  -0.00000000 
-10.36410000   0.00000000  -0.00000000   0.00000000  -0.00000000   0.00000000  -0.00000000   0.00000000  -0.00000000   0.00000000  -0.00000000   0.00000000  -0.00000000   0.00000000  -0.00000000   0.00000000  -0.00000000   0.00000000  -0.00000000 
-10.24810000   0.00000000  -0.00000000   0.00000000  -0.00000000   0.00000000  -0.00000000   0.00000000  -0.00000000   0.00000000  -0.00000000   0.00000000  -0.00000000   0.00000000  -0.00000000   0.00000000  -0.00000000   0.00000000  -0.00000000 
-10.13210000   0.00000002  -0.00000002   0.00000000  -0.00000000   0.00000001  -0.00000001   0.00000000  -0.00000000   0.00000000  -0.00000000   0.00000000  -0.00000000   0.00000000  -0.00000000   0.00000000  -0.00000000   0.00000000  -0.00000000 
-10.01710000   0.00000006  -0.00000006   0.00000000  -0.00000000   0.00000002  -0.00000002   0.00000000  -0.00000000   0.00000000  -0.00000000   0.00000000  -0.00000000   0.00000001  -0.00000001   0.00000000  -0.00000000   0.00000000  -0.00000000 
 -9.90110000   0.00000012  -0.00000012   0.00000000  -0.00000000   0.00000003  -0.00000003   0.00000000  -0.00000000   0.00000000  -0.00000000   0.00000000  -0.00000000   0.00000002  -0.00000002   0.00000000  -0.00000000   0.00000000  -0.00000000 
 -9.78510000   0.00000011  -0.00000011   0.00000000  -0.00000000   0.00000003  -0.00000003   0.00000000  -0.00000000   0.00000000  -0.00000000   0.00000000  -0.00000000   0.00000002  -0.00000002   0.00000000  -0.00000000   0.00000000  -0.00000000 
 -9.66910000   0.00000006  -0.00000006   0.00000000  -0.00000000   0.00000002  -0.00000002   0.00000000  -0.00000000   0.00000000  -0.00000000   0.00000000  -0.00000000   0.00000001  -0.00000001   0.00000000  -0.00000000   0.00000000  -0.00000000 
 -9.55410000   0.00000002  -0.00000002   0.00000000  -0.00000000   0.00000000  -0.00000000   0.00000000  -0.00000000   0.00000000  -0.00000000   0.00000000  -0.00000000   0.00000000  -0.00000000   0.00000000  -0.00000000   0.00000000  -0.00000000 
 -9.43810000   0.00000000  -0.00000000   0.00000000  -0.00000000   0.00000000  -0.00000000   0.00000000  -0.00000000   0.00000000  -0.00000000   0.00000000  -0.00000000   0.00000000  -0.00000000   0.00000000  -0.00000000   0.00000000  -0.00000000 
 -9.32210000   0.00000000  -0.00000000   0.00000000  -0.00000000   0.00000000  -0.00000000   0.00000000  -0.00000000   0.00000000  -0.00000000   0.00000000  -0.00000000   0.00000000  -0.00000000   0.00000000  -0.00000000   0.00000000  -0.00000000 
 -9.20610000   0.00000000  -0.00000000   0.00000000  -0.00000000   0.00000000  -0.00000000   0.00000000  -0.00000000   0.00000000  -0.00000000   0.00000000  -0.00000000   0.00000000  -0.00000000   0.00000000  -0.00000000   0.00000000  -0.00000000 
 -9.09110000   0.00000000  -0.00000000   0.00000000  -0.00000000   0.00000000  -0.00000000   0.00000000  -0.00000000   0.00000000  -0.00000000   0.00000000  -0.00000000   0.00000000  -0.00000000   0.00000000  -0.00000000   0.00000000  -0.00000000 
 -8.97510000   0.00000000  -0.00000000   0.00000000  -0.00000000   0.00000000  -0.00000000   0.00000000  -0.00000000   0.00000000  -0.00000000   0.00000000  -0.00000000   0.00000000  -0.00000000   0.00000000  -0.00000000   0.00000000  -0.00000000 
 -8.85910000   0.00000000  -0.00000000   0.00000000  -0.00000000   0.00000000  -0.00000000   0.00000000  -0.00000000   0.00000000  -0.00000000   0.00000000  -0.00000000   0.00000000  -0.00000000   0.00000000  -0.00000000   0.00000000  -0.00000000 
 -8.74310000   0.00000001  -0.00000001   0.00000000  -0.00000000   0.00000000  -0.00000000   0.00000000  -0.00000000   0.00000000  -0.00000000   0.00000000  -0.00000000   0.00000000  -0.00000000   0.00000000  -0.00000000   0.00000000  -0.00000000 
 -8.62810000   0.00000005  -0.00000005   0.00000001  -0.00000001   0.00000001  -0.00000001   0.00000000  -0.00000000   0.00000000  -0.00000000   0.00000001  -0.00000001   0.00000000  -0.00000000   0.00000000  -0.00000000   0.00000002  -0.00000002 
 -8.51210000   0.00000021  -0.00000021   0.00000003  -0.00000003   0.00000003  -0.00000003   0.00000000  -0.00000000   0.00000000  -0.00000000   0.00000005  -0.00000005   0.00000001  -0.00000001   0.00000000  -0.00000000   0.00000007  -0.00000007 
 -8.39610000   0.00000050  -0.00000050   0.00000007  -0.00000007   0.00000007  -0.00000007   0.00000000  -0.00000000   0.00000001  -0.00000001   0.00000011  -0.00000011   0.00000002  -0.00000002   0.00000001  -0.00000001   0.00000016  -0.00000016 
 -8.28010000   0.00000064  -0.00000064   0.00000009  -0.00000009   0.00000008  -0.00000008   0.00000004  -0.00000004   0.00000012  -0.00000012   0.00000014  -0.00000014   0.00000003  -0.00000003   0.00000005  -0.00000005   0.00000020  -0.00000020 
 -8.16510000   0.00000046  -0.00000046   0.00000006  -0.00000006   0.00000006  -0.00000006   0.00000018  -0.00000018   0.00000062  -0.00000062   0.00000009  -0.00000009   0.00000005  -0.00000005   0.00000025  -0.00000025   0.00000014  -0.00000014 
 -8.04910000   0.00000063  -0.00000063   0.00000003  -0.00000003   0.00000003  -0.00000003   0.00000049  -0.00000049   0.00000168  -0.00000168   0.00000004  -0.00000004   0.00000055  -0.00000055   0.00000067  -0.00000067   0.00000009  -0.00000009 
 -7.93310000   0.00000885  -0.00000885   0.00000017  -0.00000017   0.00000011  -0.00000011   0.00000084  -0.00000084   0.00000300  -0.00000300   0.00000001  -0.00000001   0.00001024  -0.00001024   0.00000097  -0.00000097   0.00000081  -0.00000081 
 -7.81710000   0.00010490  -0.00010490   0.00000230  -0.00000230   0.00000123  -0.00000123   0.00000260  -0.00000260   0.00001163  -0.00001163   0.00000009  -0.00000009   0.00011630  -0.00011630   0.00000082  -0.00000082   0.00001138  -0.00001138 
 -7.70210000   0.00073410  -0.00073410   0.00002014  -0.00002014   0.00000842  -0.00000842   0.00001863  -0.00001863   0.00008973  -0.00008973   0.00000095  -0.00000095   0.00075900  -0.00075900   0.00000112  -0.00000112   0.00009913  -0.00009913 
 -7.58610000   0.00312900  -0.00312900   0.00011650  -0.00011650   0.00003373  -0.00003373   0.00010770  -0.00010770   0.00052090  -0.00052090   0.00000645  -0.00000645   0.00286700  -0.00286700   0.00000561  -0.00000561   0.00056340  -0.00056340 
 -7.47010000   0.00878600  -0.00878600   0.00048480  -0.00048480   0.00008079  -0.00008079   0.00045070  -0.00045070   0.00210100  -0.00210100   0.00002876  -0.00002876   0.00647500  -0.00647500   0.00002548  -0.00002548   0.00222400  -0.00222400 
 -7.35410000   0.01854000  -0.01854000   0.00152500  -0.00152500   0.00012090  -0.00012090   0.00143400  -0.00143400   0.00623200  -0.00623200   0.00011050  -0.00011050   0.00989700  -0.00989700   0.00010260  -0.00010260   0.00648700  -0.00648700 
 -7.23910000   0.03363000  -0.03363000   0.00360000  -0.00360000   0.00013170  -0.00013170   0.00345400  -0.00345400   0.01438000  -0.01438000   0.00050470  -0.00050470   0.01419000  -0.01419000   0.00048910  -0.00048910   0.01475000  -0.01475000 
 -7.12310000   0.05242000  -0.05242000   0.00627100  -0.00627100   0.00015830  -0.00015830   0.00615800  -0.00615800   0.02620000  -0.02620000   0.00242700  -0.00242700   0.02488000  -0.02488000   0.00240300  -0.00240300   0.02640000  -0.02640000 
 -7.00710000   0.06772000  -0.06772000   0.00882500  -0.00882500   0.00031910  -0.00031910   0.00884800  -0.00884800   0.03995000  -0.03995000   0.00938100  -0.00938100   0.04551000  -0.04551000   0.00940300  -0.00940300   0.03938000  -0.03938000 
 -6.89110000   0.07904000  -0.07904000   0.01194000  -0.01194000   0.00088940  -0.00088940   0.01216000  -0.01216000   0.05790000  -0.05790000   0.02548000  -0.02548000   0.07276000  -0.07276000   0.02576000  -0.02576000   0.05583000  -0.05583000 
 -6.77610000   0.08428000  -0.08428000   0.01526000  -0.01526000   0.00229900  -0.00229900   0.01553000  -0.01553000   0.07667000  -0.07667000   0.04647000  -0.04647000   0.09467000  -0.09467000   0.04723000  -0.04723000   0.07381000  -0.07381000 
 -6.66010000   0.07762000  -0.07762000   0.01722000  -0.01722000   0.00517200  -0.00517200   0.01708000  -0.01708000   0.08556000  -0.08556000   0.06011000  -0.06011000   0.10010000  -0.10010000   0.06094000  -0.06094000   0.08506000  -0.08506000 
 -6.54410000   0.06762000  -0.06762000   0.01797000  -0.01797000   0.01089000  -0.01089000   0.01749000  -0.01749000   0.08565000  -0.08565000   0.06922000  -0.06922000   0.09409000  -0.09409000   0.06942000  -0.06942000   0.08843000  -0.08843000 
 -6.42810000   0.05531000  -0.05531000   0.01633000  -0.01633000   0.01931000  -0.01931000   0.01615000  -0.01615000   0.07810000  -0.07810000   0.08411000  -0.08411000   0.08764000  -0.08764000   0.08390000  -0.08390000   0.08054000  -0.08054000 
 -6.31210000   0.03621000  -0.03621000   0.01128000  -0.01128000   0.02417000  -0.02417000   0.01152000  -0.01152000   0.05684000  -0.05684000   0.08643000  -0.08643000   0.07474000  -0.07474000   0.08638000  -0.08638000   0.05675000  -0.05675000 
 -6.19710000   0.01960000  -0.01960000   0.00546600  -0.00546600   0.02128000  -0.02128000   0.00573900  -0.00573900   0.02852000  -0.02852000   0.06487000  -0.06487000   0.04830000  -0.04830000   0.06465000  -0.06465000   0.02751000  -0.02751000 
 -6.08110000   0.01173000  -0.01173000   0.00204900  -0.00204900   0.01659000  -0.01659000   0.00216200  -0.00216200   0.00976200  -0.00976200   0.04837000  -0.04837000   0.02251000  -0.02251000   0.04744000  -0.04744000   0.00924100  -0.00924100 
 -5.96510000   0.00835800  -0.00835800   0.00144000  -0.00144000   0.01414000  -0.01414000   0.00140400  -0.00140400   0.00552100  -0.00552100   0.05142000  -0.05142000   0.01008000  -0.01008000   0.05004000  -0.05004000   0.00547400  -0.00547400 
 -5.84910000   0.00756300  -0.00756300   0.00291500  -0.00291500   0.01208000  -0.01208000   0.00272200  -0.00272200   0.01122000  -0.01122000   0.05694000  -0.05694000   0.00951900  -0.00951900   0.05619000  -0.05619000   0.01157000  -0.01157000 
 -5.73410000   0.01208000  -0.01208000   0.00611400  -0.00611400   0.00952400  -0.00952400   0.00600000  -0.00600000   0.02216000  -0.02216000   0.05106000  -0.05106000   0.01641000  -0.01641000   0.05140000  -0.05140000   0.02297000  -0.02297000 
 -5.61810000   0.02273000  -0.02273000   0.01111000  -0.01111000   0.00727300  -0.00727300   0.01136000  -0.01136000   0.03712000  -0.03712000   0.03988000  -0.03988000   0.02920000  -0.02920000   0.04021000  -0.04021000   0.03848000  -0.03848000 
 -5.50210000   0.04047000  -0.04047000   0.01886000  -0.01886000   0.00601900  -0.00601900   0.01883000  -0.01883000   0.06165000  -0.06165000   0.03587000  -0.03587000   0.05266000  -0.05266000   0.03516000  -0.03516000   0.06335000  -0.06335000 
 -5.38610000   0.07010000  -0.07010000   0.02837000  -0.02837000   0.00579900  -0.00579900   0.02760000  -0.02760000   0.09192000  -0.09192000   0.04051000  -0.04051000   0.08379000  -0.08379000   0.03906000  -0.03906000   0.09281000  -0.09281000 
 -5.27110000   0.10240000  -0.10240000   0.03295000  -0.03295000   0.00590700  -0.00590700   0.03263000  -0.03263000   0.10650000  -0.10650000   0.04643000  -0.04643000   0.09761000  -0.09761000   0.04508000  -0.04508000   0.10620000  -0.10620000 
 -5.15510000   0.10680000  -0.10680000   0.02727000  -0.02727000   0.00580500  -0.00580500   0.02810000  -0.02810000   0.09411000  -0.09411000   0.05147000  -0.05147000   0.07679000  -0.07679000   0.05031000  -0.05031000   0.09373000  -0.09373000 
 -5.03910000   0.07638000  -0.07638000   0.01720000  -0.01720000   0.00648600  -0.00648600   0.01818000  -0.01818000   0.06740000  -0.06740000   0.06179000  -0.06179000   0.04221000  -0.04221000   0.06092000  -0.06092000   0.06783000  -0.06783000 
 -4.92310000   0.04327000  -0.04327000   0.01121000  -0.01121000   0.00910100  -0.00910100   0.01166000  -0.01166000   0.04906000  -0.04906000   0.07920000  -0.07920000   0.02166000  -0.02166000   0.07838000  -0.07838000   0.05102000  -0.05102000 
 -4.80810000   0.02685000  -0.02685000   0.00979400  -0.00979400   0.01473000  -0.01473000   0.00999800  -0.00999800   0.04843000  -0.04843000   0.11550000  -0.11550000   0.01582000  -0.01582000   0.11030000  -0.11030000   0.05154000  -0.05154000 
 -4.69210000   0.02033000  -0.02033000   0.01034000  -0.01034000   0.02533000  -0.02533000   0.01049000  -0.01049000   0.05361000  -0.05361000   0.19430000  -0.19430000   0.01488000  -0.01488000   0.18190000  -0.18190000   0.05592000  -0.05592000 
 -4.57610000   0.01542000  -0.01542000   0.01073000  -0.01073000   0.03609000  -0.03609000   0.01070000  -0.01070000   0.04902000  -0.04902000   0.26780000  -0.26780000   0.01527000  -0.01527000   0.26020000  -0.26020000   0.04981000  -0.04981000 
 -4.46010000   0.00971200  -0.00971200   0.00975000  -0.00975000   0.03597000  -0.03597000   0.00953600  -0.00953600   0.03586000  -0.03586000   0.25300000  -0.25300000   0.01638000  -0.01638000   0.25980000  -0.25980000   0.03793000  -0.03793000 
 -4.34510000   0.00526600  -0.00526600   0.00809000  -0.00809000   0.02403000  -0.02403000   0.00792100  -0.00792100   0.03086000  -0.03086000   0.18040000  -0.18040000   0.01646000  -0.01646000   0.19180000  -0.19180000   0.03706000  -0.03706000 
 -4.22910000   0.00335500  -0.00335500   0.00589100  -0.00589100   0.01093000  -0.01093000   0.00591500  -0.00591500   0.03585000  -0.03585000   0.12310000  -0.12310000   0.01305000  -0.01305000   0.13110000  -0.13110000   0.04361000  -0.04361000 
 -4.11310000   0.00290900  -0.00290900   0.00459600  -0.00459600   0.00426400  -0.00426400   0.00473400  -0.00473400   0.04046000  -0.04046000   0.10190000  -0.10190000   0.00925300  -0.00925300   0.10540000  -0.10540000   0.04594000  -0.04594000 
 -3.99710000   0.00421000  -0.00421000   0.00748400  -0.00748400   0.00240400  -0.00240400   0.00768400  -0.00768400   0.05032000  -0.05032000   0.10280000  -0.10280000   0.01275000  -0.01275000   0.10260000  -0.10260000   0.05116000  -0.05116000 
 -3.88210000   0.00798100  -0.00798100   0.01540000  -0.01540000   0.00200600  -0.00200600   0.01559000  -0.01559000   0.06726000  -0.06726000   0.09029000  -0.09029000   0.02764000  -0.02764000   0.09214000  -0.09214000   0.06299000  -0.06299000 
 -3.76610000   0.01136000  -0.01136000   0.02287000  -0.02287000   0.00225700  -0.00225700   0.02279000  -0.02279000   0.08154000  -0.08154000   0.06562000  -0.06562000   0.04596000  -0.04596000   0.06934000  -0.06934000   0.07624000  -0.07624000 
 -3.65010000   0.01040000  -0.01040000   0.02231000  -0.02231000   0.00465300  -0.00465300   0.02204000  -0.02204000   0.08961000  -0.08961000   0.06867000  -0.06867000   0.04975000  -0.04975000   0.06741000  -0.06741000   0.08509000  -0.08509000 
 -3.53410000   0.00659000  -0.00659000   0.01637000  -0.01637000   0.01226000  -0.01226000   0.01626000  -0.01626000   0.09173000  -0.09173000   0.10580000  -0.10580000   0.03812000  -0.03812000   0.09987000  -0.09987000   0.08723000  -0.08723000 
 -3.41910000   0.00410300  -0.00410300   0.01336000  -0.01336000   0.02474000  -0.02474000   0.01331000  -0.01331000   0.09326000  -0.09326000   0.13540000  -0.13540000   0.02941000  -0.02941000   0.13250000  -0.13250000   0.09041000  -0.09041000 
 -3.30310000   0.00397000  -0.00397000   0.01447000  -0.01447000   0.03551000  -0.03551000   0.01424000  -0.01424000   0.09256000  -0.09256000   0.12660000  -0.12660000   0.03062000  -0.03062000   0.12790000  -0.12790000   0.09228000  -0.09228000 
 -3.18710000   0.00549100  -0.00549100   0.01775000  -0.01775000   0.04073000  -0.04073000   0.01748000  -0.01748000   0.08570000  -0.08570000   0.10360000  -0.10360000   0.03900000  -0.03900000   0.10320000  -0.10320000   0.08565000  -0.08565000 
 -3.07110000   0.00745500  -0.00745500   0.02120000  -0.02120000   0.04127000  -0.04127000   0.02102000  -0.02102000   0.06934000  -0.06934000   0.09045000  -0.09045000   0.04854000  -0.04854000   0.08803000  -0.08803000   0.06678000  -0.06678000 
 -2.95610000   0.00768600  -0.00768600   0.02143000  -0.02143000   0.04061000  -0.04061000   0.02096000  -0.02096000   0.04483000  -0.04483000   0.07605000  -0.07605000   0.04834000  -0.04834000   0.07648000  -0.07648000   0.04231000  -0.04231000 
 -2.84010000   0.00544500  -0.00544500   0.01697000  -0.01697000   0.04423000  -0.04423000   0.01618000  -0.01618000   0.02804000  -0.02804000   0.05721000  -0.05721000   0.03701000  -0.03701000   0.06151000  -0.06151000   0.02818000  -0.02818000 
 -2.72410000   0.00280100  -0.00280100   0.01081000  -0.01081000   0.04603000  -0.04603000   0.01015000  -0.01015000   0.02447000  -0.02447000   0.03923000  -0.03923000   0.02746000  -0.02746000   0.04435000  -0.04435000   0.02514000  -0.02514000 
 -2.60810000   0.00204900  -0.00204900   0.00791500  -0.00791500   0.04100000  -0.04100000   0.00734300  -0.00734300   0.02981000  -0.02981000   0.02474000  -0.02474000   0.03773000  -0.03773000   0.02801000  -0.02801000   0.02992000  -0.02992000 
 -2.49310000   0.00355100  -0.00355100   0.00996400  -0.00996400   0.03703000  -0.03703000   0.00935900  -0.00935900   0.05454000  -0.05454000   0.01711000  -0.01711000   0.08863000  -0.08863000   0.01842000  -0.01842000   0.05505000  -0.05505000 
 -2.37710000   0.00625100  -0.00625100   0.01414000  -0.01414000   0.03250000  -0.03250000   0.01422000  -0.01422000   0.11080000  -0.11080000   0.01279000  -0.01279000   0.18880000  -0.18880000   0.01326000  -0.01326000   0.11040000  -0.11040000 
 -2.26110000   0.00851400  -0.00851400   0.01711000  -0.01711000   0.02127000  -0.02127000   0.01821000  -0.01821000   0.17600000  -0.17600000   0.00762300  -0.00762300   0.29630000  -0.29630000   0.00789800  -0.00789800   0.17350000  -0.17350000 
 -2.14510000   0.00931000  -0.00931000   0.01750000  -0.01750000   0.00965500  -0.00965500   0.01898000  -0.01898000   0.20620000  -0.20620000   0.00325200  -0.00325200   0.34490000  -0.34490000   0.00342000  -0.00342000   0.20230000  -0.20230000 
 -2.02910000   0.00906300  -0.00906300   0.01601000  -0.01601000   0.00380700  -0.00380700   0.01736000  -0.01736000   0.20100000  -0.20100000   0.00115700  -0.00115700   0.33320000  -0.33320000   0.00121600  -0.00121600   0.19760000  -0.19760000 
 -1.91410000   0.00808300  -0.00808300   0.01349000  -0.01349000   0.00202800  -0.00202800   0.01454000  -0.01454000   0.18290000  -0.18290000   0.00047250  -0.00047250   0.28840000  -0.28840000   0.00048490  -0.00048490   0.18120000  -0.18120000 
 -1.79810000   0.00661300  -0.00661300   0.00944400  -0.00944400   0.00137900  -0.00137900   0.01010000  -0.01010000   0.15400000  -0.15400000   0.00027290  -0.00027290   0.21810000  -0.21810000   0.00027570  -0.00027570   0.15390000  -0.15390000 
 -1.68210000   0.00561000  -0.00561000   0.00523800  -0.00523800   0.00091920  -0.00091920   0.00558400  -0.00558400   0.12740000  -0.12740000   0.00020050  -0.00020050   0.15250000  -0.15250000   0.00019980  -0.00019980   0.12800000  -0.12800000 
 -1.56610000   0.00467000  -0.00467000   0.00246300  -0.00246300   0.00064870  -0.00064870   0.00264200  -0.00264200   0.09809000  -0.09809000   0.00013990  -0.00013990   0.10580000  -0.10580000   0.00013780  -0.00013780   0.09863000  -0.09863000 
 -1.45110000   0.00328300  -0.00328300   0.00096960  -0.00096960   0.00050730  -0.00050730   0.00105000  -0.00105000   0.05773000  -0.05773000   0.00007658  -0.00007658   0.07017000  -0.07017000   0.00007403  -0.00007403   0.05797000  -0.05797000 
 -1.33510000   0.00235400  -0.00235400   0.00030740  -0.00030740   0.00045490  -0.00045490   0.00033580  -0.00033580   0.02447000  -0.02447000   0.00003021  -0.00003021   0.05193000  -0.05193000   0.00002785  -0.00002785   0.02453000  -0.02453000 
 -1.21910000   0.00198300  -0.00198300   0.00008914  -0.00008914   0.00042550  -0.00042550   0.00009632  -0.00009632   0.00775300  -0.00775300   0.00000902  -0.00000902   0.04515000  -0.04515000   0.00000720  -0.00000720   0.00776900  -0.00776900 
 -1.10310000   0.00134400  -0.00134400   0.00002710  -0.00002710   0.00029190  -0.00029190   0.00002806  -0.00002806   0.00188900  -0.00188900   0.00000257  -0.00000257   0.03095000  -0.03095000   0.00000152  -0.00000152   0.00188700  -0.00188700 
 -0.98810000   0.00057150  -0.00057150   0.00000710  -0.00000710   0.00012270  -0.00012270   0.00000712  -0.00000712   0.00035670  -0.00035670   0.00000071  -0.00000071   0.01326000  -0.01326000   0.00000032  -0.00000032   0.00035240  -0.00035240 
 -0.87210000   0.00014600  -0.00014600   0.00000121  -0.00000121   0.00003082  -0.00003082   0.00000121  -0.00000121   0.00004925  -0.00004925   0.00000014  -0.00000014   0.00341600  -0.00341600   0.00000005  -0.00000005   0.00004781  -0.00004781 
 -0.75610000   0.00002234  -0.00002234   0.00000012  -0.00000012   0.00000463  -0.00000463   0.00000012  -0.00000012   0.00000436  -0.00000436   0.00000002  -0.00000002   0.00052740  -0.00052740   0.00000001  -0.00000001   0.00000416  -0.00000416 
 -0.64010000   0.00000201  -0.00000201   0.00000001  -0.00000001   0.00000041  -0.00000041   0.00000001  -0.00000001   0.00000023  -0.00000023   0.00000000  -0.00000000   0.00004785  -0.00004785   0.00000000  -0.00000000   0.00000022  -0.00000022 
 -0.52510000   0.00000010  -0.00000010   0.00000001  -0.00000001   0.00000002  -0.00000002   0.00000001  -0.00000001   0.00000024  -0.00000024   0.00000008  -0.00000008   0.00000250  -0.00000250   0.00000004  -0.00000004   0.00000045  -0.00000045 
 -0.40910000   0.00000004  -0.00000004   0.00000020  -0.00000020   0.00000002  -0.00000002   0.00000012  -0.00000012   0.00000546  -0.00000546   0.00000212  -0.00000212   0.00000135  -0.00000135   0.00000092  -0.00000092   0.00001080  -0.00001081 
 -0.29310000   0.00000096  -0.00000096   0.00000272  -0.00000272   0.00000027  -0.00000027   0.00000157  -0.00000157   0.00006877  -0.00006877   0.00002908  -0.00002908   0.00002914  -0.00002914   0.00001152  -0.00001152   0.00014350  -0.00014350 
 -0.17710000   0.00001414  -0.00001414   0.00002034  -0.00002034   0.00000236  -0.00000236   0.00001186  -0.00001186   0.00050550  -0.00050550   0.00021890  -0.00021890   0.00039080  -0.00039080   0.00008022  -0.00008022   0.00105400  -0.00105400 
 -0.06210000   0.00012310  -0.00012310   0.00008983  -0.00008983   0.00001190  -0.00001190   0.00006175  -0.00006175   0.00248600  -0.00248600   0.00091120  -0.00091130   0.00317500  -0.00317500   0.00033610  -0.00033610   0.00444100  -0.00444100 
  0.05390000   0.00063470  -0.00063470   0.00026220  -0.00026220   0.00003675  -0.00003675   0.00025010  -0.00025010   0.00940900  -0.00940900   0.00211900  -0.00211900   0.01596000  -0.01596000   0.00097010  -0.00097010   0.01170000  -0.01170000 
  0.16990000   0.00202400  -0.00202400   0.00061740  -0.00061740   0.00007903  -0.00007903   0.00075710  -0.00075710   0.02710000  -0.02710000   0.00284900  -0.00284900   0.05186000  -0.05186000   0.00218200  -0.00218200   0.02344000  -0.02344000 
  0.28590000   0.00450400  -0.00450400   0.00138700  -0.00138700   0.00013510  -0.00013510   0.00163700  -0.00163700   0.05587000  -0.05587000   0.00255100  -0.00255100   0.11950000  -0.11950000   0.00382800  -0.00382800   0.04586000  -0.04586000 
  0.40090000   0.00790100  -0.00790100   0.00288500  -0.00288500   0.00019020  -0.00019020   0.00281000  -0.00281000   0.09204000  -0.09204000   0.00237800  -0.00237800   0.21280000  -0.21280000   0.00507100  -0.00507100   0.09224000  -0.09224000 
  0.51690000   0.01092000  -0.01092000   0.00512600  -0.00512600   0.00021880  -0.00021880   0.00462200  -0.00462200   0.15830000  -0.15830000   0.00346500  -0.00346600   0.29810000  -0.29810000   0.00552200  -0.00552200   0.17500000  -0.17500000 
  0.63290000   0.01187000  -0.01187000   0.00777600  -0.00777600   0.00022810  -0.00022810   0.00747900  -0.00747900   0.28820000  -0.28820000   0.00673600  -0.00673600   0.34740000  -0.34740000   0.00671000  -0.00671000   0.29900000  -0.29900000 
  0.74890000   0.01148000  -0.01148000   0.00982000  -0.00982000   0.00027660  -0.00027660   0.01011000  -0.01011000   0.43120000  -0.43120000   0.01623000  -0.01623000   0.37260000  -0.37260000   0.01393000  -0.01393000   0.41940000  -0.41940000 
  0.86390000   0.01145000  -0.01145000   0.00987700  -0.00987700   0.00046150  -0.00046150   0.01028000  -0.01028000   0.47120000  -0.47120000   0.04052000  -0.04052000   0.37090000  -0.37090000   0.03739000  -0.03739000   0.44860000  -0.44860000 
  0.97990000   0.01319000  -0.01319000   0.00866000  -0.00866000   0.00087320  -0.00087320   0.00869400  -0.00869400   0.41630000  -0.41630000   0.08189000  -0.08189000   0.36760000  -0.36760000   0.07933000  -0.07933000   0.40000000  -0.40000000 
  1.09590000   0.01592000  -0.01592000   0.00817800  -0.00817800   0.00160100  -0.00160100   0.00783500  -0.00783500   0.36040000  -0.36040000   0.13120000  -0.13120000   0.38270000  -0.38270000   0.12550000  -0.12550000   0.35790000  -0.35790000 
  1.21190000   0.01664000  -0.01664000   0.00896600  -0.00896600   0.00265700  -0.00265700   0.00843600  -0.00843600   0.32380000  -0.32380000   0.17780000  -0.17780000   0.36080000  -0.36080000   0.16790000  -0.16790000   0.33370000  -0.33370000 
  1.32690000   0.01448000  -0.01448000   0.00951400  -0.00951400   0.00336800  -0.00336800   0.00913600  -0.00913600   0.28480000  -0.28480000   0.19470000  -0.19470000   0.28050000  -0.28050000   0.19330000  -0.19330000   0.29720000  -0.29720000 
  1.44290000   0.01033000  -0.01033000   0.00820200  -0.00820200   0.00332700  -0.00332700   0.00823900  -0.00823900   0.22270000  -0.22270000   0.17560000  -0.17560000   0.17300000  -0.17300000   0.18750000  -0.18750000   0.23180000  -0.23180000 
  1.55890000   0.00601800  -0.00601800   0.00600000  -0.00600000   0.00385900  -0.00385900   0.00629100  -0.00629100   0.15310000  -0.15310000   0.18030000  -0.18030000   0.08227000  -0.08227000   0.18940000  -0.18940000   0.15730000  -0.15730000 
  1.67490000   0.00351500  -0.00351500   0.00475300  -0.00475300   0.00518300  -0.00518300   0.00497800  -0.00497800   0.11250000  -0.11250000   0.22790000  -0.22790000   0.03609000  -0.03609000   0.22410000  -0.22410000   0.11250000  -0.11250000 
  1.78990000   0.00244100  -0.00244100   0.00440300  -0.00440300   0.00520500  -0.00520500   0.00448500  -0.00448500   0.09848000  -0.09848000   0.24730000  -0.24730000   0.01880000  -0.01880000   0.24050000  -0.24050000   0.09844000  -0.09844000 
  1.90590000   0.00158100  -0.00158100   0.00369700  -0.00369700   0.00400100  -0.00400100   0.00374800  -0.00374800   0.08045000  -0.08045000   0.21750000  -0.21750000   0.00990300  -0.00990300   0.21520000  -0.21520000   0.08230000  -0.08230000 
  2.02190000   0.00078710  -0.00078710   0.00244700  -0.00244700   0.00380100  -0.00380100   0.00248200  -0.00248200   0.05059000  -0.05059000   0.19280000  -0.19280000   0.00510100  -0.00510100   0.19110000  -0.19120000   0.05244000  -0.05244000 
  2.13790000   0.00034280  -0.00034280   0.00135700  -0.00135700   0.00440500  -0.00440500   0.00134600  -0.00134600   0.02440000  -0.02440000   0.18520000  -0.18520000   0.00345200  -0.00345200   0.18370000  -0.18370000   0.02521000  -0.02521000 
  2.25390000   0.00019040  -0.00019020   0.00067110  -0.00067090   0.00405800  -0.00405900   0.00063820  -0.00063810   0.00909300  -0.00909300   0.17910000  -0.17910000   0.00254900  -0.00255000   0.17900000  -0.17930000   0.00935600  -0.00935600 
  2.36890000   0.00014760  -0.00014630   0.00035580  -0.00035490   0.00299700  -0.00300600   0.00032380  -0.00032260   0.00261500  -0.00262100   0.17950000  -0.17980000   0.00169700  -0.00170300   0.17760000  -0.18020000   0.00272100  -0.00271800 
  2.48490000   0.00012500  -0.00012150   0.00029440  -0.00029230   0.00229400  -0.00233300   0.00026510  -0.00025860   0.00088490  -0.00091970   0.17790000  -0.17920000   0.00129000  -0.00131700   0.16930000  -0.18030000   0.00094780  -0.00093060 
  2.60090000   0.00009527  -0.00009199   0.00027060  -0.00026990   0.00169100  -0.00181000   0.00024320  -0.00022480   0.00052030  -0.00061920   0.15190000  -0.15630000   0.00100500  -0.00107200   0.13450000  -0.16060000   0.00060850  -0.00055670 
  2.71690000   0.00006116  -0.00006288   0.00018390  -0.00018900   0.00089880  -0.00109100   0.00016150  -0.00013410   0.00027220  -0.00042210   0.09920000  -0.10670000   0.00058250  -0.00067320   0.07913000  -0.11270000   0.00039230  -0.00031290 
  2.83190000   0.00002933  -0.00003408   0.00008334  -0.00009172   0.00030680  -0.00046450   0.00007073  -0.00004920   0.00009103  -0.00021260   0.04446000  -0.05101000   0.00022850  -0.00029480   0.03168000  -0.05524000   0.00018350  -0.00012020 
  2.94790000   0.00000898  -0.00001186   0.00002398  -0.00002922   0.00006707  -0.00013390   0.00001990  -0.00001096   0.00001899  -0.00007166   0.01246000  -0.01543000   0.00005936  -0.00008575   0.00811500  -0.01707000   0.00005677  -0.00003027 
  3.06390000   0.00000159  -0.00000235   0.00000413  -0.00000567   0.00000942  -0.00002417   0.00000343  -0.00000148   0.00000250  -0.00001464   0.00204200  -0.00274900   0.00000967  -0.00001535   0.00126100  -0.00310000   0.00001065  -0.00000483 
  3.17990000   0.00000016  -0.00000025   0.00000040  -0.00000063   0.00000082  -0.00000252   0.00000034  -0.00000012   0.00000020  -0.00000169   0.00018720  -0.00027570   0.00000092  -0.00000158   0.00011350  -0.00031630   0.00000113  -0.00000046 
  3.29490000   0.00000001  -0.00000001   0.00000002  -0.00000004   0.00000004  -0.00000014   0.00000002  -0.00000001   0.00000001  -0.00000011   0.00000935  -0.00001517   0.00000005  -0.00000009   0.00000570  -0.00001765   0.00000007  -0.00000002 
  3.41090000   0.00000000  -0.00000000   0.00000000  -0.00000000   0.00000000  -0.00000000   0.00000000  -0.00000000   0.00000000  -0.00000000   0.00000025  -0.00000045   0.00000000  -0.00000000   0.00000016  -0.00000053   0.00000000  -0.00000000 
  3.52690000   0.00000000  -0.00000000   0.00000000  -0.00000000   0.00000000  -0.00000000   0.00000000  -0.00000000   0.00000000  -0.00000000   0.00000000  -0.00000001   0.00000000  -0.00000000   0.00000000  -0.00000001   0.00000000  -0.00000000 
  3.64290000   0.00000000  -0.00000000   0.00000000  -0.00000000   0.00000000  -0.00000000   0.00000000  -0.00000000   0.00000000  -0.00000000   0.00000000  -0.00000000   0.00000000  -0.00000000   0.00000000  -0.00000000   0.00000000  -0.00000000 
  3.75790000   0.00000000  -0.00000000   0.00000000  -0.00000000   0.00000000  -0.00000000   0.00000000  -0.00000000   0.00000000  -0.00000000   0.00000000  -0.00000000   0.00000000  -0.00000000   0.00000000  -0.00000000   0.00000000  -0.00000000 
  3.87390000   0.00000000  -0.00000000   0.00000000  -0.00000000   0.00000000  -0.00000000   0.00000000  -0.00000000   0.00000000  -0.00000000   0.00000000  -0.00000000   0.00000000  -0.00000000   0.00000000  -0.00000000   0.00000000  -0.00000000 
  3.98990000   0.00000000  -0.00000000   0.00000000  -0.00000000   0.00000000  -0.00000000   0.00000000  -0.00000000   0.00000000  -0.00000000   0.00000000  -0.00000000   0.00000000  -0.00000000   0.00000000  -0.00000000   0.00000000  -0.00000000 
  4.10590000   0.00000000  -0.00000000   0.00000000  -0.00000000   0.00000000  -0.00000000   0.00000000  -0.00000000   0.00000000  -0.00000000   0.00000000  -0.00000000   0.00000000  -0.00000000   0.00000000  -0.00000000   0.00000000  -0.00000000 
  4.22090000   0.00000000  -0.00000000   0.00000000  -0.00000000   0.00000000  -0.00000000   0.00000000  -0.00000000   0.00000000  -0.00000000   0.00000000  -0.00000000   0.00000000  -0.00000000   0.00000000  -0.00000000   0.00000000  -0.00000000 
  4.33690000   0.00000000  -0.00000000   0.00000000  -0.00000000   0.00000000  -0.00000000   0.00000000  -0.00000000   0.00000000  -0.00000000   0.00000000  -0.00000000   0.00000000  -0.00000000   0.00000000  -0.00000000   0.00000000  -0.00000000 
  4.45290000   0.00000000  -0.00000000   0.00000000  -0.00000000   0.00000000  -0.00000000   0.00000000  -0.00000000   0.00000000  -0.00000000   0.00000000  -0.00000000   0.00000000  -0.00000000   0.00000000  -0.00000000   0.00000000  -0.00000000 
  4.56890000   0.00000000  -0.00000000   0.00000000  -0.00000000   0.00000000  -0.00000000   0.00000000  -0.00000000   0.00000000  -0.00000000   0.00000000  -0.00000000   0.00000000  -0.00000000   0.00000000  -0.00000000   0.00000000  -0.00000000 
  4.68390000   0.00000000  -0.00000000   0.00000000  -0.00000000   0.00000000  -0.00000000   0.00000000  -0.00000000   0.00000000  -0.00000000   0.00000000  -0.00000000   0.00000000  -0.00000000   0.00000000  -0.00000000   0.00000000  -0.00000000 
