-30.04310000   0.00000000  -0.00000000   0.00000000  -0.00000000   0.00000000  -0.00000000   0.00000000  -0.00000000   0.00000000  -0.00000000   0.00000000  -0.00000000   0.00000000  -0.00000000   0.00000000  -0.00000000   0.00000000  -0.00000000 
-29.92710000   0.00000000  -0.00000000   0.00000000  -0.00000000   0.00000000  -0.00000000   0.00000000  -0.00000000   0.00000000  -0.00000000   0.00000000  -0.00000000   0.00000000  -0.00000000   0.00000000  -0.00000000   0.00000000  -0.00000000 
-29.81110000   0.00000000  -0.00000000   0.00000000  -0.00000000   0.00000000  -0.00000000   0.00000000  -0.00000000   0.00000000  -0.00000000   0.00000000  -0.00000000   0.00000000  -0.00000000   0.00000000  -0.00000000   0.00000000  -0.00000000 
-29.69510000   0.00000000  -0.00000000   0.00000000  -0.00000000   0.00000000  -0.00000000   0.00000000  -0.00000000   0.00000000  -0.00000000   0.00000000  -0.00000000   0.00000000  -0.00000000   0.00000000  -0.00000000   0.00000000  -0.00000000 
-29.58010000   0.00000000  -0.00000000   0.00000000  -0.00000000   0.00000000  -0.00000000   0.00000000  -0.00000000   0.00000000  -0.00000000   0.00000000  -0.00000000   0.00000000  -0.00000000   0.00000000  -0.00000000   0.00000000  -0.00000000 
-29.46410000   0.00000000  -0.00000000   0.00000000  -0.00000000   0.00000000  -0.00000000   0.00000000  -0.00000000   0.00000000  -0.00000000   0.00000000  -0.00000000   0.00000000  -0.00000000   0.00000000  -0.00000000   0.00000000  -0.00000000 
-29.34810000   0.00000000  -0.00000000   0.00000000  -0.00000000   0.00000000  -0.00000000   0.00000000  -0.00000000   0.00000000  -0.00000000   0.00000000  -0.00000000   0.00000000  -0.00000000   0.00000000  -0.00000000   0.00000000  -0.00000000 
-29.23210000   0.00000000  -0.00000000   0.00000000  -0.00000000   0.00000000  -0.00000000   0.00000000  -0.00000000   0.00000000  -0.00000000   0.00000000  -0.00000000   0.00000000  -0.00000000   0.00000000  -0.00000000   0.00000000  -0.00000000 
-29.11710000   0.00000000  -0.00000000   0.00000000  -0.00000000   0.00000000  -0.00000000   0.00000000  -0.00000000   0.00000000  -0.00000000   0.00000000  -0.00000000   0.00000000  -0.00000000   0.00000000  -0.00000000   0.00000000  -0.00000000 
-29.00110000   0.00000000  -0.00000000   0.00000000  -0.00000000   0.00000000  -0.00000000   0.00000000  -0.00000000   0.00000000  -0.00000000   0.00000000  -0.00000000   0.00000000  -0.00000000   0.00000000  -0.00000000   0.00000000  -0.00000000 
-28.88510000   0.00000000  -0.00000000   0.00000000  -0.00000000   0.00000000  -0.00000000   0.00000000  -0.00000000   0.00000000  -0.00000000   0.00000000  -0.00000000   0.00000000  -0.00000000   0.00000000  -0.00000000   0.00000000  -0.00000000 
-28.76910000   0.00000000  -0.00000000   0.00000000  -0.00000000   0.00000000  -0.00000000   0.00000000  -0.00000000   0.00000000  -0.00000000   0.00000000  -0.00000000   0.00000000  -0.00000000   0.00000000  -0.00000000   0.00000000  -0.00000000 
-28.65410000   0.00000000  -0.00000000   0.00000000  -0.00000000   0.00000000  -0.00000000   0.00000000  -0.00000000   0.00000000  -0.00000000   0.00000000  -0.00000000   0.00000000  -0.00000000   0.00000000  -0.00000000   0.00000000  -0.00000000 
-28.53810000   0.00000000  -0.00000000   0.00000000  -0.00000000   0.00000000  -0.00000000   0.00000000  -0.00000000   0.00000000  -0.00000000   0.00000000  -0.00000000   0.00000000  -0.00000000   0.00000000  -0.00000000   0.00000000  -0.00000000 
-28.42210000   0.00000000  -0.00000000   0.00000000  -0.00000000   0.00000000  -0.00000000   0.00000000  -0.00000000   0.00000000  -0.00000000   0.00000000  -0.00000000   0.00000000  -0.00000000   0.00000000  -0.00000000   0.00000000  -0.00000000 
-28.30610000   0.00000000  -0.00000000   0.00000000  -0.00000000   0.00000000  -0.00000000   0.00000000  -0.00000000   0.00000000  -0.00000000   0.00000000  -0.00000000   0.00000000  -0.00000000   0.00000000  -0.00000000   0.00000000  -0.00000000 
-28.19110000   0.00000000  -0.00000000   0.00000000  -0.00000000   0.00000000  -0.00000000   0.00000000  -0.00000000   0.00000000  -0.00000000   0.00000000  -0.00000000   0.00000000  -0.00000000   0.00000000  -0.00000000   0.00000000  -0.00000000 
-28.07510000   0.00000000  -0.00000000   0.00000000  -0.00000000   0.00000000  -0.00000000   0.00000000  -0.00000000   0.00000000  -0.00000000   0.00000000  -0.00000000   0.00000000  -0.00000000   0.00000000  -0.00000000   0.00000000  -0.00000000 
-27.95910000   0.00000000  -0.00000000   0.00000000  -0.00000000   0.00000000  -0.00000000   0.00000000  -0.00000000   0.00000000  -0.00000000   0.00000000  -0.00000000   0.00000000  -0.00000000   0.00000000  -0.00000000   0.00000000  -0.00000000 
-27.84310000   0.00000000  -0.00000000   0.00000000  -0.00000000   0.00000000  -0.00000000   0.00000000  -0.00000000   0.00000000  -0.00000000   0.00000000  -0.00000000   0.00000000  -0.00000000   0.00000000  -0.00000000   0.00000000  -0.00000000 
-27.72710000   0.00000000  -0.00000000   0.00000000  -0.00000000   0.00000000  -0.00000000   0.00000000  -0.00000000   0.00000000  -0.00000000   0.00000000  -0.00000000   0.00000000  -0.00000000   0.00000000  -0.00000000   0.00000000  -0.00000000 
-27.61210000   0.00000000  -0.00000000   0.00000000  -0.00000000   0.00000000  -0.00000000   0.00000000  -0.00000000   0.00000000  -0.00000000   0.00000000  -0.00000000   0.00000000  -0.00000000   0.00000000  -0.00000000   0.00000000  -0.00000000 
-27.49610000   0.00000000  -0.00000000   0.00000000  -0.00000000   0.00000000  -0.00000000   0.00000000  -0.00000000   0.00000000  -0.00000000   0.00000000  -0.00000000   0.00000000  -0.00000000   0.00000000  -0.00000000   0.00000000  -0.00000000 
-27.38010000   0.00000000  -0.00000000   0.00000000  -0.00000000   0.00000000  -0.00000000   0.00000000  -0.00000000   0.00000000  -0.00000000   0.00000000  -0.00000000   0.00000000  -0.00000000   0.00000000  -0.00000000   0.00000000  -0.00000000 
-27.26410000   0.00000000  -0.00000000   0.00000000  -0.00000000   0.00000000  -0.00000000   0.00000000  -0.00000000   0.00000000  -0.00000000   0.00000000  -0.00000000   0.00000000  -0.00000000   0.00000000  -0.00000000   0.00000000  -0.00000000 
-27.14910000   0.00000000  -0.00000000   0.00000000  -0.00000000   0.00000000  -0.00000000   0.00000000  -0.00000000   0.00000000  -0.00000000   0.00000000  -0.00000000   0.00000000  -0.00000000   0.00000000  -0.00000000   0.00000000  -0.00000000 
-27.03310000   0.00000000  -0.00000000   0.00000000  -0.00000000   0.00000000  -0.00000000   0.00000000  -0.00000000   0.00000000  -0.00000000   0.00000000  -0.00000000   0.00000000  -0.00000000   0.00000000  -0.00000000   0.00000000  -0.00000000 
-26.91710000   0.00000000  -0.00000000   0.00000000  -0.00000000   0.00000000  -0.00000000   0.00000000  -0.00000000   0.00000000  -0.00000000   0.00000000  -0.00000000   0.00000000  -0.00000000   0.00000000  -0.00000000   0.00000000  -0.00000000 
-26.80110000   0.00000000  -0.00000000   0.00000000  -0.00000000   0.00000000  -0.00000000   0.00000000  -0.00000000   0.00000000  -0.00000000   0.00000000  -0.00000000   0.00000000  -0.00000000   0.00000000  -0.00000000   0.00000000  -0.00000000 
-26.68610000   0.00000000  -0.00000000   0.00000000  -0.00000000   0.00000000  -0.00000000   0.00000000  -0.00000000   0.00000000  -0.00000000   0.00000000  -0.00000000   0.00000000  -0.00000000   0.00000000  -0.00000000   0.00000000  -0.00000000 
-26.57010000   0.00000000  -0.00000000   0.00000000  -0.00000000   0.00000000  -0.00000000   0.00000000  -0.00000000   0.00000000  -0.00000000   0.00000000  -0.00000000   0.00000000  -0.00000000   0.00000000  -0.00000000   0.00000000  -0.00000000 
-26.45410000   0.00000000  -0.00000000   0.00000000  -0.00000000   0.00000000  -0.00000000   0.00000000  -0.00000000   0.00000000  -0.00000000   0.00000000  -0.00000000   0.00000000  -0.00000000   0.00000000  -0.00000000   0.00000000  -0.00000000 
-26.33810000   0.00000000  -0.00000000   0.00000000  -0.00000000   0.00000000  -0.00000000   0.00000000  -0.00000000   0.00000000  -0.00000000   0.00000000  -0.00000000   0.00000000  -0.00000000   0.00000000  -0.00000000   0.00000000  -0.00000000 
-26.22310000   0.00000000  -0.00000000   0.00000000  -0.00000000   0.00000000  -0.00000000   0.00000000  -0.00000000   0.00000000  -0.00000000   0.00000000  -0.00000000   0.00000000  -0.00000000   0.00000000  -0.00000000   0.00000000  -0.00000000 
-26.10710000   0.00000000  -0.00000000   0.00000000  -0.00000000   0.00000000  -0.00000000   0.00000000  -0.00000000   0.00000000  -0.00000000   0.00000000  -0.00000000   0.00000000  -0.00000000   0.00000000  -0.00000000   0.00000000  -0.00000000 
-25.99110000   0.00000000  -0.00000000   0.00000000  -0.00000000   0.00000000  -0.00000000   0.00000000  -0.00000000   0.00000000  -0.00000000   0.00000000  -0.00000000   0.00000000  -0.00000000   0.00000000  -0.00000000   0.00000000  -0.00000000 
-25.87510000   0.00000000  -0.00000000   0.00000000  -0.00000000   0.00000000  -0.00000000   0.00000000  -0.00000000   0.00000000  -0.00000000   0.00000000  -0.00000000   0.00000000  -0.00000000   0.00000000  -0.00000000   0.00000000  -0.00000000 
-25.76010000   0.00000000  -0.00000000   0.00000000  -0.00000000   0.00000000  -0.00000000   0.00000000  -0.00000000   0.00000000  -0.00000000   0.00000000  -0.00000000   0.00000000  -0.00000000   0.00000000  -0.00000000   0.00000000  -0.00000000 
-25.64410000   0.00000000  -0.00000000   0.00000000  -0.00000000   0.00000000  -0.00000000   0.00000000  -0.00000000   0.00000000  -0.00000000   0.00000000  -0.00000000   0.00000000  -0.00000000   0.00000000  -0.00000000   0.00000000  -0.00000000 
-25.52810000   0.00000000  -0.00000000   0.00000000  -0.00000000   0.00000000  -0.00000000   0.00000000  -0.00000000   0.00000000  -0.00000000   0.00000000  -0.00000000   0.00000000  -0.00000000   0.00000000  -0.00000000   0.00000000  -0.00000000 
-25.41210000   0.00000000  -0.00000000   0.00000000  -0.00000000   0.00000000  -0.00000000   0.00000000  -0.00000000   0.00000000  -0.00000000   0.00000000  -0.00000000   0.00000000  -0.00000000   0.00000000  -0.00000000   0.00000000  -0.00000000 
-25.29710000   0.00000000  -0.00000000   0.00000000  -0.00000000   0.00000000  -0.00000000   0.00000000  -0.00000000   0.00000000  -0.00000000   0.00000000  -0.00000000   0.00000000  -0.00000000   0.00000000  -0.00000000   0.00000000  -0.00000000 
-25.18110000   0.00000000  -0.00000000   0.00000000  -0.00000000   0.00000000  -0.00000000   0.00000000  -0.00000000   0.00000000  -0.00000000   0.00000000  -0.00000000   0.00000000  -0.00000000   0.00000000  -0.00000000   0.00000000  -0.00000000 
-25.06510000   0.00000000  -0.00000000   0.00000000  -0.00000000   0.00000000  -0.00000000   0.00000000  -0.00000000   0.00000000  -0.00000000   0.00000000  -0.00000000   0.00000000  -0.00000000   0.00000000  -0.00000000   0.00000000  -0.00000000 
-24.94910000   0.00000000  -0.00000000   0.00000000  -0.00000000   0.00000000  -0.00000000   0.00000000  -0.00000000   0.00000000  -0.00000000   0.00000000  -0.00000000   0.00000000  -0.00000000   0.00000000  -0.00000000   0.00000000  -0.00000000 
-24.83410000   0.00000000  -0.00000000   0.00000000  -0.00000000   0.00000000  -0.00000000   0.00000000  -0.00000000   0.00000000  -0.00000000   0.00000000  -0.00000000   0.00000000  -0.00000000   0.00000000  -0.00000000   0.00000000  -0.00000000 
-24.71810000   0.00000000  -0.00000000   0.00000000  -0.00000000   0.00000000  -0.00000000   0.00000000  -0.00000000   0.00000000  -0.00000000   0.00000000  -0.00000000   0.00000000  -0.00000000   0.00000000  -0.00000000   0.00000000  -0.00000000 
-24.60210000   0.00000000  -0.00000000   0.00000000  -0.00000000   0.00000000  -0.00000000   0.00000000  -0.00000000   0.00000000  -0.00000000   0.00000000  -0.00000000   0.00000000  -0.00000000   0.00000000  -0.00000000   0.00000000  -0.00000000 
-24.48610000   0.00000000  -0.00000000   0.00000000  -0.00000000   0.00000000  -0.00000000   0.00000000  -0.00000000   0.00000000  -0.00000000   0.00000000  -0.00000000   0.00000000  -0.00000000   0.00000000  -0.00000000   0.00000000  -0.00000000 
-24.37110000   0.00000000  -0.00000000   0.00000000  -0.00000000   0.00000000  -0.00000000   0.00000000  -0.00000000   0.00000000  -0.00000000   0.00000000  -0.00000000   0.00000000  -0.00000000   0.00000000  -0.00000000   0.00000000  -0.00000000 
-24.25510000   0.00000000  -0.00000000   0.00000000  -0.00000000   0.00000000  -0.00000000   0.00000000  -0.00000000   0.00000000  -0.00000000   0.00000000  -0.00000000   0.00000000  -0.00000000   0.00000000  -0.00000000   0.00000000  -0.00000000 
-24.13910000   0.00000000  -0.00000000   0.00000000  -0.00000000   0.00000000  -0.00000000   0.00000000  -0.00000000   0.00000000  -0.00000000   0.00000000  -0.00000000   0.00000000  -0.00000000   0.00000000  -0.00000000   0.00000000  -0.00000000 
-24.02310000   0.00000000  -0.00000000   0.00000000  -0.00000000   0.00000000  -0.00000000   0.00000000  -0.00000000   0.00000000  -0.00000000   0.00000000  -0.00000000   0.00000000  -0.00000000   0.00000000  -0.00000000   0.00000000  -0.00000000 
-23.90810000   0.00000000  -0.00000000   0.00000000  -0.00000000   0.00000000  -0.00000000   0.00000000  -0.00000000   0.00000000  -0.00000000   0.00000000  -0.00000000   0.00000000  -0.00000000   0.00000000  -0.00000000   0.00000000  -0.00000000 
-23.79210000   0.00000000  -0.00000000   0.00000000  -0.00000000   0.00000000  -0.00000000   0.00000000  -0.00000000   0.00000000  -0.00000000   0.00000000  -0.00000000   0.00000000  -0.00000000   0.00000000  -0.00000000   0.00000000  -0.00000000 
-23.67610000   0.00000000  -0.00000000   0.00000000  -0.00000000   0.00000000  -0.00000000   0.00000000  -0.00000000   0.00000000  -0.00000000   0.00000000  -0.00000000   0.00000000  -0.00000000   0.00000000  -0.00000000   0.00000000  -0.00000000 
-23.56010000   0.00000000  -0.00000000   0.00000000  -0.00000000   0.00000000  -0.00000000   0.00000000  -0.00000000   0.00000000  -0.00000000   0.00000000  -0.00000000   0.00000000  -0.00000000   0.00000000  -0.00000000   0.00000000  -0.00000000 
-23.44410000   0.00000000  -0.00000000   0.00000000  -0.00000000   0.00000000  -0.00000000   0.00000000  -0.00000000   0.00000000  -0.00000000   0.00000000  -0.00000000   0.00000000  -0.00000000   0.00000000  -0.00000000   0.00000000  -0.00000000 
-23.32910000   0.00000000  -0.00000000   0.00000000  -0.00000000   0.00000000  -0.00000000   0.00000000  -0.00000000   0.00000000  -0.00000000   0.00000000  -0.00000000   0.00000000  -0.00000000   0.00000000  -0.00000000   0.00000000  -0.00000000 
-23.21310000   0.00000000  -0.00000000   0.00000000  -0.00000000   0.00000000  -0.00000000   0.00000000  -0.00000000   0.00000000  -0.00000000   0.00000000  -0.00000000   0.00000000  -0.00000000   0.00000000  -0.00000000   0.00000000  -0.00000000 
-23.09710000   0.00000000  -0.00000000   0.00000000  -0.00000000   0.00000000  -0.00000000   0.00000000  -0.00000000   0.00000000  -0.00000000   0.00000000  -0.00000000   0.00000000  -0.00000000   0.00000000  -0.00000000   0.00000000  -0.00000000 
-22.98110000   0.00000000  -0.00000000   0.00000000  -0.00000000   0.00000000  -0.00000000   0.00000000  -0.00000000   0.00000000  -0.00000000   0.00000000  -0.00000000   0.00000000  -0.00000000   0.00000000  -0.00000000   0.00000000  -0.00000000 
-22.86610000   0.00000000  -0.00000000   0.00000000  -0.00000000   0.00000000  -0.00000000   0.00000000  -0.00000000   0.00000000  -0.00000000   0.00000000  -0.00000000   0.00000000  -0.00000000   0.00000000  -0.00000000   0.00000000  -0.00000000 
-22.75010000   0.00000000  -0.00000000   0.00000000  -0.00000000   0.00000000  -0.00000000   0.00000000  -0.00000000   0.00000000  -0.00000000   0.00000000  -0.00000000   0.00000000  -0.00000000   0.00000000  -0.00000000   0.00000000  -0.00000000 
-22.63410000   0.00000000  -0.00000000   0.00000000  -0.00000000   0.00000000  -0.00000000   0.00000000  -0.00000000   0.00000000  -0.00000000   0.00000000  -0.00000000   0.00000000  -0.00000000   0.00000000  -0.00000000   0.00000000  -0.00000000 
-22.51810000   0.00000000  -0.00000000   0.00000000  -0.00000000   0.00000000  -0.00000000   0.00000000  -0.00000000   0.00000000  -0.00000000   0.00000000  -0.00000000   0.00000000  -0.00000000   0.00000000  -0.00000000   0.00000000  -0.00000000 
-22.40310000   0.00000000  -0.00000000   0.00000000  -0.00000000   0.00000000  -0.00000000   0.00000000  -0.00000000   0.00000000  -0.00000000   0.00000000  -0.00000000   0.00000000  -0.00000000   0.00000000  -0.00000000   0.00000000  -0.00000000 
-22.28710000   0.00000000  -0.00000000   0.00000000  -0.00000000   0.00000000  -0.00000000   0.00000000  -0.00000000   0.00000000  -0.00000000   0.00000000  -0.00000000   0.00000000  -0.00000000   0.00000000  -0.00000000   0.00000000  -0.00000000 
-22.17110000   0.00000000  -0.00000000   0.00000000  -0.00000000   0.00000000  -0.00000000   0.00000000  -0.00000000   0.00000000  -0.00000000   0.00000000  -0.00000000   0.00000000  -0.00000000   0.00000000  -0.00000000   0.00000000  -0.00000000 
-22.05510000   0.00000000  -0.00000000   0.00000000  -0.00000000   0.00000000  -0.00000000   0.00000000  -0.00000000   0.00000000  -0.00000000   0.00000000  -0.00000000   0.00000000  -0.00000000   0.00000000  -0.00000000   0.00000000  -0.00000000 
-21.94010000   0.00000000  -0.00000000   0.00000000  -0.00000000   0.00000000  -0.00000000   0.00000000  -0.00000000   0.00000000  -0.00000000   0.00000000  -0.00000000   0.00000000  -0.00000000   0.00000000  -0.00000000   0.00000000  -0.00000000 
-21.82410000   0.00000000  -0.00000000   0.00000000  -0.00000000   0.00000000  -0.00000000   0.00000000  -0.00000000   0.00000000  -0.00000000   0.00000000  -0.00000000   0.00000000  -0.00000000   0.00000000  -0.00000000   0.00000000  -0.00000000 
-21.70810000   0.00000000  -0.00000000   0.00000000  -0.00000000   0.00000000  -0.00000000   0.00000000  -0.00000000   0.00000000  -0.00000000   0.00000000  -0.00000000   0.00000000  -0.00000000   0.00000000  -0.00000000   0.00000000  -0.00000000 
-21.59210000   0.00000000  -0.00000000   0.00000000  -0.00000000   0.00000000  -0.00000000   0.00000000  -0.00000000   0.00000000  -0.00000000   0.00000000  -0.00000000   0.00000000  -0.00000000   0.00000000  -0.00000000   0.00000000  -0.00000000 
-21.47710000   0.00000000  -0.00000000   0.00000000  -0.00000000   0.00000000  -0.00000000   0.00000000  -0.00000000   0.00000000  -0.00000000   0.00000000  -0.00000000   0.00000000  -0.00000000   0.00000000  -0.00000000   0.00000000  -0.00000000 
-21.36110000   0.00000000  -0.00000000   0.00000000  -0.00000000   0.00000000  -0.00000000   0.00000000  -0.00000000   0.00000000  -0.00000000   0.00000000  -0.00000000   0.00000000  -0.00000000   0.00000000  -0.00000000   0.00000000  -0.00000000 
-21.24510000   0.00000000  -0.00000000   0.00000000  -0.00000000   0.00000000  -0.00000000   0.00000000  -0.00000000   0.00000000  -0.00000000   0.00000000  -0.00000000   0.00000000  -0.00000000   0.00000000  -0.00000000   0.00000000  -0.00000000 
-21.12910000   0.00000000  -0.00000000   0.00000000  -0.00000000   0.00000000  -0.00000000   0.00000000  -0.00000000   0.00000000  -0.00000000   0.00000000  -0.00000000   0.00000000  -0.00000000   0.00000000  -0.00000000   0.00000000  -0.00000000 
-21.01410000   0.00000000  -0.00000000   0.00000000  -0.00000000   0.00000000  -0.00000000   0.00000000  -0.00000000   0.00000000  -0.00000000   0.00000000  -0.00000000   0.00000000  -0.00000000   0.00000000  -0.00000000   0.00000000  -0.00000000 
-20.89810000   0.00000000  -0.00000000   0.00000000  -0.00000000   0.00000000  -0.00000000   0.00000000  -0.00000000   0.00000000  -0.00000000   0.00000000  -0.00000000   0.00000000  -0.00000000   0.00000000  -0.00000000   0.00000000  -0.00000000 
-20.78210000   0.00000000  -0.00000000   0.00000000  -0.00000000   0.00000000  -0.00000000   0.00000000  -0.00000000   0.00000000  -0.00000000   0.00000000  -0.00000000   0.00000000  -0.00000000   0.00000000  -0.00000000   0.00000000  -0.00000000 
-20.66610000   0.00000000  -0.00000000   0.00000000  -0.00000000   0.00000000  -0.00000000   0.00000000  -0.00000000   0.00000000  -0.00000000   0.00000000  -0.00000000   0.00000000  -0.00000000   0.00000000  -0.00000000   0.00000000  -0.00000000 
-20.55110000   0.00000000  -0.00000000   0.00000000  -0.00000000   0.00000000  -0.00000000   0.00000000  -0.00000000   0.00000000  -0.00000000   0.00000000  -0.00000000   0.00000000  -0.00000000   0.00000000  -0.00000000   0.00000000  -0.00000000 
-20.43510000   0.00000000  -0.00000000   0.00000000  -0.00000000   0.00000000  -0.00000000   0.00000000  -0.00000000   0.00000000  -0.00000000   0.00000000  -0.00000000   0.00000000  -0.00000000   0.00000000  -0.00000000   0.00000000  -0.00000000 
-20.31910000   0.00000000  -0.00000000   0.00000000  -0.00000000   0.00000000  -0.00000000   0.00000000  -0.00000000   0.00000000  -0.00000000   0.00000000  -0.00000000   0.00000000  -0.00000000   0.00000000  -0.00000000   0.00000000  -0.00000000 
-20.20310000   0.00000000  -0.00000000   0.00000000  -0.00000000   0.00000000  -0.00000000   0.00000000  -0.00000000   0.00000000  -0.00000000   0.00000000  -0.00000000   0.00000000  -0.00000000   0.00000000  -0.00000000   0.00000000  -0.00000000 
-20.08810000   0.00000000  -0.00000000   0.00000000  -0.00000000   0.00000000  -0.00000000   0.00000000  -0.00000000   0.00000000  -0.00000000   0.00000000  -0.00000000   0.00000000  -0.00000000   0.00000000  -0.00000000   0.00000000  -0.00000000 
-19.97210000   0.00000000  -0.00000000   0.00000000  -0.00000000   0.00000000  -0.00000000   0.00000000  -0.00000000   0.00000000  -0.00000000   0.00000000  -0.00000000   0.00000000  -0.00000000   0.00000000  -0.00000000   0.00000000  -0.00000000 
-19.85610000   0.00000000  -0.00000000   0.00000000  -0.00000000   0.00000000  -0.00000000   0.00000000  -0.00000000   0.00000000  -0.00000000   0.00000000  -0.00000000   0.00000000  -0.00000000   0.00000000  -0.00000000   0.00000000  -0.00000000 
-19.74010000   0.00000000  -0.00000000   0.00000000  -0.00000000   0.00000000  -0.00000000   0.00000000  -0.00000000   0.00000000  -0.00000000   0.00000000  -0.00000000   0.00000000  -0.00000000   0.00000000  -0.00000000   0.00000000  -0.00000000 
-19.62510000   0.00000000  -0.00000000   0.00000000  -0.00000000   0.00000000  -0.00000000   0.00000000  -0.00000000   0.00000000  -0.00000000   0.00000000  -0.00000000   0.00000000  -0.00000000   0.00000000  -0.00000000   0.00000000  -0.00000000 
-19.50910000   0.00000001  -0.00000001   0.00000000  -0.00000000   0.00000000  -0.00000000   0.00000000  -0.00000000   0.00000000  -0.00000000   0.00000000  -0.00000000   0.00000000  -0.00000000   0.00000000  -0.00000000   0.00000000  -0.00000000 
-19.39310000   0.00000003  -0.00000003   0.00000000  -0.00000000   0.00000000  -0.00000000   0.00000000  -0.00000000   0.00000000  -0.00000000   0.00000000  -0.00000000   0.00000000  -0.00000000   0.00000000  -0.00000000   0.00000000  -0.00000000 
-19.27710000   0.00000008  -0.00000008   0.00000000  -0.00000000   0.00000001  -0.00000001   0.00000000  -0.00000000   0.00000000  -0.00000000   0.00000000  -0.00000000   0.00000000  -0.00000000   0.00000000  -0.00000000   0.00000000  -0.00000000 
-19.16110000   0.00000013  -0.00000013   0.00000000  -0.00000000   0.00000001  -0.00000001   0.00000001  -0.00000001   0.00000000  -0.00000000   0.00000000  -0.00000000   0.00000000  -0.00000000   0.00000000  -0.00000000   0.00000000  -0.00000000 
-19.04610000   0.00000010  -0.00000010   0.00000000  -0.00000000   0.00000001  -0.00000001   0.00000000  -0.00000000   0.00000000  -0.00000000   0.00000000  -0.00000000   0.00000000  -0.00000000   0.00000000  -0.00000000   0.00000000  -0.00000000 
-18.93010000   0.00000004  -0.00000004   0.00000000  -0.00000000   0.00000000  -0.00000000   0.00000000  -0.00000000   0.00000000  -0.00000000   0.00000000  -0.00000000   0.00000000  -0.00000000   0.00000000  -0.00000000   0.00000000  -0.00000000 
-18.81410000   0.00000001  -0.00000001   0.00000000  -0.00000000   0.00000000  -0.00000000   0.00000000  -0.00000000   0.00000000  -0.00000000   0.00000000  -0.00000000   0.00000000  -0.00000000   0.00000000  -0.00000000   0.00000000  -0.00000000 
-18.69810000   0.00000000  -0.00000000   0.00000000  -0.00000000   0.00000000  -0.00000000   0.00000000  -0.00000000   0.00000000  -0.00000000   0.00000000  -0.00000000   0.00000000  -0.00000000   0.00000000  -0.00000000   0.00000000  -0.00000000 
-18.58310000   0.00000000  -0.00000000   0.00000000  -0.00000000   0.00000000  -0.00000000   0.00000000  -0.00000000   0.00000000  -0.00000000   0.00000000  -0.00000000   0.00000000  -0.00000000   0.00000000  -0.00000000   0.00000000  -0.00000000 
-18.46710000   0.00000000  -0.00000000   0.00000000  -0.00000000   0.00000000  -0.00000000   0.00000000  -0.00000000   0.00000000  -0.00000000   0.00000000  -0.00000000   0.00000000  -0.00000000   0.00000000  -0.00000000   0.00000000  -0.00000000 
-18.35110000   0.00000000  -0.00000000   0.00000000  -0.00000000   0.00000000  -0.00000000   0.00000000  -0.00000000   0.00000000  -0.00000000   0.00000000  -0.00000000   0.00000000  -0.00000000   0.00000000  -0.00000000   0.00000000  -0.00000000 
-18.23510000   0.00000000  -0.00000000   0.00000000  -0.00000000   0.00000000  -0.00000000   0.00000000  -0.00000000   0.00000000  -0.00000000   0.00000000  -0.00000000   0.00000000  -0.00000000   0.00000000  -0.00000000   0.00000000  -0.00000000 
-18.12010000   0.00000000  -0.00000000   0.00000000  -0.00000000   0.00000000  -0.00000000   0.00000000  -0.00000000   0.00000000  -0.00000000   0.00000000  -0.00000000   0.00000000  -0.00000000   0.00000000  -0.00000000   0.00000000  -0.00000000 
-18.00410000   0.00000000  -0.00000000   0.00000000  -0.00000000   0.00000000  -0.00000000   0.00000000  -0.00000000   0.00000000  -0.00000000   0.00000000  -0.00000000   0.00000000  -0.00000000   0.00000000  -0.00000000   0.00000000  -0.00000000 
-17.88810000   0.00000000  -0.00000000   0.00000000  -0.00000000   0.00000000  -0.00000000   0.00000000  -0.00000000   0.00000000  -0.00000000   0.00000000  -0.00000000   0.00000000  -0.00000000   0.00000000  -0.00000000   0.00000000  -0.00000000 
-17.77210000   0.00000000  -0.00000000   0.00000000  -0.00000000   0.00000000  -0.00000000   0.00000000  -0.00000000   0.00000000  -0.00000000   0.00000000  -0.00000000   0.00000000  -0.00000000   0.00000000  -0.00000000   0.00000000  -0.00000000 
-17.65710000   0.00000000  -0.00000000   0.00000000  -0.00000000   0.00000000  -0.00000000   0.00000000  -0.00000000   0.00000000  -0.00000000   0.00000000  -0.00000000   0.00000000  -0.00000000   0.00000000  -0.00000000   0.00000000  -0.00000000 
-17.54110000   0.00000000  -0.00000000   0.00000000  -0.00000000   0.00000000  -0.00000000   0.00000000  -0.00000000   0.00000000  -0.00000000   0.00000000  -0.00000000   0.00000000  -0.00000000   0.00000000  -0.00000000   0.00000000  -0.00000000 
-17.42510000   0.00000000  -0.00000000   0.00000000  -0.00000000   0.00000000  -0.00000000   0.00000000  -0.00000000   0.00000000  -0.00000000   0.00000000  -0.00000000   0.00000000  -0.00000000   0.00000000  -0.00000000   0.00000000  -0.00000000 
-17.30910000   0.00000001  -0.00000001   0.00000000  -0.00000000   0.00000000  -0.00000000   0.00000000  -0.00000000   0.00000000  -0.00000000   0.00000000  -0.00000000   0.00000000  -0.00000000   0.00000000  -0.00000000   0.00000000  -0.00000000 
-17.19410000   0.00000008  -0.00000008   0.00000000  -0.00000000   0.00000000  -0.00000000   0.00000000  -0.00000000   0.00000000  -0.00000000   0.00000000  -0.00000000   0.00000000  -0.00000000   0.00000000  -0.00000000   0.00000000  -0.00000000 
-17.07810000   0.00000065  -0.00000065   0.00000000  -0.00000000   0.00000003  -0.00000003   0.00000000  -0.00000000   0.00000000  -0.00000000   0.00000000  -0.00000000   0.00000000  -0.00000000   0.00000000  -0.00000000   0.00000000  -0.00000000 
-16.96210000   0.00000266  -0.00000266   0.00000000  -0.00000000   0.00000013  -0.00000013   0.00000001  -0.00000001   0.00000000  -0.00000000   0.00000000  -0.00000000   0.00000000  -0.00000000   0.00000000  -0.00000000   0.00000000  -0.00000000 
-16.84610000   0.00000578  -0.00000578   0.00000000  -0.00000000   0.00000029  -0.00000029   0.00000001  -0.00000001   0.00000000  -0.00000000   0.00000000  -0.00000000   0.00000000  -0.00000000   0.00000000  -0.00000000   0.00000000  -0.00000000 
-16.73110000   0.00000668  -0.00000668   0.00000000  -0.00000000   0.00000034  -0.00000034   0.00000002  -0.00000002   0.00000000  -0.00000000   0.00000000  -0.00000000   0.00000000  -0.00000000   0.00000000  -0.00000000   0.00000000  -0.00000000 
-16.61510000   0.00000453  -0.00000453   0.00000000  -0.00000000   0.00000023  -0.00000023   0.00000002  -0.00000002   0.00000000  -0.00000000   0.00000000  -0.00000000   0.00000000  -0.00000000   0.00000000  -0.00000000   0.00000000  -0.00000000 
-16.49910000   0.00000754  -0.00000754   0.00000000  -0.00000000   0.00000031  -0.00000031   0.00000004  -0.00000004   0.00000000  -0.00000000   0.00000000  -0.00000000   0.00000000  -0.00000000   0.00000000  -0.00000000   0.00000000  -0.00000000 
-16.38310000   0.00004830  -0.00004831   0.00000000  -0.00000000   0.00000185  -0.00000185   0.00000013  -0.00000013   0.00000000  -0.00000000   0.00000000  -0.00000000   0.00000000  -0.00000000   0.00000000  -0.00000000   0.00000000  -0.00000000 
-16.26810000   0.00020630  -0.00020630   0.00000001  -0.00000001   0.00000770  -0.00000770   0.00000028  -0.00000028   0.00000000  -0.00000000   0.00000000  -0.00000000   0.00000000  -0.00000000   0.00000000  -0.00000000   0.00000000  -0.00000000 
-16.15210000   0.00054170  -0.00054170   0.00000004  -0.00000004   0.00001847  -0.00001847   0.00000047  -0.00000047   0.00000000  -0.00000000   0.00000000  -0.00000000   0.00000000  -0.00000000   0.00000000  -0.00000000   0.00000000  -0.00000000 
-16.03610000   0.00144900  -0.00144900   0.00000034  -0.00000034   0.00003457  -0.00003457   0.00000079  -0.00000079   0.00000000  -0.00000000   0.00000000  -0.00000000   0.00000000  -0.00000000   0.00000000  -0.00000000   0.00000000  -0.00000000 
-15.92010000   0.00566500  -0.00566500   0.00000246  -0.00000246   0.00009627  -0.00009627   0.00000275  -0.00000275   0.00000000  -0.00000000   0.00000000  -0.00000000   0.00000000  -0.00000000   0.00000000  -0.00000000   0.00000000  -0.00000000 
-15.80510000   0.01844000  -0.01844000   0.00001085  -0.00001085   0.00029430  -0.00029430   0.00001101  -0.00001101   0.00000000  -0.00000000   0.00000000  -0.00000000   0.00000000  -0.00000000   0.00000000  -0.00000000   0.00000000  -0.00000000 
-15.68910000   0.03916000  -0.03916000   0.00003209  -0.00003209   0.00063440  -0.00063440   0.00003229  -0.00003229   0.00000000  -0.00000000   0.00000000  -0.00000000   0.00000000  -0.00000000   0.00000000  -0.00000000   0.00000000  -0.00000000 
-15.57310000   0.05844000  -0.05844000   0.00007286  -0.00007286   0.00098100  -0.00098100   0.00007346  -0.00007346   0.00000000  -0.00000000   0.00000000  -0.00000000   0.00000000  -0.00000000   0.00000000  -0.00000000   0.00000000  -0.00000000 
-15.45710000   0.06956000  -0.06956000   0.00012710  -0.00012710   0.00121100  -0.00121100   0.00012920  -0.00012920   0.00000000  -0.00000000   0.00000000  -0.00000000   0.00000000  -0.00000000   0.00000000  -0.00000000   0.00000000  -0.00000000 
-15.34210000   0.07004000  -0.07004000   0.00017120  -0.00017120   0.00125800  -0.00125800   0.00017520  -0.00017520   0.00000000  -0.00000000   0.00000000  -0.00000000   0.00000000  -0.00000000   0.00000000  -0.00000000   0.00000000  -0.00000000 
-15.22610000   0.06947000  -0.06947000   0.00022130  -0.00022130   0.00126800  -0.00126800   0.00022680  -0.00022680   0.00000000  -0.00000000   0.00000000  -0.00000000   0.00000000  -0.00000000   0.00000000  -0.00000000   0.00000000  -0.00000000 
-15.11010000   0.07767000  -0.07767000   0.00029550  -0.00029550   0.00139500  -0.00139500   0.00030360  -0.00030360   0.00000000  -0.00000000   0.00000000  -0.00000000   0.00000000  -0.00000000   0.00000000  -0.00000000   0.00000000  -0.00000000 
-14.99410000   0.07885000  -0.07885000   0.00032990  -0.00032990   0.00142400  -0.00142400   0.00033870  -0.00033870   0.00000000  -0.00000000   0.00000000  -0.00000000   0.00000000  -0.00000000   0.00000000  -0.00000000   0.00000000  -0.00000000 
-14.87810000   0.07183000  -0.07183000   0.00032950  -0.00032950   0.00132800  -0.00132800   0.00033130  -0.00033130   0.00000000  -0.00000000   0.00000000  -0.00000000   0.00000000  -0.00000000   0.00000000  -0.00000000   0.00000000  -0.00000000 
-14.76310000   0.08715000  -0.08715000   0.00039820  -0.00039820   0.00145100  -0.00145100   0.00038920  -0.00038920   0.00000000  -0.00000000   0.00000000  -0.00000000   0.00000000  -0.00000000   0.00000000  -0.00000000   0.00000000  -0.00000000 
-14.64710000   0.13300000  -0.13300000   0.00050160  -0.00050160   0.00173000  -0.00173000   0.00048890  -0.00048890   0.00000000  -0.00000000   0.00000000  -0.00000000   0.00000000  -0.00000000   0.00000000  -0.00000000   0.00000000  -0.00000000 
-14.53110000   0.18500000  -0.18500000   0.00052610  -0.00052610   0.00182600  -0.00182600   0.00051660  -0.00051660   0.00000000  -0.00000000   0.00000000  -0.00000000   0.00000000  -0.00000000   0.00000000  -0.00000000   0.00000000  -0.00000000 
-14.41510000   0.23700000  -0.23700000   0.00056650  -0.00056650   0.00202500  -0.00202500   0.00056110  -0.00056110   0.00000000  -0.00000000   0.00000000  -0.00000000   0.00000000  -0.00000000   0.00000000  -0.00000000   0.00000000  -0.00000000 
-14.30010000   0.29970000  -0.29970000   0.00073340  -0.00073340   0.00269600  -0.00269600   0.00074130  -0.00074130   0.00000000  -0.00000000   0.00000000  -0.00000000   0.00000000  -0.00000000   0.00000000  -0.00000000   0.00000000  -0.00000000 
-14.18410000   0.35610000  -0.35610000   0.00089980  -0.00089980   0.00346400  -0.00346400   0.00092960  -0.00092960   0.00000000  -0.00000000   0.00000000  -0.00000000   0.00000000  -0.00000000   0.00000000  -0.00000000   0.00000000  -0.00000000 
-14.06810000   0.40690000  -0.40690000   0.00096010  -0.00096010   0.00419900  -0.00419900   0.00099610  -0.00099610   0.00000000  -0.00000000   0.00000000  -0.00000000   0.00000000  -0.00000000   0.00000000  -0.00000000   0.00000000  -0.00000000 
-13.95210000   0.49560000  -0.49560000   0.00098720  -0.00098720   0.00541000  -0.00541000   0.00102100  -0.00102100   0.00000000  -0.00000000   0.00000000  -0.00000000   0.00000000  -0.00000000   0.00000000  -0.00000000   0.00000000  -0.00000000 
-13.83710000   0.61160000  -0.61160000   0.00097050  -0.00097050   0.00687300  -0.00687300   0.00101700  -0.00101700   0.00000000  -0.00000000   0.00000000  -0.00000000   0.00000000  -0.00000000   0.00000000  -0.00000000   0.00000000  -0.00000000 
-13.72110000   0.68820000  -0.68820000   0.00082460  -0.00082460   0.00785400  -0.00785400   0.00088140  -0.00088140   0.00000000  -0.00000000   0.00000000  -0.00000000   0.00000000  -0.00000000   0.00000000  -0.00000000   0.00000000  -0.00000000 
-13.60510000   0.64160000  -0.64160000   0.00057670  -0.00057670   0.00751600  -0.00751600   0.00062620  -0.00062620   0.00000000  -0.00000000   0.00000000  -0.00000000   0.00000000  -0.00000000   0.00000000  -0.00000000   0.00000000  -0.00000000 
-13.48910000   0.44470000  -0.44470000   0.00031920  -0.00031920   0.00537300  -0.00537300   0.00035150  -0.00035150   0.00000000  -0.00000000   0.00000000  -0.00000000   0.00000000  -0.00000000   0.00000000  -0.00000000   0.00000000  -0.00000000 
-13.37410000   0.21140000  -0.21140000   0.00013050  -0.00013050   0.00263600  -0.00263600   0.00014550  -0.00014550   0.00000000  -0.00000000   0.00000000  -0.00000000   0.00000000  -0.00000000   0.00000000  -0.00000000   0.00000000  -0.00000000 
-13.25810000   0.06576000  -0.06576000   0.00003744  -0.00003744   0.00084970  -0.00084960   0.00004195  -0.00004195   0.00000000  -0.00000000   0.00000000  -0.00000000   0.00000000  -0.00000000   0.00000000  -0.00000000   0.00000000  -0.00000000 
-13.14210000   0.01297000  -0.01297000   0.00000750  -0.00000750   0.00017420  -0.00017420   0.00000829  -0.00000829   0.00000000  -0.00000000   0.00000000  -0.00000000   0.00000000  -0.00000000   0.00000000  -0.00000000   0.00000000  -0.00000000 
-13.02610000   0.00166700  -0.00166700   0.00000124  -0.00000124   0.00002221  -0.00002221   0.00000114  -0.00000114   0.00000000  -0.00000000   0.00000000  -0.00000000   0.00000000  -0.00000000   0.00000000  -0.00000000   0.00000000  -0.00000000 
-12.91110000   0.00023860  -0.00023860   0.00000036  -0.00000036   0.00000184  -0.00000184   0.00000013  -0.00000013   0.00000000  -0.00000000   0.00000000  -0.00000000   0.00000000  -0.00000000   0.00000000  -0.00000000   0.00000000  -0.00000000 
-12.79510000   0.00008068  -0.00008068   0.00000017  -0.00000017   0.00000016  -0.00000016   0.00000003  -0.00000003   0.00000000  -0.00000000   0.00000000  -0.00000000   0.00000000  -0.00000000   0.00000000  -0.00000000   0.00000000  -0.00000000 
-12.67910000   0.00002436  -0.00002436   0.00000005  -0.00000005   0.00000003  -0.00000003   0.00000001  -0.00000001   0.00000000  -0.00000000   0.00000000  -0.00000000   0.00000000  -0.00000000   0.00000000  -0.00000000   0.00000000  -0.00000000 
-12.56310000   0.00000410  -0.00000410   0.00000001  -0.00000001   0.00000000  -0.00000000   0.00000000  -0.00000000   0.00000000  -0.00000000   0.00000000  -0.00000000   0.00000000  -0.00000000   0.00000000  -0.00000000   0.00000000  -0.00000000 
-12.44810000   0.00000037  -0.00000037   0.00000000  -0.00000000   0.00000000  -0.00000000   0.00000000  -0.00000000   0.00000000  -0.00000000   0.00000000  -0.00000000   0.00000000  -0.00000000   0.00000000  -0.00000000   0.00000000  -0.00000000 
-12.33210000   0.00000002  -0.00000002   0.00000000  -0.00000000   0.00000000  -0.00000000   0.00000000  -0.00000000   0.00000000  -0.00000000   0.00000000  -0.00000000   0.00000000  -0.00000000   0.00000000  -0.00000000   0.00000000  -0.00000000 
-12.21610000   0.00000000  -0.00000000   0.00000000  -0.00000000   0.00000000  -0.00000000   0.00000000  -0.00000000   0.00000000  -0.00000000   0.00000000  -0.00000000   0.00000000  -0.00000000   0.00000000  -0.00000000   0.00000000  -0.00000000 
-12.10010000   0.00000000  -0.00000000   0.00000000  -0.00000000   0.00000000  -0.00000000   0.00000000  -0.00000000   0.00000000  -0.00000000   0.00000000  -0.00000000   0.00000000  -0.00000000   0.00000000  -0.00000000   0.00000000  -0.00000000 
-11.98510000   0.00000000  -0.00000000   0.00000000  -0.00000000   0.00000000  -0.00000000   0.00000000  -0.00000000   0.00000000  -0.00000000   0.00000000  -0.00000000   0.00000000  -0.00000000   0.00000000  -0.00000000   0.00000000  -0.00000000 
-11.86910000   0.00000000  -0.00000000   0.00000000  -0.00000000   0.00000000  -0.00000000   0.00000003  -0.00000003   0.00000000  -0.00000000   0.00000000  -0.00000000   0.00000000  -0.00000000   0.00000000  -0.00000000   0.00000000  -0.00000000 
-11.75310000   0.00000001  -0.00000001   0.00000000  -0.00000000   0.00000000  -0.00000000   0.00000012  -0.00000012   0.00000000  -0.00000000   0.00000000  -0.00000000   0.00000000  -0.00000000   0.00000000  -0.00000000   0.00000000  -0.00000000 
-11.63710000   0.00000003  -0.00000003   0.00000001  -0.00000001   0.00000000  -0.00000000   0.00000029  -0.00000029   0.00000000  -0.00000000   0.00000000  -0.00000000   0.00000000  -0.00000000   0.00000000  -0.00000000   0.00000000  -0.00000000 
-11.52210000   0.00000004  -0.00000004   0.00000001  -0.00000001   0.00000000  -0.00000000   0.00000035  -0.00000035   0.00000000  -0.00000000   0.00000000  -0.00000000   0.00000000  -0.00000000   0.00000000  -0.00000000   0.00000000  -0.00000000 
-11.40610000   0.00000003  -0.00000003   0.00000000  -0.00000000   0.00000000  -0.00000000   0.00000023  -0.00000023   0.00000000  -0.00000000   0.00000000  -0.00000000   0.00000000  -0.00000000   0.00000000  -0.00000000   0.00000000  -0.00000000 
-11.29010000   0.00000001  -0.00000001   0.00000000  -0.00000000   0.00000000  -0.00000000   0.00000008  -0.00000008   0.00000000  -0.00000000   0.00000000  -0.00000000   0.00000000  -0.00000000   0.00000000  -0.00000000   0.00000000  -0.00000000 
-11.17410000   0.00000000  -0.00000000   0.00000000  -0.00000000   0.00000000  -0.00000000   0.00000001  -0.00000001   0.00000000  -0.00000000   0.00000000  -0.00000000   0.00000000  -0.00000000   0.00000000  -0.00000000   0.00000000  -0.00000000 
-11.05910000   0.00000000  -0.00000000   0.00000000  -0.00000000   0.00000000  -0.00000000   0.00000000  -0.00000000   0.00000000  -0.00000000   0.00000000  -0.00000000   0.00000000  -0.00000000   0.00000000  -0.00000000   0.00000000  -0.00000000 
-10.94310000   0.00000000  -0.00000000   0.00000000  -0.00000000   0.00000000  -0.00000000   0.00000000  -0.00000000   0.00000000  -0.00000000   0.00000000  -0.00000000   0.00000000  -0.00000000   0.00000000  -0.00000000   0.00000000  -0.00000000 
-10.82710000   0.00000000  -0.00000000   0.00000000  -0.00000000   0.00000000  -0.00000000   0.00000000  -0.00000000   0.00000000  -0.00000000   0.00000000  -0.00000000   0.00000000  -0.00000000   0.00000000  -0.00000000   0.00000000  -0.00000000 
-10.71110000   0.00000000  -0.00000000   0.00000000  -0.00000000   0.00000000  -0.00000000   0.00000000  -0.00000000   0.00000000  -0.00000000   0.00000000  -0.00000000   0.00000000  -0.00000000   0.00000000  -0.00000000   0.00000000  -0.00000000 
-10.59510000   0.00000000  -0.00000000   0.00000000  -0.00000000   0.00000000  -0.00000000   0.00000000  -0.00000000   0.00000000  -0.00000000   0.00000000  -0.00000000   0.00000000  -0.00000000   0.00000000  -0.00000000   0.00000000  -0.00000000 
-10.48010000   0.00000000  -0.00000000   0.00000000  -0.00000000   0.00000000  -0.00000000   0.00000000  -0.00000000   0.00000000  -0.00000000   0.00000000  -0.00000000   0.00000000  -0.00000000   0.00000000  -0.00000000   0.00000000  -0.00000000 
-10.36410000   0.00000002  -0.00000002   0.00000000  -0.00000000   0.00000001  -0.00000001   0.00000000  -0.00000000   0.00000000  -0.00000000   0.00000000  -0.00000000   0.00000000  -0.00000000   0.00000000  -0.00000000   0.00000000  -0.00000000 
-10.24810000   0.00000029  -0.00000029   0.00000001  -0.00000001   0.00000018  -0.00000018   0.00000001  -0.00000001   0.00000000  -0.00000000   0.00000000  -0.00000000   0.00000000  -0.00000000   0.00000000  -0.00000000   0.00000000  -0.00000000 
-10.13210000   0.00000199  -0.00000199   0.00000004  -0.00000004   0.00000122  -0.00000122   0.00000007  -0.00000007   0.00000000  -0.00000000   0.00000000  -0.00000000   0.00000000  -0.00000000   0.00000000  -0.00000000   0.00000000  -0.00000000 
-10.01710000   0.00000721  -0.00000721   0.00000013  -0.00000013   0.00000442  -0.00000442   0.00000023  -0.00000023   0.00000000  -0.00000000   0.00000000  -0.00000000   0.00000000  -0.00000000   0.00000000  -0.00000000   0.00000000  -0.00000000 
 -9.90110000   0.00001391  -0.00001391   0.00000025  -0.00000025   0.00000849  -0.00000849   0.00000042  -0.00000042   0.00000000  -0.00000000   0.00000000  -0.00000000   0.00000000  -0.00000000   0.00000000  -0.00000000   0.00000000  -0.00000000 
 -9.78510000   0.00001428  -0.00001428   0.00000025  -0.00000025   0.00000867  -0.00000867   0.00000042  -0.00000042   0.00000000  -0.00000000   0.00000000  -0.00000000   0.00000000  -0.00000000   0.00000000  -0.00000000   0.00000000  -0.00000000 
 -9.66910000   0.00000780  -0.00000780   0.00000013  -0.00000013   0.00000471  -0.00000471   0.00000022  -0.00000022   0.00000000  -0.00000000   0.00000000  -0.00000000   0.00000000  -0.00000000   0.00000000  -0.00000000   0.00000000  -0.00000000 
 -9.55410000   0.00000226  -0.00000226   0.00000004  -0.00000004   0.00000136  -0.00000136   0.00000006  -0.00000006   0.00000000  -0.00000000   0.00000000  -0.00000000   0.00000000  -0.00000000   0.00000000  -0.00000000   0.00000000  -0.00000000 
 -9.43810000   0.00000035  -0.00000035   0.00000001  -0.00000001   0.00000021  -0.00000021   0.00000001  -0.00000001   0.00000000  -0.00000000   0.00000000  -0.00000000   0.00000000  -0.00000000   0.00000000  -0.00000000   0.00000000  -0.00000000 
 -9.32210000   0.00000003  -0.00000003   0.00000000  -0.00000000   0.00000002  -0.00000002   0.00000000  -0.00000000   0.00000000  -0.00000000   0.00000000  -0.00000000   0.00000000  -0.00000000   0.00000000  -0.00000000   0.00000000  -0.00000000 
 -9.20610000   0.00000000  -0.00000000   0.00000000  -0.00000000   0.00000000  -0.00000000   0.00000000  -0.00000000   0.00000000  -0.00000000   0.00000000  -0.00000000   0.00000000  -0.00000000   0.00000000  -0.00000000   0.00000000  -0.00000000 
 -9.09110000   0.00000000  -0.00000000   0.00000000  -0.00000000   0.00000000  -0.00000000   0.00000000  -0.00000000   0.00000000  -0.00000000   0.00000000  -0.00000000   0.00000000  -0.00000000   0.00000000  -0.00000000   0.00000000  -0.00000000 
 -8.97510000   0.00000000  -0.00000000   0.00000000  -0.00000000   0.00000000  -0.00000000   0.00000000  -0.00000000   0.00000000  -0.00000000   0.00000000  -0.00000000   0.00000000  -0.00000000   0.00000000  -0.00000000   0.00000000  -0.00000000 
 -8.85910000   0.00000000  -0.00000000   0.00000000  -0.00000000   0.00000000  -0.00000000   0.00000000  -0.00000000   0.00000000  -0.00000000   0.00000000  -0.00000000   0.00000000  -0.00000000   0.00000000  -0.00000000   0.00000000  -0.00000000 
 -8.74310000   0.00000000  -0.00000000   0.00000001  -0.00000001   0.00000002  -0.00000002   0.00000007  -0.00000007   0.00000000  -0.00000000   0.00000000  -0.00000000   0.00000000  -0.00000000   0.00000000  -0.00000000   0.00000000  -0.00000000 
 -8.62810000   0.00000001  -0.00000001   0.00000006  -0.00000006   0.00000018  -0.00000018   0.00000063  -0.00000063   0.00000000  -0.00000000   0.00000000  -0.00000000   0.00000000  -0.00000000   0.00000000  -0.00000000   0.00000000  -0.00000000 
 -8.51210000   0.00000004  -0.00000004   0.00000029  -0.00000029   0.00000084  -0.00000084   0.00000283  -0.00000283   0.00000000  -0.00000000   0.00000000  -0.00000000   0.00000000  -0.00000000   0.00000000  -0.00000000   0.00000000  -0.00000000 
 -8.39610000   0.00000023  -0.00000023   0.00000076  -0.00000076   0.00000230  -0.00000230   0.00000675  -0.00000675   0.00000000  -0.00000000   0.00000000  -0.00000000   0.00000000  -0.00000000   0.00000000  -0.00000000   0.00000000  -0.00000000 
 -8.28010000   0.00000166  -0.00000166   0.00000158  -0.00000158   0.00000586  -0.00000586   0.00000856  -0.00000856   0.00000000  -0.00000000   0.00000000  -0.00000000   0.00000000  -0.00000000   0.00000000  -0.00000000   0.00000000  -0.00000000 
 -8.16510000   0.00000795  -0.00000795   0.00000419  -0.00000419   0.00001878  -0.00001878   0.00000590  -0.00000590   0.00000000  -0.00000000   0.00000000  -0.00000000   0.00000000  -0.00000000   0.00000000  -0.00000000   0.00000000  -0.00000000 
 -8.04910000   0.00002114  -0.00002114   0.00001015  -0.00001015   0.00004745  -0.00004745   0.00000279  -0.00000279   0.00000000  -0.00000000   0.00000000  -0.00000000   0.00000000  -0.00000000   0.00000000  -0.00000000   0.00000000  -0.00000000 
 -7.93310000   0.00003213  -0.00003213   0.00002217  -0.00002217   0.00008800  -0.00008800   0.00000868  -0.00000868   0.00000000  -0.00000000   0.00000000  -0.00000000   0.00000000  -0.00000000   0.00000000  -0.00000000   0.00000000  -0.00000000 
 -7.81710000   0.00005163  -0.00005163   0.00012680  -0.00012680   0.00030960  -0.00030960   0.00010580  -0.00010580   0.00000000  -0.00000000   0.00000000  -0.00000000   0.00000000  -0.00000000   0.00000000  -0.00000000   0.00000000  -0.00000000 
 -7.70210000   0.00021380  -0.00021380   0.00092400  -0.00092400   0.00175500  -0.00175500   0.00084080  -0.00084080   0.00000000  -0.00000000   0.00000000  -0.00000000   0.00000000  -0.00000000   0.00000000  -0.00000000   0.00000000  -0.00000000 
 -7.58610000   0.00085260  -0.00085260   0.00441000  -0.00441000   0.00678400  -0.00678400   0.00409200  -0.00409200   0.00000000  -0.00000000   0.00000000  -0.00000000   0.00000000  -0.00000000   0.00000000  -0.00000000   0.00000000  -0.00000000 
 -7.47010000   0.00216500  -0.00216500   0.01322000  -0.01322000   0.01589000  -0.01589000   0.01254000  -0.01254000   0.00000000  -0.00000000   0.00000000  -0.00000000   0.00000000  -0.00000000   0.00000000  -0.00000000   0.00000000  -0.00000000 
 -7.35410000   0.00357200  -0.00357200   0.02541000  -0.02541000   0.02413000  -0.02413000   0.02484000  -0.02484000   0.00000000  -0.00000000   0.00000000  -0.00000000   0.00000000  -0.00000000   0.00000000  -0.00000000   0.00000000  -0.00000000 
 -7.23910000   0.00431700  -0.00431700   0.03455000  -0.03455000   0.02911000  -0.02911000   0.03529000  -0.03529000   0.00000000  -0.00000000   0.00000000  -0.00000000   0.00000000  -0.00000000   0.00000000  -0.00000000   0.00000000  -0.00000000 
 -7.12310000   0.00473900  -0.00473900   0.04295000  -0.04296000   0.03706000  -0.03706000   0.04568000  -0.04568000   0.00000000  -0.00000000   0.00000000  -0.00000000   0.00000000  -0.00000000   0.00000000  -0.00000000   0.00000000  -0.00000000 
 -7.00710000   0.00539900  -0.00539900   0.05665000  -0.05665000   0.05240000  -0.05240000   0.06033000  -0.06033000   0.00000000  -0.00000000   0.00000000  -0.00000000   0.00000000  -0.00000000   0.00000000  -0.00000000   0.00000000  -0.00000000 
 -6.89110000   0.00607800  -0.00607800   0.07094000  -0.07094000   0.07100000  -0.07100000   0.07394000  -0.07394000   0.00000000  -0.00000000   0.00000000  -0.00000000   0.00000000  -0.00000000   0.00000000  -0.00000000   0.00000000  -0.00000000 
 -6.77610000   0.00660800  -0.00660800   0.08294000  -0.08294000   0.07860000  -0.07860000   0.08378000  -0.08378000   0.00000000  -0.00000000   0.00000000  -0.00000000   0.00000000  -0.00000000   0.00000000  -0.00000000   0.00000000  -0.00000000 
 -6.66010000   0.00740300  -0.00740300   0.09599000  -0.09599000   0.06439000  -0.06439000   0.09383000  -0.09383000   0.00000000  -0.00000000   0.00000000  -0.00000000   0.00000000  -0.00000000   0.00000000  -0.00000000   0.00000000  -0.00000000 
 -6.54410000   0.00842000  -0.00842000   0.10260000  -0.10260000   0.04243000  -0.04243000   0.09872000  -0.09872000   0.00000000  -0.00000000   0.00000000  -0.00000000   0.00000000  -0.00000000   0.00000000  -0.00000000   0.00000000  -0.00000000 
 -6.42810000   0.00820500  -0.00820500   0.08870000  -0.08870000   0.02980000  -0.02980000   0.08441000  -0.08441000   0.00000000  -0.00000000   0.00000000  -0.00000000   0.00000000  -0.00000000   0.00000000  -0.00000000   0.00000000  -0.00000000 
 -6.31210000   0.00647600  -0.00647600   0.06333000  -0.06333000   0.02432000  -0.02432000   0.05964000  -0.05964000   0.00000000  -0.00000000   0.00000000  -0.00000000   0.00000000  -0.00000000   0.00000000  -0.00000000   0.00000000  -0.00000000 
 -6.19710000   0.00478000  -0.00478000   0.04635000  -0.04635000   0.01970000  -0.01970000   0.04508000  -0.04508000   0.00000000  -0.00000000   0.00000000  -0.00000000   0.00000000  -0.00000000   0.00000000  -0.00000000   0.00000000  -0.00000000 
 -6.08110000   0.00431500  -0.00431500   0.03964000  -0.03964000   0.01828000  -0.01828000   0.04124000  -0.04124000   0.00000000  -0.00000000   0.00000000  -0.00000000   0.00000000  -0.00000000   0.00000000  -0.00000000   0.00000000  -0.00000000 
 -5.96510000   0.00594700  -0.00594700   0.03602000  -0.03602000   0.02752000  -0.02752000   0.03870000  -0.03870000   0.00000000  -0.00000000   0.00000000  -0.00000000   0.00000000  -0.00000000   0.00000000  -0.00000000   0.00000000  -0.00000000 
 -5.84910000   0.01084000  -0.01084000   0.03200000  -0.03200000   0.05472000  -0.05472000   0.03412000  -0.03412000   0.00000000  -0.00000000   0.00000000  -0.00000000   0.00000000  -0.00000000   0.00000000  -0.00000000   0.00000000  -0.00000000 
 -5.73410000   0.01909000  -0.01909000   0.03251000  -0.03251000   0.09454000  -0.09454000   0.03437000  -0.03437000   0.00000000  -0.00000000   0.00000000  -0.00000000   0.00000000  -0.00000000   0.00000000  -0.00000000   0.00000000  -0.00000000 
 -5.61810000   0.02764000  -0.02764000   0.04122000  -0.04122000   0.12180000  -0.12180000   0.04419000  -0.04419000   0.00000000  -0.00000000   0.00000000  -0.00000000   0.00000000  -0.00000000   0.00000000  -0.00000000   0.00000000  -0.00000000 
 -5.50210000   0.03220000  -0.03220000   0.05268000  -0.05268000   0.11900000  -0.11900000   0.05677000  -0.05677000   0.00000000  -0.00000000   0.00000000  -0.00000000   0.00000000  -0.00000000   0.00000000  -0.00000000   0.00000000  -0.00000000 
 -5.38610000   0.03117000  -0.03117000   0.06116000  -0.06116000   0.09602000  -0.09602000   0.06368000  -0.06368000   0.00000000  -0.00000000   0.00000000  -0.00000000   0.00000000  -0.00000000   0.00000000  -0.00000000   0.00000000  -0.00000000 
 -5.27110000   0.02554000  -0.02554000   0.06472000  -0.06472000   0.07122000  -0.07122000   0.06344000  -0.06344000   0.00000000  -0.00000000   0.00000000  -0.00000000   0.00000000  -0.00000000   0.00000000  -0.00000000   0.00000000  -0.00000000 
 -5.15510000   0.01720000  -0.01720000   0.06351000  -0.06351000   0.05564000  -0.05564000   0.05923000  -0.05923000   0.00000000  -0.00000000   0.00000000  -0.00000000   0.00000000  -0.00000000   0.00000000  -0.00000000   0.00000000  -0.00000000 
 -5.03910000   0.01054000  -0.01054000   0.07034000  -0.07034000   0.05746000  -0.05746000   0.06338000  -0.06338000   0.00000000  -0.00000000   0.00000000  -0.00000000   0.00000000  -0.00000000   0.00000000  -0.00000000   0.00000000  -0.00000000 
 -4.92310000   0.00855000  -0.00855000   0.09411000  -0.09411000   0.07100000  -0.07100000   0.08482000  -0.08482000   0.00000000  -0.00000000   0.00000000  -0.00000000   0.00000000  -0.00000000   0.00000000  -0.00000000   0.00000000  -0.00000000 
 -4.80810000   0.00862600  -0.00862600   0.11540000  -0.11540000   0.07623000  -0.07623000   0.10840000  -0.10840000   0.00000000  -0.00000000   0.00000000  -0.00000000   0.00000000  -0.00000000   0.00000000  -0.00000000   0.00000000  -0.00000000 
 -4.69210000   0.00840500  -0.00840500   0.11810000  -0.11810000   0.07113000  -0.07113000   0.11850000  -0.11850000   0.00000000  -0.00000000   0.00000000  -0.00000000   0.00000000  -0.00000000   0.00000000  -0.00000000   0.00000000  -0.00000000 
 -4.57610000   0.00773000  -0.00773000   0.10600000  -0.10600000   0.06251000  -0.06251000   0.11140000  -0.11140000   0.00000000  -0.00000000   0.00000000  -0.00000000   0.00000000  -0.00000000   0.00000000  -0.00000000   0.00000000  -0.00000000 
 -4.46010000   0.00617900  -0.00617900   0.08423000  -0.08423000   0.04840000  -0.04840000   0.08851000  -0.08851000   0.00000000  -0.00000000   0.00000000  -0.00000000   0.00000000  -0.00000000   0.00000000  -0.00000000   0.00000000  -0.00000000 
 -4.34510000   0.00431100  -0.00431100   0.06090000  -0.06090000   0.03549000  -0.03549000   0.06175000  -0.06175000   0.00000000  -0.00000000   0.00000000  -0.00000000   0.00000000  -0.00000000   0.00000000  -0.00000000   0.00000000  -0.00000000 
 -4.22910000   0.00350200  -0.00350200   0.05109000  -0.05109000   0.03321000  -0.03321000   0.04905000  -0.04905000   0.00000000  -0.00000000   0.00000000  -0.00000000   0.00000000  -0.00000000   0.00000000  -0.00000000   0.00000000  -0.00000000 
 -4.11310000   0.00402400  -0.00402400   0.05971000  -0.05971000   0.03601000  -0.03601000   0.05731000  -0.05731000   0.00000000  -0.00000000   0.00000000  -0.00000000   0.00000000  -0.00000000   0.00000000  -0.00000000   0.00000000  -0.00000000 
 -3.99710000   0.00496600  -0.00496600   0.07113000  -0.07113000   0.03925000  -0.03925000   0.07258000  -0.07258000   0.00000000  -0.00000000   0.00000000  -0.00000000   0.00000000  -0.00000000   0.00000000  -0.00000000   0.00000000  -0.00000000 
 -3.88210000   0.00643300  -0.00643300   0.07155000  -0.07155000   0.05575000  -0.05575000   0.07596000  -0.07596000   0.00000000  -0.00000000   0.00000000  -0.00000000   0.00000000  -0.00000000   0.00000000  -0.00000000   0.00000000  -0.00000000 
 -3.76610000   0.00987900  -0.00987900   0.06814000  -0.06814000   0.10130000  -0.10130000   0.07005000  -0.07005000   0.00000000  -0.00000000   0.00000000  -0.00000000   0.00000000  -0.00000000   0.00000000  -0.00000000   0.00000000  -0.00000000 
 -3.65010000   0.01403000  -0.01403000   0.07433000  -0.07433000   0.15890000  -0.15890000   0.07263000  -0.07263000   0.00000000  -0.00000000   0.00000000  -0.00000000   0.00000000  -0.00000000   0.00000000  -0.00000000   0.00000000  -0.00000000 
 -3.53410000   0.01560000  -0.01560000   0.08753000  -0.08753000   0.18670000  -0.18670000   0.08479000  -0.08479000   0.00000000  -0.00000000   0.00000000  -0.00000000   0.00000000  -0.00000000   0.00000000  -0.00000000   0.00000000  -0.00000000 
 -3.41910000   0.01425000  -0.01425000   0.09711000  -0.09711000   0.17210000  -0.17210000   0.09323000  -0.09323000   0.00000000  -0.00000000   0.00000000  -0.00000000   0.00000000  -0.00000000   0.00000000  -0.00000000   0.00000000  -0.00000000 
 -3.30310000   0.01134000  -0.01134000   0.10230000  -0.10230000   0.13380000  -0.13380000   0.09727000  -0.09727000   0.00000000  -0.00000000   0.00000000  -0.00000000   0.00000000  -0.00000000   0.00000000  -0.00000000   0.00000000  -0.00000000 
 -3.18710000   0.00892100  -0.00892100   0.10180000  -0.10180000   0.10480000  -0.10480000   0.09816000  -0.09816000   0.00000000  -0.00000000   0.00000000  -0.00000000   0.00000000  -0.00000000   0.00000000  -0.00000000   0.00000000  -0.00000000 
 -3.07110000   0.00819600  -0.00819600   0.09520000  -0.09520000   0.10170000  -0.10170000   0.09393000  -0.09393000   0.00000000  -0.00000000   0.00000000  -0.00000000   0.00000000  -0.00000000   0.00000000  -0.00000000   0.00000000  -0.00000000 
 -2.95610000   0.00702700  -0.00702700   0.08355000  -0.08355000   0.09668000  -0.09668000   0.08400000  -0.08400000   0.00000000  -0.00000000   0.00000000  -0.00000000   0.00000000  -0.00000000   0.00000000  -0.00000000   0.00000000  -0.00000000 
 -2.84010000   0.00480000  -0.00480000   0.07136000  -0.07136000   0.07916000  -0.07916000   0.07273000  -0.07273000   0.00000000  -0.00000000   0.00000000  -0.00000000   0.00000000  -0.00000000   0.00000000  -0.00000000   0.00000000  -0.00000000 
 -2.72410000   0.00354000  -0.00354000   0.06467000  -0.06467000   0.06579000  -0.06579000   0.06586000  -0.06586000   0.00000000  -0.00000000   0.00000000  -0.00000000   0.00000000  -0.00000000   0.00000000  -0.00000000   0.00000000  -0.00000000 
 -2.60810000   0.00398100  -0.00398100   0.05891000  -0.05891000   0.05927000  -0.05927000   0.06053000  -0.06053000   0.00000000  -0.00000000   0.00000000  -0.00000000   0.00000000  -0.00000000   0.00000000  -0.00000000   0.00000000  -0.00000000 
 -2.49310000   0.00575600  -0.00575600   0.05135000  -0.05135000   0.06239000  -0.06239000   0.05517000  -0.05517000   0.00000000  -0.00000000   0.00000000  -0.00000000   0.00000000  -0.00000000   0.00000000  -0.00000000   0.00000000  -0.00000000 
 -2.37710000   0.00741700  -0.00741700   0.04660000  -0.04660000   0.07106000  -0.07106000   0.05133000  -0.05133000   0.00000000  -0.00000000   0.00000000  -0.00000000   0.00000000  -0.00000000   0.00000000  -0.00000000   0.00000000  -0.00000000 
 -2.26110000   0.00738800  -0.00738800   0.04311000  -0.04311000   0.07073000  -0.07073000   0.04658000  -0.04658000   0.00000000  -0.00000000   0.00000000  -0.00000000   0.00000000  -0.00000000   0.00000000  -0.00000000   0.00000000  -0.00000000 
 -2.14510000   0.00608500  -0.00608500   0.03903000  -0.03903000   0.06118000  -0.06118000   0.04108000  -0.04108000   0.00000000  -0.00000000   0.00000000  -0.00000000   0.00000000  -0.00000000   0.00000000  -0.00000000   0.00000000  -0.00000000 
 -2.02910000   0.00445200  -0.00445200   0.03319000  -0.03319000   0.04861000  -0.04861000   0.03441000  -0.03441000   0.00000000  -0.00000000   0.00000000  -0.00000000   0.00000000  -0.00000000   0.00000000  -0.00000000   0.00000000  -0.00000000 
 -1.91410000   0.00293000  -0.00293000   0.02479000  -0.02479000   0.03570000  -0.03570000   0.02541000  -0.02541000   0.00000000  -0.00000000   0.00000000  -0.00000000   0.00000000  -0.00000000   0.00000000  -0.00000000   0.00000000  -0.00000000 
 -1.79810000   0.00204100  -0.00204100   0.01739000  -0.01739000   0.02510000  -0.02510000   0.01757000  -0.01757000   0.00000000  -0.00000000   0.00000000  -0.00000000   0.00000000  -0.00000000   0.00000000  -0.00000000   0.00000000  -0.00000000 
 -1.68210000   0.00193700  -0.00193700   0.01177000  -0.01177000   0.01891000  -0.01891000   0.01174000  -0.01174000   0.00000000  -0.00000000   0.00000000  -0.00000000   0.00000000  -0.00000000   0.00000000  -0.00000000   0.00000000  -0.00000000 
 -1.56610000   0.00195100  -0.00195100   0.00703100  -0.00703100   0.01579000  -0.01579000   0.00698000  -0.00698000   0.00000000  -0.00000000   0.00000000  -0.00000000   0.00000000  -0.00000000   0.00000000  -0.00000000   0.00000000  -0.00000000 
 -1.45110000   0.00163200  -0.00163200   0.00359700  -0.00359700   0.01356000  -0.01356000   0.00356800  -0.00356800   0.00000000  -0.00000000   0.00000000  -0.00000000   0.00000000  -0.00000000   0.00000000  -0.00000000   0.00000000  -0.00000000 
 -1.33510000   0.00132300  -0.00132300   0.00172400  -0.00172400   0.01330000  -0.01330000   0.00169800  -0.00169800   0.00000000  -0.00000000   0.00000000  -0.00000000   0.00000000  -0.00000000   0.00000000  -0.00000000   0.00000000  -0.00000000 
 -1.21910000   0.00113700  -0.00113700   0.00094320  -0.00094320   0.01331000  -0.01331000   0.00091850  -0.00091850   0.00000000  -0.00000000   0.00000000  -0.00000000   0.00000000  -0.00000000   0.00000000  -0.00000000   0.00000000  -0.00000000 
 -1.10310000   0.00075510  -0.00075510   0.00048860  -0.00048860   0.00949200  -0.00949100   0.00047680  -0.00047680   0.00000000  -0.00000000   0.00000000  -0.00000000   0.00000000  -0.00000000   0.00000000  -0.00000000   0.00000000  -0.00000000 
 -0.98810000   0.00031150  -0.00031150   0.00016440  -0.00016440   0.00413300  -0.00413300   0.00016250  -0.00016250   0.00000000  -0.00000000   0.00000000  -0.00000000   0.00000000  -0.00000000   0.00000000  -0.00000000   0.00000000  -0.00000000 
 -0.87210000   0.00007669  -0.00007669   0.00003075  -0.00003075   0.00107900  -0.00107900   0.00003085  -0.00003085   0.00000000  -0.00000000   0.00000000  -0.00000000   0.00000000  -0.00000000   0.00000000  -0.00000000   0.00000000  -0.00000000 
 -0.75610000   0.00001131  -0.00001131   0.00000307  -0.00000307   0.00016880  -0.00016880   0.00000313  -0.00000313   0.00000000  -0.00000000   0.00000000  -0.00000000   0.00000000  -0.00000000   0.00000000  -0.00000000   0.00000000  -0.00000000 
 -0.64010000   0.00000099  -0.00000099   0.00000016  -0.00000016   0.00001547  -0.00001547   0.00000017  -0.00000017   0.00000000  -0.00000000   0.00000000  -0.00000000   0.00000000  -0.00000000   0.00000000  -0.00000000   0.00000000  -0.00000000 
 -0.52510000   0.00000009  -0.00000009   0.00000009  -0.00000009   0.00000099  -0.00000099   0.00000026  -0.00000026   0.00000000  -0.00000000   0.00000000  -0.00000000   0.00000000  -0.00000000   0.00000000  -0.00000000   0.00000000  -0.00000000 
 -0.40910000   0.00000112  -0.00000112   0.00000221  -0.00000221   0.00000491  -0.00000491   0.00000658  -0.00000658   0.00000000  -0.00000000   0.00000000  -0.00000000   0.00000000  -0.00000000   0.00000000  -0.00000000   0.00000000  -0.00000000 
 -0.29310000   0.00001596  -0.00001596   0.00003385  -0.00003386   0.00007040  -0.00007041   0.00009499  -0.00009499   0.00000000  -0.00000000   0.00000000  -0.00000000   0.00000000  -0.00000000   0.00000000  -0.00000000   0.00000000  -0.00000000 
 -0.17710000   0.00012730  -0.00012730   0.00029900  -0.00029900   0.00056450  -0.00056450   0.00076260  -0.00076260   0.00000000  -0.00000000   0.00000000  -0.00000000   0.00000000  -0.00000000   0.00000000  -0.00000000   0.00000000  -0.00000000 
 -0.06210000   0.00058450  -0.00058450   0.00160500  -0.00160500   0.00256600  -0.00256600   0.00348200  -0.00348200   0.00000000  -0.00000000   0.00000000  -0.00000000   0.00000000  -0.00000000   0.00000000  -0.00000000   0.00000000  -0.00000000 
  0.05390000   0.00162400  -0.00162400   0.00570400  -0.00570400   0.00685600  -0.00685600   0.00949500  -0.00949500   0.00000000  -0.00000000   0.00000000  -0.00000000   0.00000000  -0.00000000   0.00000000  -0.00000000   0.00000000  -0.00000000 
  0.16990000   0.00299500  -0.00299500   0.01452000  -0.01452000   0.01160000  -0.01160000   0.01715000  -0.01715000   0.00000000  -0.00000000   0.00000000  -0.00000000   0.00000000  -0.00000000   0.00000000  -0.00000000   0.00000000  -0.00000000 
  0.28590000   0.00422800  -0.00422800   0.02704000  -0.02704000   0.01426000  -0.01426000   0.02391000  -0.02391000   0.00000000  -0.00000000   0.00000000  -0.00000000   0.00000000  -0.00000000   0.00000000  -0.00000000   0.00000000  -0.00000000 
  0.40090000   0.00534600  -0.00534600   0.03806000  -0.03806000   0.01527000  -0.01527000   0.02990000  -0.02990000   0.00000000  -0.00000000   0.00000000  -0.00000000   0.00000000  -0.00000000   0.00000000  -0.00000000   0.00000000  -0.00000000 
  0.51690000   0.00655400  -0.00655400   0.04671000  -0.04671000   0.01564000  -0.01564000   0.03851000  -0.03851000   0.00000000  -0.00000000   0.00000000  -0.00000000   0.00000000  -0.00000000   0.00000000  -0.00000000   0.00000000  -0.00000000 
  0.63290000   0.00777100  -0.00777100   0.05695000  -0.05695000   0.01496000  -0.01496000   0.05277000  -0.05277000   0.00000000  -0.00000000   0.00000000  -0.00000000   0.00000000  -0.00000000   0.00000000  -0.00000000   0.00000000  -0.00000000 
  0.74890000   0.00910500  -0.00910500   0.06667000  -0.06667000   0.01423000  -0.01423000   0.06781000  -0.06781000   0.00000000  -0.00000000   0.00000000  -0.00000000   0.00000000  -0.00000000   0.00000000  -0.00000000   0.00000000  -0.00000000 
  0.86390000   0.01093000  -0.01093000   0.07342000  -0.07342000   0.01550000  -0.01550000   0.07656000  -0.07656000   0.00000000  -0.00000000   0.00000000  -0.00000000   0.00000000  -0.00000000   0.00000000  -0.00000000   0.00000000  -0.00000000 
  0.97990000   0.01285000  -0.01285000   0.08059000  -0.08059000   0.01922000  -0.01922000   0.08039000  -0.08039000   0.00000000  -0.00000000   0.00000000  -0.00000000   0.00000000  -0.00000000   0.00000000  -0.00000000   0.00000000  -0.00000000 
  1.09590000   0.01400000  -0.01400000   0.08740000  -0.08740000   0.02540000  -0.02540000   0.08429000  -0.08429000   0.00000000  -0.00000000   0.00000000  -0.00000000   0.00000000  -0.00000000   0.00000000  -0.00000000   0.00000000  -0.00000000 
  1.21190000   0.01447000  -0.01447000   0.08748000  -0.08748000   0.03333000  -0.03333000   0.08723000  -0.08723000   0.00000000  -0.00000000   0.00000000  -0.00000000   0.00000000  -0.00000000   0.00000000  -0.00000000   0.00000000  -0.00000000 
  1.32690000   0.01364000  -0.01364000   0.07680000  -0.07680000   0.03750000  -0.03750000   0.08143000  -0.08143000   0.00000000  -0.00000000   0.00000000  -0.00000000   0.00000000  -0.00000000   0.00000000  -0.00000000   0.00000000  -0.00000000 
  1.44290000   0.01058000  -0.01058000   0.05854000  -0.05854000   0.03488000  -0.03488000   0.06499000  -0.06499000   0.00000000  -0.00000000   0.00000000  -0.00000000   0.00000000  -0.00000000   0.00000000  -0.00000000   0.00000000  -0.00000000 
  1.55890000   0.00832100  -0.00832100   0.04729000  -0.04729000   0.03457000  -0.03457000   0.05294000  -0.05294000   0.00000000  -0.00000000   0.00000000  -0.00000000   0.00000000  -0.00000000   0.00000000  -0.00000000   0.00000000  -0.00000000 
  1.67490000   0.00920600  -0.00920600   0.04999000  -0.04999000   0.03989000  -0.03989000   0.05372000  -0.05372000   0.00000000  -0.00000000   0.00000000  -0.00000000   0.00000000  -0.00000000   0.00000000  -0.00000000   0.00000000  -0.00000000 
  1.78990000   0.00976600  -0.00976600   0.04994000  -0.04994000   0.03878000  -0.03878000   0.05182000  -0.05182000   0.00000000  -0.00000000   0.00000000  -0.00000000   0.00000000  -0.00000000   0.00000000  -0.00000000   0.00000000  -0.00000000 
  1.90590000   0.00847900  -0.00847900   0.04084000  -0.04084000   0.03015000  -0.03015000   0.04215000  -0.04215000   0.00000000  -0.00000000   0.00000000  -0.00000000   0.00000000  -0.00000000   0.00000000  -0.00000000   0.00000000  -0.00000000 
  2.02190000   0.00850700  -0.00850700   0.03991000  -0.03991000   0.02631000  -0.02631000   0.04132000  -0.04132000   0.00000000  -0.00000000   0.00000000  -0.00000000   0.00000000  -0.00000000   0.00000000  -0.00000000   0.00000000  -0.00000000 
  2.13790000   0.00936900  -0.00936900   0.04747000  -0.04747000   0.02758000  -0.02758000   0.04829000  -0.04830000   0.00000000  -0.00000000   0.00000000  -0.00000000   0.00000000  -0.00000000   0.00000000  -0.00000000   0.00000000  -0.00000000 
  2.25390000   0.00844800  -0.00844900   0.04962000  -0.04964000   0.02577000  -0.02577000   0.04961000  -0.04966000   0.00000000  -0.00000000   0.00000000  -0.00000000   0.00000000  -0.00000000   0.00000000  -0.00000000   0.00000000  -0.00000000 
  2.36890000   0.00755000  -0.00757100   0.05194000  -0.05206000   0.02451000  -0.02452000   0.05142000  -0.05174000   0.00000000  -0.00000000   0.00000000  -0.00000000   0.00000000  -0.00000000   0.00000000  -0.00000000   0.00000000  -0.00000000 
  2.48490000   0.00809900  -0.00823200   0.05614000  -0.05651000   0.02827000  -0.02847000   0.05443000  -0.05546000   0.00000000  -0.00000000   0.00000000  -0.00000000   0.00000000  -0.00000000   0.00000000  -0.00000000   0.00000000  -0.00000000 
  2.60090000   0.00800800  -0.00841100   0.04708000  -0.04774000   0.02889000  -0.02961000   0.04462000  -0.04625000   0.00000000  -0.00000000   0.00000000  -0.00000000   0.00000000  -0.00000000   0.00000000  -0.00000000   0.00000000  -0.00000000 
  2.71690000   0.00606100  -0.00669000   0.02608000  -0.02673000   0.02107000  -0.02225000   0.02480000  -0.02604000   0.00000000  -0.00000000   0.00000000  -0.00000000   0.00000000  -0.00000000   0.00000000  -0.00000000   0.00000000  -0.00000000 
  2.83190000   0.00320200  -0.00371600   0.00914200  -0.00950700   0.01031000  -0.01130000   0.00915300  -0.00952900   0.00000000  -0.00000000   0.00000000  -0.00000000   0.00000000  -0.00000000   0.00000000  -0.00000000   0.00000000  -0.00000000 
  2.94790000   0.00106400  -0.00128600   0.00199600  -0.00211600   0.00319500  -0.00361900   0.00220400  -0.00220500   0.00000000  -0.00000000   0.00000000  -0.00000000   0.00000000  -0.00000000   0.00000000  -0.00000000   0.00000000  -0.00000000 
  3.06390000   0.00020420  -0.00025490   0.00026690  -0.00029050   0.00058430  -0.00068130   0.00033210  -0.00031200   0.00000000  -0.00000000   0.00000000  -0.00000000   0.00000000  -0.00000000   0.00000000  -0.00000000   0.00000000  -0.00000000 
  3.17990000   0.00002156  -0.00002767   0.00002127  -0.00002400   0.00005988  -0.00007159   0.00002969  -0.00002604   0.00000000  -0.00000000   0.00000000  -0.00000000   0.00000000  -0.00000000   0.00000000  -0.00000000   0.00000000  -0.00000000 
  3.29490000   0.00000122  -0.00000161   0.00000098  -0.00000116   0.00000333  -0.00000408   0.00000150  -0.00000124   0.00000000  -0.00000000   0.00000000  -0.00000000   0.00000000  -0.00000000   0.00000000  -0.00000000   0.00000000  -0.00000000 
  3.41090000   0.00000004  -0.00000005   0.00000003  -0.00000003   0.00000010  -0.00000012   0.00000004  -0.00000003   0.00000000  -0.00000000   0.00000000  -0.00000000   0.00000000  -0.00000000   0.00000000  -0.00000000   0.00000000  -0.00000000 
  3.52690000   0.00000000  -0.00000000   0.00000000  -0.00000000   0.00000000  -0.00000000   0.00000000  -0.00000000   0.00000000  -0.00000000   0.00000000  -0.00000000   0.00000000  -0.00000000   0.00000000  -0.00000000   0.00000000  -0.00000000 
  3.64290000   0.00000000  -0.00000000   0.00000000  -0.00000000   0.00000000  -0.00000000   0.00000000  -0.00000000   0.00000000  -0.00000000   0.00000000  -0.00000000   0.00000000  -0.00000000   0.00000000  -0.00000000   0.00000000  -0.00000000 
  3.75790000   0.00000000  -0.00000000   0.00000000  -0.00000000   0.00000000  -0.00000000   0.00000000  -0.00000000   0.00000000  -0.00000000   0.00000000  -0.00000000   0.00000000  -0.00000000   0.00000000  -0.00000000   0.00000000  -0.00000000 
  3.87390000   0.00000000  -0.00000000   0.00000000  -0.00000000   0.00000000  -0.00000000   0.00000000  -0.00000000   0.00000000  -0.00000000   0.00000000  -0.00000000   0.00000000  -0.00000000   0.00000000  -0.00000000   0.00000000  -0.00000000 
  3.98990000   0.00000000  -0.00000000   0.00000000  -0.00000000   0.00000000  -0.00000000   0.00000000  -0.00000000   0.00000000  -0.00000000   0.00000000  -0.00000000   0.00000000  -0.00000000   0.00000000  -0.00000000   0.00000000  -0.00000000 
  4.10590000   0.00000000  -0.00000000   0.00000000  -0.00000000   0.00000000  -0.00000000   0.00000000  -0.00000000   0.00000000  -0.00000000   0.00000000  -0.00000000   0.00000000  -0.00000000   0.00000000  -0.00000000   0.00000000  -0.00000000 
  4.22090000   0.00000000  -0.00000000   0.00000000  -0.00000000   0.00000000  -0.00000000   0.00000000  -0.00000000   0.00000000  -0.00000000   0.00000000  -0.00000000   0.00000000  -0.00000000   0.00000000  -0.00000000   0.00000000  -0.00000000 
  4.33690000   0.00000000  -0.00000000   0.00000000  -0.00000000   0.00000000  -0.00000000   0.00000000  -0.00000000   0.00000000  -0.00000000   0.00000000  -0.00000000   0.00000000  -0.00000000   0.00000000  -0.00000000   0.00000000  -0.00000000 
  4.45290000   0.00000000  -0.00000000   0.00000000  -0.00000000   0.00000000  -0.00000000   0.00000000  -0.00000000   0.00000000  -0.00000000   0.00000000  -0.00000000   0.00000000  -0.00000000   0.00000000  -0.00000000   0.00000000  -0.00000000 
  4.56890000   0.00000000  -0.00000000   0.00000000  -0.00000000   0.00000000  -0.00000000   0.00000000  -0.00000000   0.00000000  -0.00000000   0.00000000  -0.00000000   0.00000000  -0.00000000   0.00000000  -0.00000000   0.00000000  -0.00000000 
  4.68390000   0.00000000  -0.00000000   0.00000000  -0.00000000   0.00000000  -0.00000000   0.00000000  -0.00000000   0.00000000  -0.00000000   0.00000000  -0.00000000   0.00000000  -0.00000000   0.00000000  -0.00000000   0.00000000  -0.00000000 
