-30.04310000   0.00000000  -0.00000000   0.00000000  -0.00000000   0.00000000  -0.00000000   0.00000000  -0.00000000   0.00000000  -0.00000000   0.00000000  -0.00000000   0.00000000  -0.00000000   0.00000000  -0.00000000   0.00000000  -0.00000000 
-29.92710000   0.00000000  -0.00000000   0.00000000  -0.00000000   0.00000000  -0.00000000   0.00000000  -0.00000000   0.00000000  -0.00000000   0.00000000  -0.00000000   0.00000000  -0.00000000   0.00000000  -0.00000000   0.00000000  -0.00000000 
-29.81110000   0.00000000  -0.00000000   0.00000000  -0.00000000   0.00000000  -0.00000000   0.00000000  -0.00000000   0.00000000  -0.00000000   0.00000000  -0.00000000   0.00000000  -0.00000000   0.00000000  -0.00000000   0.00000000  -0.00000000 
-29.69510000   0.00000000  -0.00000000   0.00000000  -0.00000000   0.00000000  -0.00000000   0.00000000  -0.00000000   0.00000000  -0.00000000   0.00000000  -0.00000000   0.00000000  -0.00000000   0.00000000  -0.00000000   0.00000000  -0.00000000 
-29.58010000   0.00000000  -0.00000000   0.00000000  -0.00000000   0.00000000  -0.00000000   0.00000000  -0.00000000   0.00000000  -0.00000000   0.00000000  -0.00000000   0.00000000  -0.00000000   0.00000000  -0.00000000   0.00000000  -0.00000000 
-29.46410000   0.00000000  -0.00000000   0.00000000  -0.00000000   0.00000000  -0.00000000   0.00000000  -0.00000000   0.00000000  -0.00000000   0.00000000  -0.00000000   0.00000000  -0.00000000   0.00000000  -0.00000000   0.00000000  -0.00000000 
-29.34810000   0.00000000  -0.00000000   0.00000000  -0.00000000   0.00000000  -0.00000000   0.00000000  -0.00000000   0.00000000  -0.00000000   0.00000000  -0.00000000   0.00000000  -0.00000000   0.00000000  -0.00000000   0.00000000  -0.00000000 
-29.23210000   0.00000000  -0.00000000   0.00000000  -0.00000000   0.00000000  -0.00000000   0.00000000  -0.00000000   0.00000000  -0.00000000   0.00000000  -0.00000000   0.00000000  -0.00000000   0.00000000  -0.00000000   0.00000000  -0.00000000 
-29.11710000   0.00000000  -0.00000000   0.00000000  -0.00000000   0.00000000  -0.00000000   0.00000000  -0.00000000   0.00000000  -0.00000000   0.00000000  -0.00000000   0.00000000  -0.00000000   0.00000000  -0.00000000   0.00000000  -0.00000000 
-29.00110000   0.00000000  -0.00000000   0.00000000  -0.00000000   0.00000000  -0.00000000   0.00000000  -0.00000000   0.00000000  -0.00000000   0.00000000  -0.00000000   0.00000000  -0.00000000   0.00000000  -0.00000000   0.00000000  -0.00000000 
-28.88510000   0.00000000  -0.00000000   0.00000000  -0.00000000   0.00000000  -0.00000000   0.00000000  -0.00000000   0.00000000  -0.00000000   0.00000000  -0.00000000   0.00000000  -0.00000000   0.00000000  -0.00000000   0.00000000  -0.00000000 
-28.76910000   0.00000000  -0.00000000   0.00000000  -0.00000000   0.00000000  -0.00000000   0.00000000  -0.00000000   0.00000000  -0.00000000   0.00000000  -0.00000000   0.00000000  -0.00000000   0.00000000  -0.00000000   0.00000000  -0.00000000 
-28.65410000   0.00000000  -0.00000000   0.00000000  -0.00000000   0.00000000  -0.00000000   0.00000000  -0.00000000   0.00000000  -0.00000000   0.00000000  -0.00000000   0.00000000  -0.00000000   0.00000000  -0.00000000   0.00000000  -0.00000000 
-28.53810000   0.00000000  -0.00000000   0.00000000  -0.00000000   0.00000000  -0.00000000   0.00000000  -0.00000000   0.00000000  -0.00000000   0.00000000  -0.00000000   0.00000000  -0.00000000   0.00000000  -0.00000000   0.00000000  -0.00000000 
-28.42210000   0.00000000  -0.00000000   0.00000000  -0.00000000   0.00000000  -0.00000000   0.00000000  -0.00000000   0.00000000  -0.00000000   0.00000000  -0.00000000   0.00000000  -0.00000000   0.00000000  -0.00000000   0.00000000  -0.00000000 
-28.30610000   0.00000000  -0.00000000   0.00000000  -0.00000000   0.00000000  -0.00000000   0.00000000  -0.00000000   0.00000000  -0.00000000   0.00000000  -0.00000000   0.00000000  -0.00000000   0.00000000  -0.00000000   0.00000000  -0.00000000 
-28.19110000   0.00000000  -0.00000000   0.00000000  -0.00000000   0.00000000  -0.00000000   0.00000000  -0.00000000   0.00000000  -0.00000000   0.00000000  -0.00000000   0.00000000  -0.00000000   0.00000000  -0.00000000   0.00000000  -0.00000000 
-28.07510000   0.00000000  -0.00000000   0.00000000  -0.00000000   0.00000000  -0.00000000   0.00000000  -0.00000000   0.00000000  -0.00000000   0.00000000  -0.00000000   0.00000000  -0.00000000   0.00000000  -0.00000000   0.00000000  -0.00000000 
-27.95910000   0.00000000  -0.00000000   0.00000000  -0.00000000   0.00000000  -0.00000000   0.00000000  -0.00000000   0.00000000  -0.00000000   0.00000000  -0.00000000   0.00000000  -0.00000000   0.00000000  -0.00000000   0.00000000  -0.00000000 
-27.84310000   0.00000000  -0.00000000   0.00000000  -0.00000000   0.00000000  -0.00000000   0.00000000  -0.00000000   0.00000000  -0.00000000   0.00000000  -0.00000000   0.00000000  -0.00000000   0.00000000  -0.00000000   0.00000000  -0.00000000 
-27.72710000   0.00000000  -0.00000000   0.00000000  -0.00000000   0.00000000  -0.00000000   0.00000000  -0.00000000   0.00000000  -0.00000000   0.00000000  -0.00000000   0.00000000  -0.00000000   0.00000000  -0.00000000   0.00000000  -0.00000000 
-27.61210000   0.00000000  -0.00000000   0.00000000  -0.00000000   0.00000000  -0.00000000   0.00000000  -0.00000000   0.00000000  -0.00000000   0.00000000  -0.00000000   0.00000000  -0.00000000   0.00000000  -0.00000000   0.00000000  -0.00000000 
-27.49610000   0.00000000  -0.00000000   0.00000000  -0.00000000   0.00000000  -0.00000000   0.00000000  -0.00000000   0.00000000  -0.00000000   0.00000000  -0.00000000   0.00000000  -0.00000000   0.00000000  -0.00000000   0.00000000  -0.00000000 
-27.38010000   0.00000000  -0.00000000   0.00000000  -0.00000000   0.00000000  -0.00000000   0.00000000  -0.00000000   0.00000000  -0.00000000   0.00000000  -0.00000000   0.00000000  -0.00000000   0.00000000  -0.00000000   0.00000000  -0.00000000 
-27.26410000   0.00000000  -0.00000000   0.00000000  -0.00000000   0.00000000  -0.00000000   0.00000000  -0.00000000   0.00000000  -0.00000000   0.00000000  -0.00000000   0.00000000  -0.00000000   0.00000000  -0.00000000   0.00000000  -0.00000000 
-27.14910000   0.00000000  -0.00000000   0.00000000  -0.00000000   0.00000000  -0.00000000   0.00000000  -0.00000000   0.00000000  -0.00000000   0.00000000  -0.00000000   0.00000000  -0.00000000   0.00000000  -0.00000000   0.00000000  -0.00000000 
-27.03310000   0.00000000  -0.00000000   0.00000000  -0.00000000   0.00000000  -0.00000000   0.00000000  -0.00000000   0.00000000  -0.00000000   0.00000000  -0.00000000   0.00000000  -0.00000000   0.00000000  -0.00000000   0.00000000  -0.00000000 
-26.91710000   0.00000000  -0.00000000   0.00000000  -0.00000000   0.00000000  -0.00000000   0.00000000  -0.00000000   0.00000000  -0.00000000   0.00000000  -0.00000000   0.00000000  -0.00000000   0.00000000  -0.00000000   0.00000000  -0.00000000 
-26.80110000   0.00000000  -0.00000000   0.00000000  -0.00000000   0.00000000  -0.00000000   0.00000000  -0.00000000   0.00000000  -0.00000000   0.00000000  -0.00000000   0.00000000  -0.00000000   0.00000000  -0.00000000   0.00000000  -0.00000000 
-26.68610000   0.00000000  -0.00000000   0.00000000  -0.00000000   0.00000000  -0.00000000   0.00000000  -0.00000000   0.00000000  -0.00000000   0.00000000  -0.00000000   0.00000000  -0.00000000   0.00000000  -0.00000000   0.00000000  -0.00000000 
-26.57010000   0.00000000  -0.00000000   0.00000000  -0.00000000   0.00000000  -0.00000000   0.00000000  -0.00000000   0.00000000  -0.00000000   0.00000000  -0.00000000   0.00000000  -0.00000000   0.00000000  -0.00000000   0.00000000  -0.00000000 
-26.45410000   0.00000000  -0.00000000   0.00000000  -0.00000000   0.00000000  -0.00000000   0.00000000  -0.00000000   0.00000000  -0.00000000   0.00000000  -0.00000000   0.00000000  -0.00000000   0.00000000  -0.00000000   0.00000000  -0.00000000 
-26.33810000   0.00000000  -0.00000000   0.00000000  -0.00000000   0.00000000  -0.00000000   0.00000000  -0.00000000   0.00000000  -0.00000000   0.00000000  -0.00000000   0.00000000  -0.00000000   0.00000000  -0.00000000   0.00000000  -0.00000000 
-26.22310000   0.00000000  -0.00000000   0.00000000  -0.00000000   0.00000000  -0.00000000   0.00000000  -0.00000000   0.00000000  -0.00000000   0.00000000  -0.00000000   0.00000000  -0.00000000   0.00000000  -0.00000000   0.00000000  -0.00000000 
-26.10710000   0.00000000  -0.00000000   0.00000000  -0.00000000   0.00000000  -0.00000000   0.00000000  -0.00000000   0.00000000  -0.00000000   0.00000000  -0.00000000   0.00000000  -0.00000000   0.00000000  -0.00000000   0.00000000  -0.00000000 
-25.99110000   0.00000000  -0.00000000   0.00000000  -0.00000000   0.00000000  -0.00000000   0.00000000  -0.00000000   0.00000000  -0.00000000   0.00000000  -0.00000000   0.00000000  -0.00000000   0.00000000  -0.00000000   0.00000000  -0.00000000 
-25.87510000   0.00000000  -0.00000000   0.00000000  -0.00000000   0.00000000  -0.00000000   0.00000000  -0.00000000   0.00000000  -0.00000000   0.00000000  -0.00000000   0.00000000  -0.00000000   0.00000000  -0.00000000   0.00000000  -0.00000000 
-25.76010000   0.00000000  -0.00000000   0.00000000  -0.00000000   0.00000000  -0.00000000   0.00000000  -0.00000000   0.00000000  -0.00000000   0.00000000  -0.00000000   0.00000000  -0.00000000   0.00000000  -0.00000000   0.00000000  -0.00000000 
-25.64410000   0.00000000  -0.00000000   0.00000000  -0.00000000   0.00000000  -0.00000000   0.00000000  -0.00000000   0.00000000  -0.00000000   0.00000000  -0.00000000   0.00000000  -0.00000000   0.00000000  -0.00000000   0.00000000  -0.00000000 
-25.52810000   0.00000000  -0.00000000   0.00000000  -0.00000000   0.00000000  -0.00000000   0.00000000  -0.00000000   0.00000000  -0.00000000   0.00000000  -0.00000000   0.00000000  -0.00000000   0.00000000  -0.00000000   0.00000000  -0.00000000 
-25.41210000   0.00000000  -0.00000000   0.00000000  -0.00000000   0.00000000  -0.00000000   0.00000000  -0.00000000   0.00000000  -0.00000000   0.00000000  -0.00000000   0.00000000  -0.00000000   0.00000000  -0.00000000   0.00000000  -0.00000000 
-25.29710000   0.00000000  -0.00000000   0.00000000  -0.00000000   0.00000000  -0.00000000   0.00000000  -0.00000000   0.00000000  -0.00000000   0.00000000  -0.00000000   0.00000000  -0.00000000   0.00000000  -0.00000000   0.00000000  -0.00000000 
-25.18110000   0.00000000  -0.00000000   0.00000000  -0.00000000   0.00000000  -0.00000000   0.00000000  -0.00000000   0.00000000  -0.00000000   0.00000000  -0.00000000   0.00000000  -0.00000000   0.00000000  -0.00000000   0.00000000  -0.00000000 
-25.06510000   0.00000000  -0.00000000   0.00000000  -0.00000000   0.00000000  -0.00000000   0.00000000  -0.00000000   0.00000000  -0.00000000   0.00000000  -0.00000000   0.00000000  -0.00000000   0.00000000  -0.00000000   0.00000000  -0.00000000 
-24.94910000   0.00000000  -0.00000000   0.00000000  -0.00000000   0.00000000  -0.00000000   0.00000000  -0.00000000   0.00000000  -0.00000000   0.00000000  -0.00000000   0.00000000  -0.00000000   0.00000000  -0.00000000   0.00000000  -0.00000000 
-24.83410000   0.00000000  -0.00000000   0.00000000  -0.00000000   0.00000000  -0.00000000   0.00000000  -0.00000000   0.00000000  -0.00000000   0.00000000  -0.00000000   0.00000000  -0.00000000   0.00000000  -0.00000000   0.00000000  -0.00000000 
-24.71810000   0.00000000  -0.00000000   0.00000000  -0.00000000   0.00000000  -0.00000000   0.00000000  -0.00000000   0.00000000  -0.00000000   0.00000000  -0.00000000   0.00000000  -0.00000000   0.00000000  -0.00000000   0.00000000  -0.00000000 
-24.60210000   0.00000000  -0.00000000   0.00000000  -0.00000000   0.00000000  -0.00000000   0.00000000  -0.00000000   0.00000000  -0.00000000   0.00000000  -0.00000000   0.00000000  -0.00000000   0.00000000  -0.00000000   0.00000000  -0.00000000 
-24.48610000   0.00000000  -0.00000000   0.00000000  -0.00000000   0.00000000  -0.00000000   0.00000000  -0.00000000   0.00000000  -0.00000000   0.00000000  -0.00000000   0.00000000  -0.00000000   0.00000000  -0.00000000   0.00000000  -0.00000000 
-24.37110000   0.00000000  -0.00000000   0.00000000  -0.00000000   0.00000000  -0.00000000   0.00000000  -0.00000000   0.00000000  -0.00000000   0.00000000  -0.00000000   0.00000000  -0.00000000   0.00000000  -0.00000000   0.00000000  -0.00000000 
-24.25510000   0.00000000  -0.00000000   0.00000000  -0.00000000   0.00000000  -0.00000000   0.00000000  -0.00000000   0.00000000  -0.00000000   0.00000000  -0.00000000   0.00000000  -0.00000000   0.00000000  -0.00000000   0.00000000  -0.00000000 
-24.13910000   0.00000000  -0.00000000   0.00000000  -0.00000000   0.00000000  -0.00000000   0.00000000  -0.00000000   0.00000000  -0.00000000   0.00000000  -0.00000000   0.00000000  -0.00000000   0.00000000  -0.00000000   0.00000000  -0.00000000 
-24.02310000   0.00000000  -0.00000000   0.00000000  -0.00000000   0.00000000  -0.00000000   0.00000000  -0.00000000   0.00000000  -0.00000000   0.00000000  -0.00000000   0.00000000  -0.00000000   0.00000000  -0.00000000   0.00000000  -0.00000000 
-23.90810000   0.00000000  -0.00000000   0.00000000  -0.00000000   0.00000000  -0.00000000   0.00000000  -0.00000000   0.00000000  -0.00000000   0.00000000  -0.00000000   0.00000000  -0.00000000   0.00000000  -0.00000000   0.00000000  -0.00000000 
-23.79210000   0.00000000  -0.00000000   0.00000000  -0.00000000   0.00000000  -0.00000000   0.00000000  -0.00000000   0.00000000  -0.00000000   0.00000000  -0.00000000   0.00000000  -0.00000000   0.00000000  -0.00000000   0.00000000  -0.00000000 
-23.67610000   0.00000000  -0.00000000   0.00000000  -0.00000000   0.00000000  -0.00000000   0.00000000  -0.00000000   0.00000000  -0.00000000   0.00000000  -0.00000000   0.00000000  -0.00000000   0.00000000  -0.00000000   0.00000000  -0.00000000 
-23.56010000   0.00000000  -0.00000000   0.00000000  -0.00000000   0.00000000  -0.00000000   0.00000000  -0.00000000   0.00000000  -0.00000000   0.00000000  -0.00000000   0.00000000  -0.00000000   0.00000000  -0.00000000   0.00000000  -0.00000000 
-23.44410000   0.00000000  -0.00000000   0.00000000  -0.00000000   0.00000000  -0.00000000   0.00000000  -0.00000000   0.00000000  -0.00000000   0.00000000  -0.00000000   0.00000000  -0.00000000   0.00000000  -0.00000000   0.00000000  -0.00000000 
-23.32910000   0.00000000  -0.00000000   0.00000000  -0.00000000   0.00000000  -0.00000000   0.00000000  -0.00000000   0.00000000  -0.00000000   0.00000000  -0.00000000   0.00000000  -0.00000000   0.00000000  -0.00000000   0.00000000  -0.00000000 
-23.21310000   0.00000000  -0.00000000   0.00000000  -0.00000000   0.00000000  -0.00000000   0.00000000  -0.00000000   0.00000000  -0.00000000   0.00000000  -0.00000000   0.00000000  -0.00000000   0.00000000  -0.00000000   0.00000000  -0.00000000 
-23.09710000   0.00000000  -0.00000000   0.00000000  -0.00000000   0.00000000  -0.00000000   0.00000000  -0.00000000   0.00000000  -0.00000000   0.00000000  -0.00000000   0.00000000  -0.00000000   0.00000000  -0.00000000   0.00000000  -0.00000000 
-22.98110000   0.00000000  -0.00000000   0.00000000  -0.00000000   0.00000000  -0.00000000   0.00000000  -0.00000000   0.00000000  -0.00000000   0.00000000  -0.00000000   0.00000000  -0.00000000   0.00000000  -0.00000000   0.00000000  -0.00000000 
-22.86610000   0.00000000  -0.00000000   0.00000000  -0.00000000   0.00000000  -0.00000000   0.00000000  -0.00000000   0.00000000  -0.00000000   0.00000000  -0.00000000   0.00000000  -0.00000000   0.00000000  -0.00000000   0.00000000  -0.00000000 
-22.75010000   0.00000000  -0.00000000   0.00000000  -0.00000000   0.00000000  -0.00000000   0.00000000  -0.00000000   0.00000000  -0.00000000   0.00000000  -0.00000000   0.00000000  -0.00000000   0.00000000  -0.00000000   0.00000000  -0.00000000 
-22.63410000   0.00000000  -0.00000000   0.00000000  -0.00000000   0.00000000  -0.00000000   0.00000000  -0.00000000   0.00000000  -0.00000000   0.00000000  -0.00000000   0.00000000  -0.00000000   0.00000000  -0.00000000   0.00000000  -0.00000000 
-22.51810000   0.00000000  -0.00000000   0.00000000  -0.00000000   0.00000000  -0.00000000   0.00000000  -0.00000000   0.00000000  -0.00000000   0.00000000  -0.00000000   0.00000000  -0.00000000   0.00000000  -0.00000000   0.00000000  -0.00000000 
-22.40310000   0.00000000  -0.00000000   0.00000000  -0.00000000   0.00000000  -0.00000000   0.00000000  -0.00000000   0.00000000  -0.00000000   0.00000000  -0.00000000   0.00000000  -0.00000000   0.00000000  -0.00000000   0.00000000  -0.00000000 
-22.28710000   0.00000000  -0.00000000   0.00000000  -0.00000000   0.00000000  -0.00000000   0.00000000  -0.00000000   0.00000000  -0.00000000   0.00000000  -0.00000000   0.00000000  -0.00000000   0.00000000  -0.00000000   0.00000000  -0.00000000 
-22.17110000   0.00000000  -0.00000000   0.00000000  -0.00000000   0.00000000  -0.00000000   0.00000000  -0.00000000   0.00000000  -0.00000000   0.00000000  -0.00000000   0.00000000  -0.00000000   0.00000000  -0.00000000   0.00000000  -0.00000000 
-22.05510000   0.00000000  -0.00000000   0.00000000  -0.00000000   0.00000000  -0.00000000   0.00000000  -0.00000000   0.00000000  -0.00000000   0.00000000  -0.00000000   0.00000000  -0.00000000   0.00000000  -0.00000000   0.00000000  -0.00000000 
-21.94010000   0.00000000  -0.00000000   0.00000000  -0.00000000   0.00000000  -0.00000000   0.00000000  -0.00000000   0.00000000  -0.00000000   0.00000000  -0.00000000   0.00000000  -0.00000000   0.00000000  -0.00000000   0.00000000  -0.00000000 
-21.82410000   0.00000000  -0.00000000   0.00000000  -0.00000000   0.00000000  -0.00000000   0.00000000  -0.00000000   0.00000000  -0.00000000   0.00000000  -0.00000000   0.00000000  -0.00000000   0.00000000  -0.00000000   0.00000000  -0.00000000 
-21.70810000   0.00000000  -0.00000000   0.00000000  -0.00000000   0.00000000  -0.00000000   0.00000000  -0.00000000   0.00000000  -0.00000000   0.00000000  -0.00000000   0.00000000  -0.00000000   0.00000000  -0.00000000   0.00000000  -0.00000000 
-21.59210000   0.00000000  -0.00000000   0.00000000  -0.00000000   0.00000000  -0.00000000   0.00000000  -0.00000000   0.00000000  -0.00000000   0.00000000  -0.00000000   0.00000000  -0.00000000   0.00000000  -0.00000000   0.00000000  -0.00000000 
-21.47710000   0.00000000  -0.00000000   0.00000000  -0.00000000   0.00000000  -0.00000000   0.00000000  -0.00000000   0.00000000  -0.00000000   0.00000000  -0.00000000   0.00000000  -0.00000000   0.00000000  -0.00000000   0.00000000  -0.00000000 
-21.36110000   0.00000000  -0.00000000   0.00000000  -0.00000000   0.00000000  -0.00000000   0.00000000  -0.00000000   0.00000000  -0.00000000   0.00000000  -0.00000000   0.00000000  -0.00000000   0.00000000  -0.00000000   0.00000000  -0.00000000 
-21.24510000   0.00000000  -0.00000000   0.00000000  -0.00000000   0.00000000  -0.00000000   0.00000000  -0.00000000   0.00000000  -0.00000000   0.00000000  -0.00000000   0.00000000  -0.00000000   0.00000000  -0.00000000   0.00000000  -0.00000000 
-21.12910000   0.00000000  -0.00000000   0.00000000  -0.00000000   0.00000000  -0.00000000   0.00000000  -0.00000000   0.00000000  -0.00000000   0.00000000  -0.00000000   0.00000000  -0.00000000   0.00000000  -0.00000000   0.00000000  -0.00000000 
-21.01410000   0.00000000  -0.00000000   0.00000000  -0.00000000   0.00000000  -0.00000000   0.00000000  -0.00000000   0.00000000  -0.00000000   0.00000000  -0.00000000   0.00000000  -0.00000000   0.00000000  -0.00000000   0.00000000  -0.00000000 
-20.89810000   0.00000000  -0.00000000   0.00000000  -0.00000000   0.00000000  -0.00000000   0.00000000  -0.00000000   0.00000000  -0.00000000   0.00000000  -0.00000000   0.00000000  -0.00000000   0.00000000  -0.00000000   0.00000000  -0.00000000 
-20.78210000   0.00000000  -0.00000000   0.00000000  -0.00000000   0.00000000  -0.00000000   0.00000000  -0.00000000   0.00000000  -0.00000000   0.00000000  -0.00000000   0.00000000  -0.00000000   0.00000000  -0.00000000   0.00000000  -0.00000000 
-20.66610000   0.00000000  -0.00000000   0.00000000  -0.00000000   0.00000000  -0.00000000   0.00000000  -0.00000000   0.00000000  -0.00000000   0.00000000  -0.00000000   0.00000000  -0.00000000   0.00000000  -0.00000000   0.00000000  -0.00000000 
-20.55110000   0.00000000  -0.00000000   0.00000000  -0.00000000   0.00000000  -0.00000000   0.00000000  -0.00000000   0.00000000  -0.00000000   0.00000000  -0.00000000   0.00000000  -0.00000000   0.00000000  -0.00000000   0.00000000  -0.00000000 
-20.43510000   0.00000000  -0.00000000   0.00000000  -0.00000000   0.00000000  -0.00000000   0.00000000  -0.00000000   0.00000000  -0.00000000   0.00000000  -0.00000000   0.00000000  -0.00000000   0.00000000  -0.00000000   0.00000000  -0.00000000 
-20.31910000   0.00000000  -0.00000000   0.00000000  -0.00000000   0.00000000  -0.00000000   0.00000000  -0.00000000   0.00000000  -0.00000000   0.00000000  -0.00000000   0.00000000  -0.00000000   0.00000000  -0.00000000   0.00000000  -0.00000000 
-20.20310000   0.00000000  -0.00000000   0.00000000  -0.00000000   0.00000000  -0.00000000   0.00000000  -0.00000000   0.00000000  -0.00000000   0.00000000  -0.00000000   0.00000000  -0.00000000   0.00000000  -0.00000000   0.00000000  -0.00000000 
-20.08810000   0.00000000  -0.00000000   0.00000000  -0.00000000   0.00000000  -0.00000000   0.00000000  -0.00000000   0.00000000  -0.00000000   0.00000000  -0.00000000   0.00000000  -0.00000000   0.00000000  -0.00000000   0.00000000  -0.00000000 
-19.97210000   0.00000000  -0.00000000   0.00000000  -0.00000000   0.00000000  -0.00000000   0.00000000  -0.00000000   0.00000000  -0.00000000   0.00000000  -0.00000000   0.00000000  -0.00000000   0.00000000  -0.00000000   0.00000000  -0.00000000 
-19.85610000   0.00000000  -0.00000000   0.00000000  -0.00000000   0.00000000  -0.00000000   0.00000000  -0.00000000   0.00000000  -0.00000000   0.00000000  -0.00000000   0.00000000  -0.00000000   0.00000000  -0.00000000   0.00000000  -0.00000000 
-19.74010000   0.00000000  -0.00000000   0.00000000  -0.00000000   0.00000000  -0.00000000   0.00000000  -0.00000000   0.00000000  -0.00000000   0.00000000  -0.00000000   0.00000000  -0.00000000   0.00000000  -0.00000000   0.00000000  -0.00000000 
-19.62510000   0.00000000  -0.00000000   0.00000000  -0.00000000   0.00000000  -0.00000000   0.00000000  -0.00000000   0.00000000  -0.00000000   0.00000000  -0.00000000   0.00000000  -0.00000000   0.00000000  -0.00000000   0.00000000  -0.00000000 
-19.50910000   0.00000000  -0.00000000   0.00000000  -0.00000000   0.00000000  -0.00000000   0.00000000  -0.00000000   0.00000000  -0.00000000   0.00000000  -0.00000000   0.00000000  -0.00000000   0.00000000  -0.00000000   0.00000000  -0.00000000 
-19.39310000   0.00000000  -0.00000000   0.00000000  -0.00000000   0.00000000  -0.00000000   0.00000000  -0.00000000   0.00000000  -0.00000000   0.00000000  -0.00000000   0.00000000  -0.00000000   0.00000000  -0.00000000   0.00000000  -0.00000000 
-19.27710000   0.00000000  -0.00000000   0.00000000  -0.00000000   0.00000000  -0.00000000   0.00000000  -0.00000000   0.00000000  -0.00000000   0.00000000  -0.00000000   0.00000000  -0.00000000   0.00000000  -0.00000000   0.00000000  -0.00000000 
-19.16110000   0.00000001  -0.00000001   0.00000000  -0.00000000   0.00000000  -0.00000000   0.00000000  -0.00000000   0.00000000  -0.00000000   0.00000000  -0.00000000   0.00000000  -0.00000000   0.00000000  -0.00000000   0.00000000  -0.00000000 
-19.04610000   0.00000000  -0.00000000   0.00000000  -0.00000000   0.00000000  -0.00000000   0.00000000  -0.00000000   0.00000000  -0.00000000   0.00000000  -0.00000000   0.00000000  -0.00000000   0.00000000  -0.00000000   0.00000000  -0.00000000 
-18.93010000   0.00000000  -0.00000000   0.00000000  -0.00000000   0.00000000  -0.00000000   0.00000000  -0.00000000   0.00000000  -0.00000000   0.00000000  -0.00000000   0.00000000  -0.00000000   0.00000000  -0.00000000   0.00000000  -0.00000000 
-18.81410000   0.00000000  -0.00000000   0.00000000  -0.00000000   0.00000000  -0.00000000   0.00000000  -0.00000000   0.00000000  -0.00000000   0.00000000  -0.00000000   0.00000000  -0.00000000   0.00000000  -0.00000000   0.00000000  -0.00000000 
-18.69810000   0.00000000  -0.00000000   0.00000000  -0.00000000   0.00000000  -0.00000000   0.00000000  -0.00000000   0.00000000  -0.00000000   0.00000000  -0.00000000   0.00000000  -0.00000000   0.00000000  -0.00000000   0.00000000  -0.00000000 
-18.58310000   0.00000000  -0.00000000   0.00000000  -0.00000000   0.00000000  -0.00000000   0.00000000  -0.00000000   0.00000000  -0.00000000   0.00000000  -0.00000000   0.00000000  -0.00000000   0.00000000  -0.00000000   0.00000000  -0.00000000 
-18.46710000   0.00000000  -0.00000000   0.00000000  -0.00000000   0.00000000  -0.00000000   0.00000000  -0.00000000   0.00000000  -0.00000000   0.00000000  -0.00000000   0.00000000  -0.00000000   0.00000000  -0.00000000   0.00000000  -0.00000000 
-18.35110000   0.00000000  -0.00000000   0.00000000  -0.00000000   0.00000000  -0.00000000   0.00000000  -0.00000000   0.00000000  -0.00000000   0.00000000  -0.00000000   0.00000000  -0.00000000   0.00000000  -0.00000000   0.00000000  -0.00000000 
-18.23510000   0.00000000  -0.00000000   0.00000000  -0.00000000   0.00000000  -0.00000000   0.00000000  -0.00000000   0.00000000  -0.00000000   0.00000000  -0.00000000   0.00000000  -0.00000000   0.00000000  -0.00000000   0.00000000  -0.00000000 
-18.12010000   0.00000000  -0.00000000   0.00000000  -0.00000000   0.00000000  -0.00000000   0.00000000  -0.00000000   0.00000000  -0.00000000   0.00000000  -0.00000000   0.00000000  -0.00000000   0.00000000  -0.00000000   0.00000000  -0.00000000 
-18.00410000   0.00000000  -0.00000000   0.00000000  -0.00000000   0.00000000  -0.00000000   0.00000000  -0.00000000   0.00000000  -0.00000000   0.00000000  -0.00000000   0.00000000  -0.00000000   0.00000000  -0.00000000   0.00000000  -0.00000000 
-17.88810000   0.00000000  -0.00000000   0.00000000  -0.00000000   0.00000000  -0.00000000   0.00000000  -0.00000000   0.00000000  -0.00000000   0.00000000  -0.00000000   0.00000000  -0.00000000   0.00000000  -0.00000000   0.00000000  -0.00000000 
-17.77210000   0.00000000  -0.00000000   0.00000000  -0.00000000   0.00000000  -0.00000000   0.00000000  -0.00000000   0.00000000  -0.00000000   0.00000000  -0.00000000   0.00000000  -0.00000000   0.00000000  -0.00000000   0.00000000  -0.00000000 
-17.65710000   0.00000000  -0.00000000   0.00000000  -0.00000000   0.00000000  -0.00000000   0.00000000  -0.00000000   0.00000000  -0.00000000   0.00000000  -0.00000000   0.00000000  -0.00000000   0.00000000  -0.00000000   0.00000000  -0.00000000 
-17.54110000   0.00000000  -0.00000000   0.00000000  -0.00000000   0.00000000  -0.00000000   0.00000000  -0.00000000   0.00000000  -0.00000000   0.00000000  -0.00000000   0.00000000  -0.00000000   0.00000000  -0.00000000   0.00000000  -0.00000000 
-17.42510000   0.00000000  -0.00000000   0.00000000  -0.00000000   0.00000000  -0.00000000   0.00000000  -0.00000000   0.00000000  -0.00000000   0.00000000  -0.00000000   0.00000000  -0.00000000   0.00000000  -0.00000000   0.00000000  -0.00000000 
-17.30910000   0.00000000  -0.00000000   0.00000000  -0.00000000   0.00000000  -0.00000000   0.00000000  -0.00000000   0.00000000  -0.00000000   0.00000000  -0.00000000   0.00000000  -0.00000000   0.00000000  -0.00000000   0.00000000  -0.00000000 
-17.19410000   0.00000000  -0.00000000   0.00000000  -0.00000000   0.00000000  -0.00000000   0.00000000  -0.00000000   0.00000000  -0.00000000   0.00000000  -0.00000000   0.00000000  -0.00000000   0.00000000  -0.00000000   0.00000000  -0.00000000 
-17.07810000   0.00000003  -0.00000003   0.00000000  -0.00000000   0.00000000  -0.00000000   0.00000001  -0.00000001   0.00000000  -0.00000000   0.00000000  -0.00000000   0.00000000  -0.00000000   0.00000000  -0.00000000   0.00000000  -0.00000000 
-16.96210000   0.00000014  -0.00000014   0.00000000  -0.00000000   0.00000000  -0.00000000   0.00000002  -0.00000002   0.00000000  -0.00000000   0.00000000  -0.00000000   0.00000000  -0.00000000   0.00000000  -0.00000000   0.00000000  -0.00000000 
-16.84610000   0.00000030  -0.00000030   0.00000000  -0.00000000   0.00000000  -0.00000000   0.00000005  -0.00000005   0.00000001  -0.00000001   0.00000000  -0.00000000   0.00000000  -0.00000000   0.00000000  -0.00000000   0.00000000  -0.00000000 
-16.73110000   0.00000037  -0.00000037   0.00000000  -0.00000000   0.00000000  -0.00000000   0.00000006  -0.00000006   0.00000001  -0.00000001   0.00000000  -0.00000000   0.00000000  -0.00000000   0.00000000  -0.00000000   0.00000000  -0.00000000 
-16.61510000   0.00000046  -0.00000046   0.00000000  -0.00000000   0.00000001  -0.00000001   0.00000006  -0.00000006   0.00000001  -0.00000001   0.00000000  -0.00000000   0.00000000  -0.00000000   0.00000001  -0.00000001   0.00000000  -0.00000000 
-16.49910000   0.00000157  -0.00000157   0.00000001  -0.00000001   0.00000003  -0.00000003   0.00000017  -0.00000017   0.00000004  -0.00000004   0.00000000  -0.00000000   0.00000000  -0.00000000   0.00000003  -0.00000003   0.00000001  -0.00000001 
-16.38310000   0.00000617  -0.00000617   0.00000007  -0.00000007   0.00000008  -0.00000008   0.00000069  -0.00000069   0.00000020  -0.00000020   0.00000001  -0.00000001   0.00000001  -0.00000001   0.00000008  -0.00000008   0.00000007  -0.00000007 
-16.26810000   0.00001949  -0.00001949   0.00000024  -0.00000024   0.00000013  -0.00000013   0.00000203  -0.00000203   0.00000069  -0.00000069   0.00000002  -0.00000002   0.00000004  -0.00000004   0.00000014  -0.00000014   0.00000030  -0.00000030 
-16.15210000   0.00007013  -0.00007013   0.00000065  -0.00000065   0.00000015  -0.00000015   0.00000407  -0.00000407   0.00000151  -0.00000151   0.00000003  -0.00000003   0.00000020  -0.00000020   0.00000017  -0.00000017   0.00000074  -0.00000074 
-16.03610000   0.00041310  -0.00041310   0.00000281  -0.00000281   0.00000016  -0.00000016   0.00000696  -0.00000696   0.00000269  -0.00000269   0.00000004  -0.00000004   0.00000154  -0.00000154   0.00000015  -0.00000015   0.00000167  -0.00000167 
-15.92010000   0.00219800  -0.00219800   0.00001732  -0.00001732   0.00000045  -0.00000045   0.00002249  -0.00002249   0.00000878  -0.00000878   0.00000004  -0.00000004   0.00000885  -0.00000885   0.00000009  -0.00000009   0.00000713  -0.00000713 
-15.80510000   0.00736500  -0.00736500   0.00007538  -0.00007538   0.00000254  -0.00000254   0.00008955  -0.00008955   0.00003554  -0.00003554   0.00000009  -0.00000009   0.00003087  -0.00003087   0.00000008  -0.00000008   0.00003006  -0.00003006 
-15.68910000   0.01541000  -0.01541000   0.00022370  -0.00022370   0.00001100  -0.00001100   0.00026170  -0.00026170   0.00010700  -0.00010700   0.00000041  -0.00000041   0.00006848  -0.00006848   0.00000038  -0.00000038   0.00009181  -0.00009181 
-15.57310000   0.02285000  -0.02285000   0.00050860  -0.00050860   0.00003065  -0.00003065   0.00057240  -0.00057240   0.00024340  -0.00024340   0.00000148  -0.00000148   0.00011230  -0.00011230   0.00000151  -0.00000151   0.00021670  -0.00021670 
-15.45710000   0.02786000  -0.02786000   0.00089380  -0.00089380   0.00005659  -0.00005659   0.00095680  -0.00095680   0.00042290  -0.00042290   0.00000401  -0.00000401   0.00015430  -0.00015430   0.00000433  -0.00000433   0.00039310  -0.00039310 
-15.34210000   0.02902000  -0.02902000   0.00125500  -0.00125500   0.00007901  -0.00007901   0.00128800  -0.00128800   0.00059910  -0.00059910   0.00000865  -0.00000865   0.00018080  -0.00018080   0.00000962  -0.00000962   0.00057760  -0.00057760 
-15.22610000   0.02847000  -0.02847000   0.00175800  -0.00175800   0.00009305  -0.00009305   0.00175400  -0.00175400   0.00087240  -0.00087240   0.00001462  -0.00001462   0.00020900  -0.00020900   0.00001639  -0.00001639   0.00086500  -0.00086500 
-15.11010000   0.03018000  -0.03018000   0.00248300  -0.00248300   0.00009832  -0.00009832   0.00247300  -0.00247300   0.00129000  -0.00129000   0.00002218  -0.00002218   0.00025920  -0.00025920   0.00002491  -0.00002491   0.00128800  -0.00128800 
-14.99410000   0.02973000  -0.02973000   0.00293500  -0.00293500   0.00013240  -0.00013240   0.00292500  -0.00292500   0.00158700  -0.00158700   0.00003681  -0.00003681   0.00028180  -0.00028180   0.00004219  -0.00004219   0.00158800  -0.00158800 
-14.87810000   0.02609000  -0.02609000   0.00326500  -0.00326500   0.00038140  -0.00038140   0.00317000  -0.00317000   0.00183700  -0.00183700   0.00006448  -0.00006448   0.00027720  -0.00027720   0.00007747  -0.00007747   0.00187100  -0.00187100 
-14.76310000   0.02579000  -0.02579000   0.00428000  -0.00428000   0.00161500  -0.00161500   0.00411000  -0.00411000   0.00256000  -0.00256000   0.00015780  -0.00015780   0.00032010  -0.00032010   0.00019830  -0.00019830   0.00261500  -0.00261500 
-14.64710000   0.02802000  -0.02802000   0.00551000  -0.00551000   0.00526100  -0.00526100   0.00536600  -0.00536600   0.00349500  -0.00349500   0.00053920  -0.00053920   0.00038520  -0.00038520   0.00065690  -0.00065690   0.00351900  -0.00351900 
-14.53110000   0.02629000  -0.02629000   0.00598500  -0.00598500   0.01143000  -0.01143000   0.00573400  -0.00573400   0.00391700  -0.00391700   0.00159500  -0.00159500   0.00038390  -0.00038390   0.00180300  -0.00180300   0.00400300  -0.00400300 
-14.41510000   0.02308000  -0.02308000   0.00669700  -0.00669700   0.01776000  -0.01776000   0.00626800  -0.00626800   0.00459100  -0.00459100   0.00365400  -0.00365400   0.00036800  -0.00036800   0.00380700  -0.00380700   0.00478600  -0.00478600 
-14.30010000   0.02354000  -0.02354000   0.00874100  -0.00874100   0.02225000  -0.02225000   0.00858000  -0.00858000   0.00666000  -0.00666000   0.00694500  -0.00694500   0.00041540  -0.00041540   0.00677700  -0.00677700   0.00664000  -0.00664000 
-14.18410000   0.02465000  -0.02465000   0.01112000  -0.01112000   0.02456000  -0.02456000   0.01166000  -0.01166000   0.00950400  -0.00950400   0.01175000  -0.01175000   0.00045810  -0.00045810   0.01102000  -0.01102000   0.00886400  -0.00886400 
-14.06810000   0.02307000  -0.02307000   0.01380000  -0.01380000   0.02482000  -0.02482000   0.01483000  -0.01483000   0.01284000  -0.01284000   0.01850000  -0.01850000   0.00043860  -0.00043860   0.01732000  -0.01732000   0.01163000  -0.01163000 
-13.95210000   0.02156000  -0.02156000   0.01865000  -0.01865000   0.02349000  -0.02349000   0.01936000  -0.01936000   0.01758000  -0.01758000   0.02825000  -0.02825000   0.00042130  -0.00042130   0.02746000  -0.02746000   0.01652000  -0.01652000 
-13.83710000   0.01933000  -0.01933000   0.02292000  -0.02292000   0.02114000  -0.02114000   0.02260000  -0.02260000   0.02097000  -0.02097000   0.04325000  -0.04325000   0.00038500  -0.00038500   0.04387000  -0.04387000   0.02080000  -0.02080000 
-13.72110000   0.01326000  -0.01326000   0.02140000  -0.02140000   0.01777000  -0.01777000   0.02064000  -0.02064000   0.01932000  -0.01932000   0.06154000  -0.06154000   0.00026410  -0.00026410   0.06307000  -0.06307000   0.01963000  -0.01963000 
-13.60510000   0.00641100  -0.00641100   0.01454000  -0.01454000   0.01272000  -0.01272000   0.01430000  -0.01430000   0.01342000  -0.01342000   0.06995000  -0.06995000   0.00012590  -0.00012590   0.07081000  -0.07081000   0.01338000  -0.01338000 
-13.48910000   0.00229500  -0.00229500   0.00693200  -0.00693200   0.00690600  -0.00690600   0.00708300  -0.00708300   0.00664500  -0.00664500   0.05595000  -0.05595000   0.00004319  -0.00004319   0.05610000  -0.05610000   0.00638100  -0.00638100 
-13.37410000   0.00064190  -0.00064190   0.00224500  -0.00224500   0.00259100  -0.00259100   0.00235400  -0.00235400   0.00221200  -0.00221200   0.02906000  -0.02906000   0.00001081  -0.00001081   0.02924000  -0.02924000   0.00206100  -0.00206100 
-13.25810000   0.00014140  -0.00014140   0.00050400  -0.00050400   0.00063170  -0.00063170   0.00052950  -0.00052950   0.00049930  -0.00049930   0.00935700  -0.00935700   0.00000199  -0.00000199   0.00955100  -0.00955100   0.00046120  -0.00046120 
-13.14210000   0.00002350  -0.00002350   0.00008258  -0.00008258   0.00009721  -0.00009721   0.00008537  -0.00008537   0.00008090  -0.00008090   0.00181400  -0.00181400   0.00000030  -0.00000030   0.00188700  -0.00188700   0.00007527  -0.00007527 
-13.02610000   0.00000273  -0.00000273   0.00001015  -0.00001015   0.00000935  -0.00000935   0.00001021  -0.00001021   0.00000971  -0.00000971   0.00020860  -0.00020860   0.00000006  -0.00000006   0.00022120  -0.00022120   0.00000907  -0.00000907 
-12.91110000   0.00000025  -0.00000025   0.00000120  -0.00000120   0.00000062  -0.00000062   0.00000102  -0.00000102   0.00000099  -0.00000099   0.00001490  -0.00001490   0.00000002  -0.00000002   0.00001614  -0.00001614   0.00000089  -0.00000089 
-12.79510000   0.00000004  -0.00000004   0.00000029  -0.00000029   0.00000007  -0.00000007   0.00000017  -0.00000017   0.00000017  -0.00000017   0.00000111  -0.00000111   0.00000001  -0.00000001   0.00000126  -0.00000126   0.00000014  -0.00000014 
-12.67910000   0.00000001  -0.00000001   0.00000008  -0.00000008   0.00000002  -0.00000002   0.00000004  -0.00000004   0.00000004  -0.00000004   0.00000019  -0.00000019   0.00000000  -0.00000000   0.00000023  -0.00000023   0.00000003  -0.00000003 
-12.56310000   0.00000000  -0.00000000   0.00000001  -0.00000001   0.00000000  -0.00000000   0.00000001  -0.00000001   0.00000001  -0.00000001   0.00000003  -0.00000003   0.00000000  -0.00000000   0.00000004  -0.00000004   0.00000001  -0.00000001 
-12.44810000   0.00000000  -0.00000000   0.00000000  -0.00000000   0.00000000  -0.00000000   0.00000000  -0.00000000   0.00000000  -0.00000000   0.00000000  -0.00000000   0.00000000  -0.00000000   0.00000000  -0.00000000   0.00000000  -0.00000000 
-12.33210000   0.00000000  -0.00000000   0.00000000  -0.00000000   0.00000000  -0.00000000   0.00000000  -0.00000000   0.00000000  -0.00000000   0.00000000  -0.00000000   0.00000000  -0.00000000   0.00000000  -0.00000000   0.00000000  -0.00000000 
-12.21610000   0.00000000  -0.00000000   0.00000000  -0.00000000   0.00000000  -0.00000000   0.00000000  -0.00000000   0.00000000  -0.00000000   0.00000000  -0.00000000   0.00000000  -0.00000000   0.00000000  -0.00000000   0.00000000  -0.00000000 
-12.10010000   0.00000000  -0.00000000   0.00000000  -0.00000000   0.00000000  -0.00000000   0.00000000  -0.00000000   0.00000000  -0.00000000   0.00000000  -0.00000000   0.00000000  -0.00000000   0.00000000  -0.00000000   0.00000000  -0.00000000 
-11.98510000   0.00000000  -0.00000000   0.00000000  -0.00000000   0.00000000  -0.00000000   0.00000000  -0.00000000   0.00000001  -0.00000001   0.00000000  -0.00000000   0.00000000  -0.00000000   0.00000000  -0.00000000   0.00000001  -0.00000001 
-11.86910000   0.00000003  -0.00000003   0.00000001  -0.00000001   0.00000000  -0.00000000   0.00000000  -0.00000000   0.00000004  -0.00000004   0.00000000  -0.00000000   0.00000001  -0.00000001   0.00000002  -0.00000002   0.00000005  -0.00000005 
-11.75310000   0.00000013  -0.00000013   0.00000003  -0.00000003   0.00000000  -0.00000000   0.00000001  -0.00000001   0.00000019  -0.00000019   0.00000002  -0.00000002   0.00000004  -0.00000004   0.00000011  -0.00000011   0.00000020  -0.00000020 
-11.63710000   0.00000030  -0.00000030   0.00000008  -0.00000008   0.00000001  -0.00000001   0.00000002  -0.00000002   0.00000044  -0.00000044   0.00000004  -0.00000004   0.00000010  -0.00000010   0.00000024  -0.00000024   0.00000047  -0.00000047 
-11.52210000   0.00000037  -0.00000037   0.00000010  -0.00000010   0.00000001  -0.00000001   0.00000002  -0.00000002   0.00000054  -0.00000054   0.00000004  -0.00000004   0.00000012  -0.00000012   0.00000030  -0.00000030   0.00000057  -0.00000057 
-11.40610000   0.00000024  -0.00000024   0.00000006  -0.00000006   0.00000001  -0.00000001   0.00000002  -0.00000002   0.00000035  -0.00000035   0.00000003  -0.00000003   0.00000008  -0.00000008   0.00000019  -0.00000019   0.00000037  -0.00000037 
-11.29010000   0.00000008  -0.00000008   0.00000002  -0.00000002   0.00000000  -0.00000000   0.00000001  -0.00000001   0.00000012  -0.00000012   0.00000001  -0.00000001   0.00000003  -0.00000003   0.00000007  -0.00000007   0.00000013  -0.00000013 
-11.17410000   0.00000001  -0.00000001   0.00000000  -0.00000000   0.00000000  -0.00000000   0.00000000  -0.00000000   0.00000002  -0.00000002   0.00000000  -0.00000000   0.00000000  -0.00000000   0.00000001  -0.00000001   0.00000002  -0.00000002 
-11.05910000   0.00000000  -0.00000000   0.00000000  -0.00000000   0.00000000  -0.00000000   0.00000000  -0.00000000   0.00000000  -0.00000000   0.00000000  -0.00000000   0.00000000  -0.00000000   0.00000000  -0.00000000   0.00000000  -0.00000000 
-10.94310000   0.00000000  -0.00000000   0.00000000  -0.00000000   0.00000000  -0.00000000   0.00000000  -0.00000000   0.00000000  -0.00000000   0.00000000  -0.00000000   0.00000000  -0.00000000   0.00000000  -0.00000000   0.00000000  -0.00000000 
-10.82710000   0.00000000  -0.00000000   0.00000000  -0.00000000   0.00000000  -0.00000000   0.00000000  -0.00000000   0.00000000  -0.00000000   0.00000000  -0.00000000   0.00000000  -0.00000000   0.00000000  -0.00000000   0.00000000  -0.00000000 
-10.71110000   0.00000000  -0.00000000   0.00000000  -0.00000000   0.00000000  -0.00000000   0.00000000  -0.00000000   0.00000000  -0.00000000   0.00000000  -0.00000000   0.00000000  -0.00000000   0.00000000  -0.00000000   0.00000000  -0.00000000 
-10.59510000   0.00000000  -0.00000000   0.00000000  -0.00000000   0.00000000  -0.00000000   0.00000000  -0.00000000   0.00000000  -0.00000000   0.00000000  -0.00000000   0.00000000  -0.00000000   0.00000000  -0.00000000   0.00000000  -0.00000000 
-10.48010000   0.00000000  -0.00000000   0.00000000  -0.00000000   0.00000000  -0.00000000   0.00000000  -0.00000000   0.00000000  -0.00000000   0.00000000  -0.00000000   0.00000000  -0.00000000   0.00000000  -0.00000000   0.00000000  -0.00000000 
-10.36410000   0.00000000  -0.00000000   0.00000000  -0.00000000   0.00000000  -0.00000000   0.00000000  -0.00000000   0.00000000  -0.00000000   0.00000000  -0.00000000   0.00000000  -0.00000000   0.00000000  -0.00000000   0.00000000  -0.00000000 
-10.24810000   0.00000001  -0.00000001   0.00000000  -0.00000000   0.00000000  -0.00000000   0.00000001  -0.00000001   0.00000000  -0.00000000   0.00000000  -0.00000000   0.00000001  -0.00000001   0.00000001  -0.00000001   0.00000001  -0.00000001 
-10.13210000   0.00000007  -0.00000007   0.00000002  -0.00000002   0.00000003  -0.00000003   0.00000006  -0.00000006   0.00000002  -0.00000002   0.00000000  -0.00000000   0.00000006  -0.00000006   0.00000008  -0.00000008   0.00000005  -0.00000005 
-10.01710000   0.00000024  -0.00000024   0.00000009  -0.00000009   0.00000010  -0.00000010   0.00000020  -0.00000020   0.00000006  -0.00000006   0.00000002  -0.00000002   0.00000022  -0.00000022   0.00000031  -0.00000031   0.00000016  -0.00000016 
 -9.90110000   0.00000045  -0.00000045   0.00000019  -0.00000019   0.00000020  -0.00000020   0.00000038  -0.00000038   0.00000013  -0.00000013   0.00000003  -0.00000003   0.00000041  -0.00000041   0.00000062  -0.00000062   0.00000030  -0.00000030 
 -9.78510000   0.00000045  -0.00000045   0.00000021  -0.00000021   0.00000021  -0.00000021   0.00000038  -0.00000038   0.00000014  -0.00000014   0.00000003  -0.00000003   0.00000040  -0.00000040   0.00000066  -0.00000066   0.00000029  -0.00000029 
 -9.66910000   0.00000024  -0.00000024   0.00000012  -0.00000012   0.00000012  -0.00000012   0.00000021  -0.00000021   0.00000008  -0.00000008   0.00000002  -0.00000002   0.00000021  -0.00000021   0.00000037  -0.00000037   0.00000015  -0.00000015 
 -9.55410000   0.00000007  -0.00000007   0.00000004  -0.00000004   0.00000003  -0.00000003   0.00000006  -0.00000006   0.00000002  -0.00000002   0.00000001  -0.00000001   0.00000006  -0.00000006   0.00000011  -0.00000011   0.00000004  -0.00000004 
 -9.43810000   0.00000001  -0.00000001   0.00000001  -0.00000001   0.00000001  -0.00000001   0.00000001  -0.00000001   0.00000000  -0.00000000   0.00000000  -0.00000000   0.00000001  -0.00000001   0.00000002  -0.00000002   0.00000001  -0.00000001 
 -9.32210000   0.00000000  -0.00000000   0.00000000  -0.00000000   0.00000000  -0.00000000   0.00000000  -0.00000000   0.00000000  -0.00000000   0.00000000  -0.00000000   0.00000000  -0.00000000   0.00000000  -0.00000000   0.00000000  -0.00000000 
 -9.20610000   0.00000000  -0.00000000   0.00000000  -0.00000000   0.00000000  -0.00000000   0.00000000  -0.00000000   0.00000000  -0.00000000   0.00000000  -0.00000000   0.00000000  -0.00000000   0.00000000  -0.00000000   0.00000000  -0.00000000 
 -9.09110000   0.00000000  -0.00000000   0.00000000  -0.00000000   0.00000000  -0.00000000   0.00000000  -0.00000000   0.00000000  -0.00000000   0.00000000  -0.00000000   0.00000000  -0.00000000   0.00000000  -0.00000000   0.00000000  -0.00000000 
 -8.97510000   0.00000000  -0.00000000   0.00000000  -0.00000000   0.00000000  -0.00000000   0.00000000  -0.00000000   0.00000000  -0.00000000   0.00000000  -0.00000000   0.00000000  -0.00000000   0.00000000  -0.00000000   0.00000000  -0.00000000 
 -8.85910000   0.00000000  -0.00000000   0.00000000  -0.00000000   0.00000000  -0.00000000   0.00000000  -0.00000000   0.00000001  -0.00000001   0.00000000  -0.00000000   0.00000000  -0.00000000   0.00000000  -0.00000000   0.00000000  -0.00000000 
 -8.74310000   0.00000005  -0.00000005   0.00000005  -0.00000005   0.00000000  -0.00000000   0.00000001  -0.00000001   0.00000010  -0.00000010   0.00000001  -0.00000001   0.00000000  -0.00000000   0.00000000  -0.00000000   0.00000001  -0.00000001 
 -8.62810000   0.00000044  -0.00000044   0.00000039  -0.00000039   0.00000002  -0.00000002   0.00000011  -0.00000011   0.00000089  -0.00000089   0.00000011  -0.00000011   0.00000004  -0.00000004   0.00000002  -0.00000002   0.00000010  -0.00000010 
 -8.51210000   0.00000197  -0.00000197   0.00000176  -0.00000176   0.00000008  -0.00000008   0.00000049  -0.00000049   0.00000401  -0.00000401   0.00000048  -0.00000048   0.00000018  -0.00000018   0.00000007  -0.00000007   0.00000044  -0.00000044 
 -8.39610000   0.00000479  -0.00000479   0.00000419  -0.00000419   0.00000019  -0.00000019   0.00000122  -0.00000122   0.00000957  -0.00000957   0.00000114  -0.00000114   0.00000059  -0.00000059   0.00000021  -0.00000021   0.00000107  -0.00000107 
 -8.28010000   0.00000703  -0.00000703   0.00000530  -0.00000530   0.00000035  -0.00000035   0.00000200  -0.00000200   0.00001213  -0.00001213   0.00000145  -0.00000145   0.00000234  -0.00000234   0.00000063  -0.00000063   0.00000164  -0.00000164 
 -8.16510000   0.00000962  -0.00000962   0.00000359  -0.00000359   0.00000079  -0.00000079   0.00000361  -0.00000361   0.00000831  -0.00000831   0.00000100  -0.00000100   0.00000960  -0.00000960   0.00000226  -0.00000226   0.00000257  -0.00000257 
 -8.04910000   0.00001755  -0.00001755   0.00000146  -0.00000146   0.00000176  -0.00000176   0.00000737  -0.00000737   0.00000368  -0.00000368   0.00000045  -0.00000045   0.00002558  -0.00002558   0.00000579  -0.00000579   0.00000506  -0.00000506 
 -7.93310000   0.00004459  -0.00004459   0.00000189  -0.00000189   0.00000249  -0.00000249   0.00001111  -0.00001111   0.00000562  -0.00000562   0.00000031  -0.00000031   0.00005324  -0.00005324   0.00000845  -0.00000845   0.00001156  -0.00001156 
 -7.81710000   0.00029240  -0.00029240   0.00001838  -0.00001838   0.00000232  -0.00000232   0.00002377  -0.00002377   0.00005367  -0.00005367   0.00000051  -0.00000051   0.00023590  -0.00023590   0.00000709  -0.00000709   0.00007049  -0.00007049 
 -7.70210000   0.00196100  -0.00196100   0.00013960  -0.00013960   0.00000339  -0.00000339   0.00013790  -0.00013790   0.00044350  -0.00044350   0.00000167  -0.00000167   0.00137100  -0.00137100   0.00000436  -0.00000436   0.00051930  -0.00051930 
 -7.58610000   0.00841600  -0.00841600   0.00066470  -0.00066470   0.00001006  -0.00001006   0.00066810  -0.00066810   0.00234700  -0.00234700   0.00000902  -0.00000902   0.00523600  -0.00523600   0.00000852  -0.00000852   0.00254200  -0.00254200 
 -7.47010000   0.02313000  -0.02313000   0.00202300  -0.00202300   0.00002613  -0.00002613   0.00203400  -0.00203400   0.00788300  -0.00788300   0.00006542  -0.00006542   0.01271000  -0.01271000   0.00006702  -0.00006702   0.00799300  -0.00799300 
 -7.35410000   0.04289000  -0.04289000   0.00409100  -0.00409100   0.00006060  -0.00006060   0.00401600  -0.00401600   0.01718000  -0.01718000   0.00051070  -0.00051070   0.02207000  -0.02207000   0.00055360  -0.00055360   0.01666000  -0.01666000 
 -7.23910000   0.05919000  -0.05919000   0.00626300  -0.00626300   0.00015930  -0.00015930   0.00595000  -0.00595000   0.02758000  -0.02758000   0.00300500  -0.00300500   0.03302000  -0.03302000   0.00325900  -0.00325900   0.02628000  -0.02628000 
 -7.12310000   0.07135000  -0.07135000   0.00904700  -0.00904700   0.00047860  -0.00047860   0.00859200  -0.00859200   0.04151000  -0.04151000   0.01175000  -0.01175000   0.04775000  -0.04775000   0.01258000  -0.01258000   0.03954000  -0.03954000 
 -7.00710000   0.08030000  -0.08030000   0.01287000  -0.01287000   0.00133300  -0.00133300   0.01282000  -0.01282000   0.06233000  -0.06233000   0.02963000  -0.02963000   0.06649000  -0.06649000   0.03133000  -0.03133000   0.05951000  -0.05951000 
 -6.89110000   0.08042000  -0.08042000   0.01677000  -0.01677000   0.00305500  -0.00305500   0.01742000  -0.01742000   0.08467000  -0.08467000   0.04860000  -0.04860000   0.08936000  -0.08936000   0.05069000  -0.05069000   0.08159000  -0.08159000 
 -6.77610000   0.07359000  -0.07359000   0.01918000  -0.01918000   0.00640600  -0.00640600   0.01996000  -0.01996000   0.09651000  -0.09651000   0.05880000  -0.05880000   0.10780000  -0.10780000   0.06028000  -0.06028000   0.09515000  -0.09515000 
 -6.66010000   0.06266000  -0.06266000   0.01744000  -0.01744000   0.01303000  -0.01303000   0.01774000  -0.01774000   0.08404000  -0.08404000   0.07034000  -0.07034000   0.10320000  -0.10320000   0.07103000  -0.07103000   0.08607000  -0.08607000 
 -6.54410000   0.04636000  -0.04636000   0.01226000  -0.01226000   0.02116000  -0.02116000   0.01208000  -0.01208000   0.05690000  -0.05690000   0.08683000  -0.08683000   0.07914000  -0.07914000   0.08688000  -0.08688000   0.06150000  -0.06150000 
 -6.42810000   0.02953000  -0.02953000   0.00764700  -0.00764700   0.02358000  -0.02358000   0.00730100  -0.00730100   0.03736000  -0.03736000   0.08418000  -0.08418000   0.05723000  -0.05723000   0.08267000  -0.08267000   0.04251000  -0.04251000 
 -6.31210000   0.01871000  -0.01871000   0.00485800  -0.00485800   0.01951000  -0.01951000   0.00452700  -0.00452700   0.02556000  -0.02556000   0.06257000  -0.06257000   0.04198000  -0.04198000   0.05896000  -0.05896000   0.02973000  -0.02973000 
 -6.19710000   0.01240000  -0.01240000   0.00290200  -0.00290200   0.01567000  -0.01567000   0.00266500  -0.00266500   0.01414000  -0.01414000   0.05102000  -0.05102000   0.02599000  -0.02599000   0.04641000  -0.04641000   0.01635000  -0.01635000 
 -6.08110000   0.00791300  -0.00791300   0.00199900  -0.00199900   0.01378000  -0.01378000   0.00185300  -0.00185300   0.00718400  -0.00718400   0.05500000  -0.05500000   0.01290000  -0.01290000   0.05109000  -0.05109000   0.00706300  -0.00706300 
 -5.96510000   0.00708500  -0.00708500   0.00324900  -0.00324900   0.01150000  -0.01150000   0.00308900  -0.00308900   0.01122000  -0.01122000   0.05677000  -0.05677000   0.01147000  -0.01147000   0.05459000  -0.05459000   0.00830800  -0.00830800 
 -5.84910000   0.01312000  -0.01312000   0.00797900  -0.00797900   0.00820800  -0.00820800   0.00761100  -0.00761100   0.02907000  -0.02907000   0.04578000  -0.04578000   0.02509000  -0.02509000   0.04463000  -0.04463000   0.02345000  -0.02345000 
 -5.73410000   0.03023000  -0.03023000   0.01623000  -0.01623000   0.00566600  -0.00566600   0.01548000  -0.01548000   0.05518000  -0.05518000   0.03449000  -0.03449000   0.04811000  -0.04811000   0.03289000  -0.03289000   0.04969000  -0.04969000 
 -5.61810000   0.05951000  -0.05951000   0.02470000  -0.02470000   0.00493300  -0.00493300   0.02396000  -0.02396000   0.07757000  -0.07757000   0.03380000  -0.03380000   0.06730000  -0.06730000   0.03208000  -0.03208000   0.07555000  -0.07555000 
 -5.50210000   0.08930000  -0.08930000   0.02895000  -0.02895000   0.00514100  -0.00514100   0.02909000  -0.02909000   0.09070000  -0.09070000   0.03885000  -0.03885000   0.07496000  -0.07496000   0.03855000  -0.03855000   0.09247000  -0.09247000 
 -5.38610000   0.10200000  -0.10200000   0.02743000  -0.02743000   0.00585200  -0.00585200   0.02851000  -0.02851000   0.09437000  -0.09437000   0.04648000  -0.04648000   0.07174000  -0.07174000   0.04867000  -0.04867000   0.09889000  -0.09889000 
 -5.27110000   0.09185000  -0.09185000   0.02219000  -0.02219000   0.00703900  -0.00703900   0.02354000  -0.02354000   0.08645000  -0.08645000   0.05593000  -0.05593000   0.05965000  -0.05965000   0.06076000  -0.06076000   0.09148000  -0.09148000 
 -5.15510000   0.06440000  -0.06440000   0.01564000  -0.01564000   0.00843700  -0.00843700   0.01688000  -0.01688000   0.06440000  -0.06440000   0.06601000  -0.06601000   0.04052000  -0.04052000   0.07302000  -0.07302000   0.06813000  -0.06813000 
 -5.03910000   0.03644000  -0.03644000   0.01153000  -0.01153000   0.01197000  -0.01197000   0.01244000  -0.01244000   0.04464000  -0.04464000   0.08995000  -0.08995000   0.02269000  -0.02269000   0.09751000  -0.09751000   0.04841000  -0.04841000 
 -4.92310000   0.02279000  -0.02279000   0.01136000  -0.01136000   0.01970000  -0.01970000   0.01185000  -0.01185000   0.04417000  -0.04417000   0.14350000  -0.14350000   0.01404000  -0.01404000   0.14540000  -0.14540000   0.04821000  -0.04821000 
 -4.80810000   0.01812000  -0.01812000   0.01098000  -0.01098000   0.02723000  -0.02723000   0.01111000  -0.01111000   0.04954000  -0.04954000   0.20830000  -0.20830000   0.01238000  -0.01238000   0.20080000  -0.20080000   0.05173000  -0.05173000 
 -4.69210000   0.01383000  -0.01383000   0.00914600  -0.00914600   0.02957000  -0.02957000   0.00904600  -0.00904600   0.04417000  -0.04417000   0.24460000  -0.24460000   0.01468000  -0.01468000   0.23530000  -0.23530000   0.04438000  -0.04438000 
 -4.57610000   0.00936600  -0.00936600   0.00799800  -0.00799800   0.02772000  -0.02772000   0.00781300  -0.00781300   0.03389000  -0.03389000   0.23000000  -0.23000000   0.01841000  -0.01841000   0.22520000  -0.22520000   0.03581000  -0.03581000 
 -4.46010000   0.00596700  -0.00596700   0.00699000  -0.00699000   0.02235000  -0.02235000   0.00685300  -0.00685300   0.03319000  -0.03319000   0.17580000  -0.17580000   0.01783000  -0.01783000   0.17520000  -0.17520000   0.03894000  -0.03894000 
 -4.34510000   0.00389100  -0.00389100   0.00540300  -0.00540300   0.01447000  -0.01447000   0.00539500  -0.00539500   0.03870000  -0.03870000   0.12230000  -0.12230000   0.01296000  -0.01296000   0.12580000  -0.12580000   0.04491000  -0.04491000 
 -4.22910000   0.00342300  -0.00342300   0.00561000  -0.00561000   0.00797000  -0.00797000   0.00569800  -0.00569800   0.04284000  -0.04284000   0.10260000  -0.10260000   0.01101000  -0.01101000   0.10620000  -0.10620000   0.04613000  -0.04613000 
 -4.11310000   0.00567500  -0.00567500   0.01078000  -0.01078000   0.00445700  -0.00445700   0.01073000  -0.01073000   0.05448000  -0.05448000   0.10110000  -0.10110000   0.01859000  -0.01859000   0.10250000  -0.10250000   0.05233000  -0.05233000 
 -3.99710000   0.00946900  -0.00946900   0.01904000  -0.01904000   0.00289200  -0.00289200   0.01837000  -0.01837000   0.07206000  -0.07206000   0.08414000  -0.08414000   0.03525000  -0.03525000   0.08738000  -0.08738000   0.06495000  -0.06495000 
 -3.88210000   0.01065000  -0.01065000   0.02300000  -0.02300000   0.00324400  -0.00324400   0.02189000  -0.02189000   0.08461000  -0.08461000   0.06201000  -0.06201000   0.04859000  -0.04859000   0.06599000  -0.06599000   0.07835000  -0.07835000 
 -3.76610000   0.00808700  -0.00808700   0.01959000  -0.01959000   0.00675400  -0.00675400   0.01904000  -0.01904000   0.09004000  -0.09004000   0.07274000  -0.07274000   0.04598000  -0.04598000   0.07249000  -0.07249000   0.08647000  -0.08647000 
 -3.65010000   0.00477600  -0.00477600   0.01446000  -0.01446000   0.01429000  -0.01429000   0.01455000  -0.01455000   0.09106000  -0.09106000   0.11570000  -0.11570000   0.03451000  -0.03451000   0.11320000  -0.11320000   0.08865000  -0.08865000 
 -3.53410000   0.00342300  -0.00342300   0.01328000  -0.01328000   0.02517000  -0.02517000   0.01331000  -0.01331000   0.09271000  -0.09271000   0.14110000  -0.14110000   0.02994000  -0.02994000   0.14190000  -0.14190000   0.09251000  -0.09251000 
 -3.41910000   0.00451300  -0.00451300   0.01576000  -0.01576000   0.03542000  -0.03542000   0.01565000  -0.01565000   0.09230000  -0.09230000   0.12700000  -0.12700000   0.03459000  -0.03459000   0.12810000  -0.12810000   0.09442000  -0.09442000 
 -3.30310000   0.00697300  -0.00697300   0.01974000  -0.01974000   0.03833000  -0.03833000   0.01986000  -0.01986000   0.08549000  -0.08549000   0.10210000  -0.10210000   0.04366000  -0.04366000   0.09855000  -0.09855000   0.08591000  -0.08591000 
 -3.18710000   0.00848800  -0.00848800   0.02196000  -0.02196000   0.03733000  -0.03733000   0.02212000  -0.02212000   0.06573000  -0.06573000   0.08324000  -0.08324000   0.04785000  -0.04785000   0.07896000  -0.07896000   0.06223000  -0.06223000 
 -3.07110000   0.00742600  -0.00742600   0.01990000  -0.01990000   0.04204000  -0.04204000   0.01950000  -0.01950000   0.04006000  -0.04006000   0.06704000  -0.06704000   0.04048000  -0.04048000   0.06602000  -0.06602000   0.03720000  -0.03720000 
 -2.95610000   0.00469100  -0.00469100   0.01445000  -0.01445000   0.04729000  -0.04729000   0.01375000  -0.01375000   0.02700000  -0.02700000   0.05143000  -0.05143000   0.02764000  -0.02764000   0.05267000  -0.05267000   0.02688000  -0.02688000 
 -2.84010000   0.00256100  -0.00256100   0.00944300  -0.00944300   0.04833000  -0.04833000   0.00884400  -0.00884400   0.02633000  -0.02633000   0.03817000  -0.03817000   0.02380000  -0.02380000   0.04027000  -0.04027000   0.02658000  -0.02658000 
 -2.72410000   0.00247700  -0.00247700   0.00858900  -0.00858900   0.04683000  -0.04683000   0.00772500  -0.00772500   0.03493000  -0.03493000   0.02777000  -0.02777000   0.04562000  -0.04562000   0.03009000  -0.03009000   0.03514000  -0.03514000 
 -2.60810000   0.00428300  -0.00428300   0.01163000  -0.01163000   0.03722000  -0.03722000   0.01076000  -0.01076000   0.06536000  -0.06536000   0.01786000  -0.01786000   0.11150000  -0.11150000   0.01974000  -0.01974000   0.06583000  -0.06583000 
 -2.49310000   0.00681800  -0.00681800   0.01517000  -0.01517000   0.02333000  -0.02333000   0.01536000  -0.01536000   0.12400000  -0.12400000   0.00962700  -0.00962700   0.22330000  -0.22330000   0.01074000  -0.01074000   0.12370000  -0.12370000 
 -2.37710000   0.00852100  -0.00852100   0.01698000  -0.01698000   0.01414000  -0.01414000   0.01826000  -0.01826000   0.18120000  -0.18120000   0.00506400  -0.00506400   0.32260000  -0.32260000   0.00561900  -0.00561900   0.17960000  -0.17960000 
 -2.26110000   0.00875800  -0.00875800   0.01685000  -0.01685000   0.00815200  -0.00815200   0.01846000  -0.01846000   0.20050000  -0.20050000   0.00279200  -0.00279200   0.34330000  -0.34330000   0.00305700  -0.00305700   0.19770000  -0.19770000 
 -2.14510000   0.00844700  -0.00844700   0.01551000  -0.01551000   0.00365200  -0.00365200   0.01695000  -0.01695000   0.19400000  -0.19400000   0.00149500  -0.00149500   0.30810000  -0.30810000   0.00159300  -0.00159300   0.18980000  -0.18980000 
 -2.02910000   0.00791600  -0.00791600   0.01270000  -0.01270000   0.00140700  -0.00140700   0.01368000  -0.01368000   0.17720000  -0.17720000   0.00085470  -0.00085470   0.26550000  -0.26550000   0.00087990  -0.00087990   0.17250000  -0.17250000 
 -1.91410000   0.00691900  -0.00691900   0.00837400  -0.00837400   0.00067560  -0.00067560   0.00885800  -0.00885800   0.15100000  -0.15100000   0.00053220  -0.00053220   0.22220000  -0.22220000   0.00054130  -0.00054130   0.14790000  -0.14790000 
 -1.79810000   0.00555000  -0.00555000   0.00452000  -0.00452000   0.00051230  -0.00051230   0.00470000  -0.00470000   0.12440000  -0.12440000   0.00034050  -0.00034050   0.16510000  -0.16510000   0.00034290  -0.00034290   0.12400000  -0.12400000 
 -1.68210000   0.00394700  -0.00394700   0.00209500  -0.00209500   0.00060000  -0.00060000   0.00215600  -0.00215600   0.08988000  -0.08988000   0.00027400  -0.00027400   0.09966000  -0.09966000   0.00026780  -0.00026780   0.09086000  -0.09086000 
 -1.56610000   0.00255400  -0.00255400   0.00080820  -0.00080820   0.00068490  -0.00068490   0.00083160  -0.00083160   0.04998000  -0.04998000   0.00023160  -0.00023160   0.05220000  -0.05220000   0.00022340  -0.00022340   0.05089000  -0.05089000 
 -1.45110000   0.00172600  -0.00172600   0.00025690  -0.00025690   0.00062750  -0.00062750   0.00026570  -0.00026570   0.02102000  -0.02102000   0.00014530  -0.00014530   0.03074000  -0.03074000   0.00013890  -0.00013890   0.02146000  -0.02146000 
 -1.33510000   0.00150000  -0.00150000   0.00007397  -0.00007397   0.00056320  -0.00056320   0.00007485  -0.00007485   0.00681400  -0.00681400   0.00006294  -0.00006294   0.02628000  -0.02628000   0.00005838  -0.00005838   0.00699300  -0.00699300 
 -1.21910000   0.00144800  -0.00144800   0.00002599  -0.00002599   0.00051810  -0.00051810   0.00002392  -0.00002392   0.00191900  -0.00191900   0.00002070  -0.00002070   0.02576000  -0.02576000   0.00001788  -0.00001788   0.00201800  -0.00201800 
 -1.10310000   0.00102000  -0.00102000   0.00001142  -0.00001142   0.00035400  -0.00035400   0.00000974  -0.00000974   0.00058340  -0.00058340   0.00000609  -0.00000609   0.01830000  -0.01830000   0.00000477  -0.00000477   0.00063470  -0.00063470 
 -0.98810000   0.00044000  -0.00044000   0.00000376  -0.00000376   0.00014900  -0.00014900   0.00000315  -0.00000315   0.00016120  -0.00016120   0.00000154  -0.00000154   0.00794800  -0.00794800   0.00000113  -0.00000113   0.00017700  -0.00017700 
 -0.87210000   0.00011370  -0.00011370   0.00000072  -0.00000072   0.00003748  -0.00003748   0.00000059  -0.00000059   0.00002880  -0.00002880   0.00000026  -0.00000026   0.00207000  -0.00207000   0.00000019  -0.00000019   0.00003138  -0.00003138 
 -0.75610000   0.00001760  -0.00001760   0.00000007  -0.00000007   0.00000565  -0.00000565   0.00000006  -0.00000006   0.00000287  -0.00000287   0.00000003  -0.00000003   0.00032270  -0.00032270   0.00000002  -0.00000002   0.00000309  -0.00000309 
 -0.64010000   0.00000160  -0.00000160   0.00000000  -0.00000000   0.00000050  -0.00000050   0.00000000  -0.00000000   0.00000016  -0.00000016   0.00000000  -0.00000000   0.00002952  -0.00002952   0.00000000  -0.00000000   0.00000017  -0.00000017 
 -0.52510000   0.00000012  -0.00000012   0.00000001  -0.00000001   0.00000003  -0.00000003   0.00000001  -0.00000001   0.00000021  -0.00000021   0.00000001  -0.00000001   0.00000237  -0.00000237   0.00000001  -0.00000001   0.00000058  -0.00000058 
 -0.40910000   0.00000109  -0.00000109   0.00000026  -0.00000026   0.00000002  -0.00000002   0.00000022  -0.00000022   0.00000637  -0.00000637   0.00000039  -0.00000039   0.00002417  -0.00002417   0.00000041  -0.00000041   0.00001592  -0.00001592 
 -0.29310000   0.00001772  -0.00001772   0.00000441  -0.00000441   0.00000038  -0.00000038   0.00000364  -0.00000364   0.00011170  -0.00011170   0.00000598  -0.00000599   0.00038060  -0.00038060   0.00000616  -0.00000616   0.00024230  -0.00024240 
 -0.17710000   0.00015850  -0.00015850   0.00004210  -0.00004210   0.00000340  -0.00000340   0.00003517  -0.00003517   0.00113200  -0.00113200   0.00005049  -0.00005050   0.00336300  -0.00336300   0.00005203  -0.00005203   0.00207900  -0.00207900 
 -0.06210000   0.00080390  -0.00080390   0.00023680  -0.00023680   0.00001678  -0.00001678   0.00021330  -0.00021330   0.00691500  -0.00691500   0.00024130  -0.00024130   0.01734000  -0.01734000   0.00025240  -0.00025240   0.01038000  -0.01038000 
  0.05390000   0.00249800  -0.00249800   0.00084760  -0.00084760   0.00004699  -0.00004699   0.00085120  -0.00085120   0.02687000  -0.02687000   0.00068360  -0.00068360   0.05706000  -0.05706000   0.00075830  -0.00075840   0.03232000  -0.03232000 
  0.16990000   0.00536900  -0.00536900   0.00212400  -0.00212400   0.00008135  -0.00008136   0.00229000  -0.00229000   0.06967000  -0.06967000   0.00130600  -0.00130600   0.13550000  -0.13550000   0.00165900  -0.00165900   0.07073000  -0.07073000 
  0.28590000   0.00867000  -0.00867000   0.00399800  -0.00399800   0.00011080  -0.00011080   0.00427800  -0.00427800   0.12970000  -0.12970000   0.00229600  -0.00229600   0.24770000  -0.24770000   0.00334700  -0.00334700   0.12500000  -0.12500000 
  0.40090000   0.01058000  -0.01058000   0.00596900  -0.00596900   0.00017210  -0.00017210   0.00613500  -0.00613500   0.20350000  -0.20350000   0.00508600  -0.00508500   0.34520000  -0.34520000   0.00714600  -0.00714600   0.20100000  -0.20100000 
  0.51690000   0.01052000  -0.01052000   0.00765200  -0.00765200   0.00032140  -0.00032140   0.00774200  -0.00774200   0.31000000  -0.31000000   0.01247000  -0.01247000   0.37500000  -0.37500000   0.01510000  -0.01510000   0.30920000  -0.30920000 
  0.63290000   0.01051000  -0.01051000   0.00888700  -0.00888700   0.00056640  -0.00056630   0.00894900  -0.00894900   0.42080000  -0.42080000   0.02726000  -0.02726000   0.35130000  -0.35130000   0.02881000  -0.02881000   0.41500000  -0.41500000 
  0.74890000   0.01203000  -0.01203000   0.00918500  -0.00918500   0.00084310  -0.00084310   0.00908500  -0.00908500   0.45510000  -0.45510000   0.05217000  -0.05217000   0.34130000  -0.34130000   0.04987000  -0.04987000   0.44330000  -0.44330000 
  0.86390000   0.01471000  -0.01471000   0.00854400  -0.00854400   0.00112800  -0.00112800   0.00820400  -0.00820400   0.41090000  -0.41090000   0.09056000  -0.09056000   0.37430000  -0.37430000   0.08176000  -0.08176000   0.40050000  -0.40050000 
  0.97990000   0.01632000  -0.01632000   0.00823300  -0.00823300   0.00148300  -0.00148300   0.00765200  -0.00765200   0.35380000  -0.35380000   0.13450000  -0.13450000   0.38900000  -0.38900000   0.12330000  -0.12330000   0.35490000  -0.35490000 
  1.09590000   0.01563000  -0.01563000   0.00880700  -0.00880700   0.00211400  -0.00211400   0.00813400  -0.00813400   0.31380000  -0.31380000   0.16970000  -0.16970000   0.33630000  -0.33630000   0.16840000  -0.16840000   0.32430000  -0.32430000 
  1.21190000   0.01320000  -0.01320000   0.00886000  -0.00886000   0.00332900  -0.00332900   0.00841000  -0.00841000   0.27000000  -0.27000000   0.20700000  -0.20700000   0.24220000  -0.24220000   0.21710000  -0.21710000   0.28250000  -0.28250000 
  1.32690000   0.00935800  -0.00935800   0.00753500  -0.00753500   0.00442800  -0.00442800   0.00744700  -0.00744700   0.20360000  -0.20360000   0.23100000  -0.23100000   0.14640000  -0.14640000   0.24010000  -0.24010000   0.21370000  -0.21370000 
  1.44290000   0.00555000  -0.00555000   0.00584400  -0.00584400   0.00437000  -0.00437000   0.00591700  -0.00591700   0.14170000  -0.14170000   0.20450000  -0.20450000   0.07473000  -0.07473000   0.20620000  -0.20620000   0.14710000  -0.14710000 
  1.55890000   0.00345900  -0.00345900   0.00481100  -0.00481100   0.00438600  -0.00438600   0.00493800  -0.00493800   0.11110000  -0.11110000   0.18390000  -0.18390000   0.03468000  -0.03468000   0.17850000  -0.17850000   0.11230000  -0.11230000 
  1.67490000   0.00256600  -0.00256600   0.00414700  -0.00414700   0.00535700  -0.00535700   0.00438100  -0.00438100   0.09545000  -0.09545000   0.21330000  -0.21330000   0.01807000  -0.01807000   0.20240000  -0.20240000   0.09393000  -0.09393000 
  1.78990000   0.00167300  -0.00167300   0.00320700  -0.00320700   0.00533600  -0.00533600   0.00343300  -0.00343300   0.07128000  -0.07128000   0.21880000  -0.21880000   0.01070000  -0.01070000   0.20790000  -0.20790000   0.06947000  -0.06947000 
  1.90590000   0.00083490  -0.00083490   0.00215200  -0.00215200   0.00390900  -0.00390900   0.00225900  -0.00225900   0.04458000  -0.04458000   0.17800000  -0.17800000   0.00551200  -0.00551200   0.17010000  -0.17010000   0.04357000  -0.04357000 
  2.02190000   0.00044010  -0.00044000   0.00126500  -0.00126500   0.00325800  -0.00325800   0.00130800  -0.00130800   0.02339000  -0.02339000   0.16910000  -0.16910000   0.00322900  -0.00322900   0.16440000  -0.16440000   0.02282000  -0.02282000 
  2.13790000   0.00033100  -0.00032970   0.00068180  -0.00068170   0.00348100  -0.00348100   0.00071310  -0.00071300   0.00949000  -0.00949000   0.19150000  -0.19150000   0.00322900  -0.00322400   0.19400000  -0.19400000   0.00921500  -0.00921500 
  2.25390000   0.00028660  -0.00027600   0.00039050  -0.00039000   0.00301300  -0.00301200   0.00041610  -0.00041530   0.00323300  -0.00323000   0.19200000  -0.19190000   0.00308100  -0.00303800   0.19860000  -0.19900000   0.00311000  -0.00310800 
  2.36890000   0.00034460  -0.00029370   0.00028110  -0.00027720   0.00217700  -0.00217600   0.00031380  -0.00031050   0.00139700  -0.00138200   0.20040000  -0.19960000   0.00242300  -0.00220800   0.20410000  -0.20610000   0.00123100  -0.00121900 
  2.48490000   0.00051730  -0.00038210   0.00028650  -0.00027270   0.00186400  -0.00188300   0.00034080  -0.00033370   0.00113300  -0.00109900   0.22590000  -0.22330000   0.00225700  -0.00167700   0.22880000  -0.23530000   0.00083260  -0.00079580 
  2.60090000   0.00058460  -0.00038740   0.00027780  -0.00025390   0.00163200  -0.00171000   0.00033910  -0.00033270   0.00106200  -0.00103300   0.20650000  -0.20240000   0.00221900  -0.00137400   0.20690000  -0.21810000   0.00070870  -0.00065100 
  2.71690000   0.00041110  -0.00025400   0.00018080  -0.00016150   0.00108100  -0.00120800   0.00022570  -0.00022630   0.00071450  -0.00071970   0.13340000  -0.13110000   0.00154100  -0.00088250   0.12820000  -0.13840000   0.00045100  -0.00040640 
  2.83190000   0.00017250  -0.00010410   0.00007233  -0.00006606   0.00049350  -0.00059460   0.00009418  -0.00009906   0.00030830  -0.00033290   0.05841000  -0.05919000   0.00064910  -0.00037900   0.05306000  -0.05811000   0.00018300  -0.00016840 
  2.94790000   0.00004249  -0.00002614   0.00001744  -0.00001744   0.00014580  -0.00018720   0.00002419  -0.00002736   0.00008272  -0.00009783   0.01641000  -0.01770000   0.00016020  -0.00010320   0.01438000  -0.01577000   0.00004598  -0.00004552 
  3.06390000   0.00000605  -0.00000389   0.00000249  -0.00000290   0.00002574  -0.00003471   0.00000371  -0.00000458   0.00001329  -0.00001728   0.00276800  -0.00325200   0.00002285  -0.00001703   0.00242000  -0.00264400   0.00000697  -0.00000773 
  3.17990000   0.00000049  -0.00000033   0.00000020  -0.00000029   0.00000256  -0.00000359   0.00000033  -0.00000044   0.00000123  -0.00000174   0.00026550  -0.00034450   0.00000186  -0.00000163   0.00023760  -0.00026010   0.00000062  -0.00000078 
  3.29490000   0.00000002  -0.00000002   0.00000001  -0.00000002   0.00000014  -0.00000020   0.00000002  -0.00000002   0.00000006  -0.00000010   0.00001397  -0.00002017   0.00000009  -0.00000009   0.00001298  -0.00001438   0.00000003  -0.00000004 
  3.41090000   0.00000000  -0.00000000   0.00000000  -0.00000000   0.00000000  -0.00000001   0.00000000  -0.00000000   0.00000000  -0.00000000   0.00000039  -0.00000064   0.00000000  -0.00000000   0.00000038  -0.00000043   0.00000000  -0.00000000 
  3.52690000   0.00000000  -0.00000000   0.00000000  -0.00000000   0.00000000  -0.00000000   0.00000000  -0.00000000   0.00000000  -0.00000000   0.00000001  -0.00000001   0.00000000  -0.00000000   0.00000001  -0.00000001   0.00000000  -0.00000000 
  3.64290000   0.00000000  -0.00000000   0.00000000  -0.00000000   0.00000000  -0.00000000   0.00000000  -0.00000000   0.00000000  -0.00000000   0.00000000  -0.00000000   0.00000000  -0.00000000   0.00000000  -0.00000000   0.00000000  -0.00000000 
  3.75790000   0.00000000  -0.00000000   0.00000000  -0.00000000   0.00000000  -0.00000000   0.00000000  -0.00000000   0.00000000  -0.00000000   0.00000000  -0.00000000   0.00000000  -0.00000000   0.00000000  -0.00000000   0.00000000  -0.00000000 
  3.87390000   0.00000000  -0.00000000   0.00000000  -0.00000000   0.00000000  -0.00000000   0.00000000  -0.00000000   0.00000000  -0.00000000   0.00000000  -0.00000000   0.00000000  -0.00000000   0.00000000  -0.00000000   0.00000000  -0.00000000 
  3.98990000   0.00000000  -0.00000000   0.00000000  -0.00000000   0.00000000  -0.00000000   0.00000000  -0.00000000   0.00000000  -0.00000000   0.00000000  -0.00000000   0.00000000  -0.00000000   0.00000000  -0.00000000   0.00000000  -0.00000000 
  4.10590000   0.00000000  -0.00000000   0.00000000  -0.00000000   0.00000000  -0.00000000   0.00000000  -0.00000000   0.00000000  -0.00000000   0.00000000  -0.00000000   0.00000000  -0.00000000   0.00000000  -0.00000000   0.00000000  -0.00000000 
  4.22090000   0.00000000  -0.00000000   0.00000000  -0.00000000   0.00000000  -0.00000000   0.00000000  -0.00000000   0.00000000  -0.00000000   0.00000000  -0.00000000   0.00000000  -0.00000000   0.00000000  -0.00000000   0.00000000  -0.00000000 
  4.33690000   0.00000000  -0.00000000   0.00000000  -0.00000000   0.00000000  -0.00000000   0.00000000  -0.00000000   0.00000000  -0.00000000   0.00000000  -0.00000000   0.00000000  -0.00000000   0.00000000  -0.00000000   0.00000000  -0.00000000 
  4.45290000   0.00000000  -0.00000000   0.00000000  -0.00000000   0.00000000  -0.00000000   0.00000000  -0.00000000   0.00000000  -0.00000000   0.00000000  -0.00000000   0.00000000  -0.00000000   0.00000000  -0.00000000   0.00000000  -0.00000000 
  4.56890000   0.00000000  -0.00000000   0.00000000  -0.00000000   0.00000000  -0.00000000   0.00000000  -0.00000000   0.00000000  -0.00000000   0.00000000  -0.00000000   0.00000000  -0.00000000   0.00000000  -0.00000000   0.00000000  -0.00000000 
  4.68390000   0.00000000  -0.00000000   0.00000000  -0.00000000   0.00000000  -0.00000000   0.00000000  -0.00000000   0.00000000  -0.00000000   0.00000000  -0.00000000   0.00000000  -0.00000000   0.00000000  -0.00000000   0.00000000  -0.00000000 
