-30.04310000   0.00000000  -0.00000000   0.00000000  -0.00000000   0.00000000  -0.00000000   0.00000000  -0.00000000   0.00000000  -0.00000000   0.00000000  -0.00000000   0.00000000  -0.00000000   0.00000000  -0.00000000   0.00000000  -0.00000000 
-29.92710000   0.00000000  -0.00000000   0.00000000  -0.00000000   0.00000000  -0.00000000   0.00000000  -0.00000000   0.00000000  -0.00000000   0.00000000  -0.00000000   0.00000000  -0.00000000   0.00000000  -0.00000000   0.00000000  -0.00000000 
-29.81110000   0.00000000  -0.00000000   0.00000000  -0.00000000   0.00000000  -0.00000000   0.00000000  -0.00000000   0.00000000  -0.00000000   0.00000000  -0.00000000   0.00000000  -0.00000000   0.00000000  -0.00000000   0.00000000  -0.00000000 
-29.69510000   0.00000000  -0.00000000   0.00000000  -0.00000000   0.00000000  -0.00000000   0.00000000  -0.00000000   0.00000000  -0.00000000   0.00000000  -0.00000000   0.00000000  -0.00000000   0.00000000  -0.00000000   0.00000000  -0.00000000 
-29.58010000   0.00000000  -0.00000000   0.00000000  -0.00000000   0.00000000  -0.00000000   0.00000000  -0.00000000   0.00000000  -0.00000000   0.00000000  -0.00000000   0.00000000  -0.00000000   0.00000000  -0.00000000   0.00000000  -0.00000000 
-29.46410000   0.00000000  -0.00000000   0.00000000  -0.00000000   0.00000000  -0.00000000   0.00000000  -0.00000000   0.00000000  -0.00000000   0.00000000  -0.00000000   0.00000000  -0.00000000   0.00000000  -0.00000000   0.00000000  -0.00000000 
-29.34810000   0.00000000  -0.00000000   0.00000000  -0.00000000   0.00000000  -0.00000000   0.00000000  -0.00000000   0.00000000  -0.00000000   0.00000000  -0.00000000   0.00000000  -0.00000000   0.00000000  -0.00000000   0.00000000  -0.00000000 
-29.23210000   0.00000000  -0.00000000   0.00000000  -0.00000000   0.00000000  -0.00000000   0.00000000  -0.00000000   0.00000000  -0.00000000   0.00000000  -0.00000000   0.00000000  -0.00000000   0.00000000  -0.00000000   0.00000000  -0.00000000 
-29.11710000   0.00000000  -0.00000000   0.00000000  -0.00000000   0.00000000  -0.00000000   0.00000000  -0.00000000   0.00000000  -0.00000000   0.00000000  -0.00000000   0.00000000  -0.00000000   0.00000000  -0.00000000   0.00000000  -0.00000000 
-29.00110000   0.00000000  -0.00000000   0.00000000  -0.00000000   0.00000000  -0.00000000   0.00000000  -0.00000000   0.00000000  -0.00000000   0.00000000  -0.00000000   0.00000000  -0.00000000   0.00000000  -0.00000000   0.00000000  -0.00000000 
-28.88510000   0.00000000  -0.00000000   0.00000000  -0.00000000   0.00000000  -0.00000000   0.00000000  -0.00000000   0.00000000  -0.00000000   0.00000000  -0.00000000   0.00000000  -0.00000000   0.00000000  -0.00000000   0.00000000  -0.00000000 
-28.76910000   0.00000000  -0.00000000   0.00000000  -0.00000000   0.00000000  -0.00000000   0.00000000  -0.00000000   0.00000000  -0.00000000   0.00000000  -0.00000000   0.00000000  -0.00000000   0.00000000  -0.00000000   0.00000000  -0.00000000 
-28.65410000   0.00000000  -0.00000000   0.00000000  -0.00000000   0.00000000  -0.00000000   0.00000000  -0.00000000   0.00000000  -0.00000000   0.00000000  -0.00000000   0.00000000  -0.00000000   0.00000000  -0.00000000   0.00000000  -0.00000000 
-28.53810000   0.00000000  -0.00000000   0.00000000  -0.00000000   0.00000000  -0.00000000   0.00000000  -0.00000000   0.00000000  -0.00000000   0.00000000  -0.00000000   0.00000000  -0.00000000   0.00000000  -0.00000000   0.00000000  -0.00000000 
-28.42210000   0.00000000  -0.00000000   0.00000000  -0.00000000   0.00000000  -0.00000000   0.00000000  -0.00000000   0.00000000  -0.00000000   0.00000000  -0.00000000   0.00000000  -0.00000000   0.00000000  -0.00000000   0.00000000  -0.00000000 
-28.30610000   0.00000000  -0.00000000   0.00000000  -0.00000000   0.00000000  -0.00000000   0.00000000  -0.00000000   0.00000000  -0.00000000   0.00000000  -0.00000000   0.00000000  -0.00000000   0.00000000  -0.00000000   0.00000000  -0.00000000 
-28.19110000   0.00000000  -0.00000000   0.00000000  -0.00000000   0.00000000  -0.00000000   0.00000000  -0.00000000   0.00000000  -0.00000000   0.00000000  -0.00000000   0.00000000  -0.00000000   0.00000000  -0.00000000   0.00000000  -0.00000000 
-28.07510000   0.00000000  -0.00000000   0.00000000  -0.00000000   0.00000000  -0.00000000   0.00000000  -0.00000000   0.00000000  -0.00000000   0.00000000  -0.00000000   0.00000000  -0.00000000   0.00000000  -0.00000000   0.00000000  -0.00000000 
-27.95910000   0.00000000  -0.00000000   0.00000000  -0.00000000   0.00000000  -0.00000000   0.00000000  -0.00000000   0.00000000  -0.00000000   0.00000000  -0.00000000   0.00000000  -0.00000000   0.00000000  -0.00000000   0.00000000  -0.00000000 
-27.84310000   0.00000000  -0.00000000   0.00000000  -0.00000000   0.00000000  -0.00000000   0.00000000  -0.00000000   0.00000000  -0.00000000   0.00000000  -0.00000000   0.00000000  -0.00000000   0.00000000  -0.00000000   0.00000000  -0.00000000 
-27.72710000   0.00000000  -0.00000000   0.00000000  -0.00000000   0.00000000  -0.00000000   0.00000000  -0.00000000   0.00000000  -0.00000000   0.00000000  -0.00000000   0.00000000  -0.00000000   0.00000000  -0.00000000   0.00000000  -0.00000000 
-27.61210000   0.00000000  -0.00000000   0.00000000  -0.00000000   0.00000000  -0.00000000   0.00000000  -0.00000000   0.00000000  -0.00000000   0.00000000  -0.00000000   0.00000000  -0.00000000   0.00000000  -0.00000000   0.00000000  -0.00000000 
-27.49610000   0.00000000  -0.00000000   0.00000000  -0.00000000   0.00000000  -0.00000000   0.00000000  -0.00000000   0.00000000  -0.00000000   0.00000000  -0.00000000   0.00000000  -0.00000000   0.00000000  -0.00000000   0.00000000  -0.00000000 
-27.38010000   0.00000000  -0.00000000   0.00000000  -0.00000000   0.00000000  -0.00000000   0.00000000  -0.00000000   0.00000000  -0.00000000   0.00000000  -0.00000000   0.00000000  -0.00000000   0.00000000  -0.00000000   0.00000000  -0.00000000 
-27.26410000   0.00000000  -0.00000000   0.00000000  -0.00000000   0.00000000  -0.00000000   0.00000000  -0.00000000   0.00000000  -0.00000000   0.00000000  -0.00000000   0.00000000  -0.00000000   0.00000000  -0.00000000   0.00000000  -0.00000000 
-27.14910000   0.00000000  -0.00000000   0.00000000  -0.00000000   0.00000000  -0.00000000   0.00000000  -0.00000000   0.00000000  -0.00000000   0.00000000  -0.00000000   0.00000000  -0.00000000   0.00000000  -0.00000000   0.00000000  -0.00000000 
-27.03310000   0.00000000  -0.00000000   0.00000000  -0.00000000   0.00000000  -0.00000000   0.00000000  -0.00000000   0.00000000  -0.00000000   0.00000000  -0.00000000   0.00000000  -0.00000000   0.00000000  -0.00000000   0.00000000  -0.00000000 
-26.91710000   0.00000000  -0.00000000   0.00000000  -0.00000000   0.00000000  -0.00000000   0.00000000  -0.00000000   0.00000000  -0.00000000   0.00000000  -0.00000000   0.00000000  -0.00000000   0.00000000  -0.00000000   0.00000000  -0.00000000 
-26.80110000   0.00000000  -0.00000000   0.00000000  -0.00000000   0.00000000  -0.00000000   0.00000000  -0.00000000   0.00000000  -0.00000000   0.00000000  -0.00000000   0.00000000  -0.00000000   0.00000000  -0.00000000   0.00000000  -0.00000000 
-26.68610000   0.00000000  -0.00000000   0.00000000  -0.00000000   0.00000000  -0.00000000   0.00000000  -0.00000000   0.00000000  -0.00000000   0.00000000  -0.00000000   0.00000000  -0.00000000   0.00000000  -0.00000000   0.00000000  -0.00000000 
-26.57010000   0.00000000  -0.00000000   0.00000000  -0.00000000   0.00000000  -0.00000000   0.00000000  -0.00000000   0.00000000  -0.00000000   0.00000000  -0.00000000   0.00000000  -0.00000000   0.00000000  -0.00000000   0.00000000  -0.00000000 
-26.45410000   0.00000000  -0.00000000   0.00000000  -0.00000000   0.00000000  -0.00000000   0.00000000  -0.00000000   0.00000000  -0.00000000   0.00000000  -0.00000000   0.00000000  -0.00000000   0.00000000  -0.00000000   0.00000000  -0.00000000 
-26.33810000   0.00000000  -0.00000000   0.00000000  -0.00000000   0.00000000  -0.00000000   0.00000000  -0.00000000   0.00000000  -0.00000000   0.00000000  -0.00000000   0.00000000  -0.00000000   0.00000000  -0.00000000   0.00000000  -0.00000000 
-26.22310000   0.00000000  -0.00000000   0.00000000  -0.00000000   0.00000000  -0.00000000   0.00000000  -0.00000000   0.00000000  -0.00000000   0.00000000  -0.00000000   0.00000000  -0.00000000   0.00000000  -0.00000000   0.00000000  -0.00000000 
-26.10710000   0.00000000  -0.00000000   0.00000000  -0.00000000   0.00000000  -0.00000000   0.00000000  -0.00000000   0.00000000  -0.00000000   0.00000000  -0.00000000   0.00000000  -0.00000000   0.00000000  -0.00000000   0.00000000  -0.00000000 
-25.99110000   0.00000000  -0.00000000   0.00000000  -0.00000000   0.00000000  -0.00000000   0.00000000  -0.00000000   0.00000000  -0.00000000   0.00000000  -0.00000000   0.00000000  -0.00000000   0.00000000  -0.00000000   0.00000000  -0.00000000 
-25.87510000   0.00000000  -0.00000000   0.00000000  -0.00000000   0.00000000  -0.00000000   0.00000000  -0.00000000   0.00000000  -0.00000000   0.00000000  -0.00000000   0.00000000  -0.00000000   0.00000000  -0.00000000   0.00000000  -0.00000000 
-25.76010000   0.00000000  -0.00000000   0.00000000  -0.00000000   0.00000000  -0.00000000   0.00000000  -0.00000000   0.00000000  -0.00000000   0.00000000  -0.00000000   0.00000000  -0.00000000   0.00000000  -0.00000000   0.00000000  -0.00000000 
-25.64410000   0.00000000  -0.00000000   0.00000000  -0.00000000   0.00000000  -0.00000000   0.00000000  -0.00000000   0.00000000  -0.00000000   0.00000000  -0.00000000   0.00000000  -0.00000000   0.00000000  -0.00000000   0.00000000  -0.00000000 
-25.52810000   0.00000000  -0.00000000   0.00000000  -0.00000000   0.00000000  -0.00000000   0.00000000  -0.00000000   0.00000000  -0.00000000   0.00000000  -0.00000000   0.00000000  -0.00000000   0.00000000  -0.00000000   0.00000000  -0.00000000 
-25.41210000   0.00000000  -0.00000000   0.00000000  -0.00000000   0.00000000  -0.00000000   0.00000000  -0.00000000   0.00000000  -0.00000000   0.00000000  -0.00000000   0.00000000  -0.00000000   0.00000000  -0.00000000   0.00000000  -0.00000000 
-25.29710000   0.00000000  -0.00000000   0.00000000  -0.00000000   0.00000000  -0.00000000   0.00000000  -0.00000000   0.00000000  -0.00000000   0.00000000  -0.00000000   0.00000000  -0.00000000   0.00000000  -0.00000000   0.00000000  -0.00000000 
-25.18110000   0.00000000  -0.00000000   0.00000000  -0.00000000   0.00000000  -0.00000000   0.00000000  -0.00000000   0.00000000  -0.00000000   0.00000000  -0.00000000   0.00000000  -0.00000000   0.00000000  -0.00000000   0.00000000  -0.00000000 
-25.06510000   0.00000000  -0.00000000   0.00000000  -0.00000000   0.00000000  -0.00000000   0.00000000  -0.00000000   0.00000000  -0.00000000   0.00000000  -0.00000000   0.00000000  -0.00000000   0.00000000  -0.00000000   0.00000000  -0.00000000 
-24.94910000   0.00000000  -0.00000000   0.00000000  -0.00000000   0.00000000  -0.00000000   0.00000000  -0.00000000   0.00000000  -0.00000000   0.00000000  -0.00000000   0.00000000  -0.00000000   0.00000000  -0.00000000   0.00000000  -0.00000000 
-24.83410000   0.00000000  -0.00000000   0.00000000  -0.00000000   0.00000000  -0.00000000   0.00000000  -0.00000000   0.00000000  -0.00000000   0.00000000  -0.00000000   0.00000000  -0.00000000   0.00000000  -0.00000000   0.00000000  -0.00000000 
-24.71810000   0.00000000  -0.00000000   0.00000000  -0.00000000   0.00000000  -0.00000000   0.00000000  -0.00000000   0.00000000  -0.00000000   0.00000000  -0.00000000   0.00000000  -0.00000000   0.00000000  -0.00000000   0.00000000  -0.00000000 
-24.60210000   0.00000000  -0.00000000   0.00000000  -0.00000000   0.00000000  -0.00000000   0.00000000  -0.00000000   0.00000000  -0.00000000   0.00000000  -0.00000000   0.00000000  -0.00000000   0.00000000  -0.00000000   0.00000000  -0.00000000 
-24.48610000   0.00000000  -0.00000000   0.00000000  -0.00000000   0.00000000  -0.00000000   0.00000000  -0.00000000   0.00000000  -0.00000000   0.00000000  -0.00000000   0.00000000  -0.00000000   0.00000000  -0.00000000   0.00000000  -0.00000000 
-24.37110000   0.00000000  -0.00000000   0.00000000  -0.00000000   0.00000000  -0.00000000   0.00000000  -0.00000000   0.00000000  -0.00000000   0.00000000  -0.00000000   0.00000000  -0.00000000   0.00000000  -0.00000000   0.00000000  -0.00000000 
-24.25510000   0.00000000  -0.00000000   0.00000000  -0.00000000   0.00000000  -0.00000000   0.00000000  -0.00000000   0.00000000  -0.00000000   0.00000000  -0.00000000   0.00000000  -0.00000000   0.00000000  -0.00000000   0.00000000  -0.00000000 
-24.13910000   0.00000000  -0.00000000   0.00000000  -0.00000000   0.00000000  -0.00000000   0.00000000  -0.00000000   0.00000000  -0.00000000   0.00000000  -0.00000000   0.00000000  -0.00000000   0.00000000  -0.00000000   0.00000000  -0.00000000 
-24.02310000   0.00000000  -0.00000000   0.00000000  -0.00000000   0.00000000  -0.00000000   0.00000000  -0.00000000   0.00000000  -0.00000000   0.00000000  -0.00000000   0.00000000  -0.00000000   0.00000000  -0.00000000   0.00000000  -0.00000000 
-23.90810000   0.00000000  -0.00000000   0.00000000  -0.00000000   0.00000000  -0.00000000   0.00000000  -0.00000000   0.00000000  -0.00000000   0.00000000  -0.00000000   0.00000000  -0.00000000   0.00000000  -0.00000000   0.00000000  -0.00000000 
-23.79210000   0.00000000  -0.00000000   0.00000000  -0.00000000   0.00000000  -0.00000000   0.00000000  -0.00000000   0.00000000  -0.00000000   0.00000000  -0.00000000   0.00000000  -0.00000000   0.00000000  -0.00000000   0.00000000  -0.00000000 
-23.67610000   0.00000000  -0.00000000   0.00000000  -0.00000000   0.00000000  -0.00000000   0.00000000  -0.00000000   0.00000000  -0.00000000   0.00000000  -0.00000000   0.00000000  -0.00000000   0.00000000  -0.00000000   0.00000000  -0.00000000 
-23.56010000   0.00000000  -0.00000000   0.00000000  -0.00000000   0.00000000  -0.00000000   0.00000000  -0.00000000   0.00000000  -0.00000000   0.00000000  -0.00000000   0.00000000  -0.00000000   0.00000000  -0.00000000   0.00000000  -0.00000000 
-23.44410000   0.00000000  -0.00000000   0.00000000  -0.00000000   0.00000000  -0.00000000   0.00000000  -0.00000000   0.00000000  -0.00000000   0.00000000  -0.00000000   0.00000000  -0.00000000   0.00000000  -0.00000000   0.00000000  -0.00000000 
-23.32910000   0.00000000  -0.00000000   0.00000000  -0.00000000   0.00000000  -0.00000000   0.00000000  -0.00000000   0.00000000  -0.00000000   0.00000000  -0.00000000   0.00000000  -0.00000000   0.00000000  -0.00000000   0.00000000  -0.00000000 
-23.21310000   0.00000000  -0.00000000   0.00000000  -0.00000000   0.00000000  -0.00000000   0.00000000  -0.00000000   0.00000000  -0.00000000   0.00000000  -0.00000000   0.00000000  -0.00000000   0.00000000  -0.00000000   0.00000000  -0.00000000 
-23.09710000   0.00000000  -0.00000000   0.00000000  -0.00000000   0.00000000  -0.00000000   0.00000000  -0.00000000   0.00000000  -0.00000000   0.00000000  -0.00000000   0.00000000  -0.00000000   0.00000000  -0.00000000   0.00000000  -0.00000000 
-22.98110000   0.00000000  -0.00000000   0.00000000  -0.00000000   0.00000000  -0.00000000   0.00000000  -0.00000000   0.00000000  -0.00000000   0.00000000  -0.00000000   0.00000000  -0.00000000   0.00000000  -0.00000000   0.00000000  -0.00000000 
-22.86610000   0.00000000  -0.00000000   0.00000000  -0.00000000   0.00000000  -0.00000000   0.00000000  -0.00000000   0.00000000  -0.00000000   0.00000000  -0.00000000   0.00000000  -0.00000000   0.00000000  -0.00000000   0.00000000  -0.00000000 
-22.75010000   0.00000000  -0.00000000   0.00000000  -0.00000000   0.00000000  -0.00000000   0.00000000  -0.00000000   0.00000000  -0.00000000   0.00000000  -0.00000000   0.00000000  -0.00000000   0.00000000  -0.00000000   0.00000000  -0.00000000 
-22.63410000   0.00000000  -0.00000000   0.00000000  -0.00000000   0.00000000  -0.00000000   0.00000000  -0.00000000   0.00000000  -0.00000000   0.00000000  -0.00000000   0.00000000  -0.00000000   0.00000000  -0.00000000   0.00000000  -0.00000000 
-22.51810000   0.00000000  -0.00000000   0.00000000  -0.00000000   0.00000000  -0.00000000   0.00000000  -0.00000000   0.00000000  -0.00000000   0.00000000  -0.00000000   0.00000000  -0.00000000   0.00000000  -0.00000000   0.00000000  -0.00000000 
-22.40310000   0.00000000  -0.00000000   0.00000000  -0.00000000   0.00000000  -0.00000000   0.00000000  -0.00000000   0.00000000  -0.00000000   0.00000000  -0.00000000   0.00000000  -0.00000000   0.00000000  -0.00000000   0.00000000  -0.00000000 
-22.28710000   0.00000000  -0.00000000   0.00000000  -0.00000000   0.00000000  -0.00000000   0.00000000  -0.00000000   0.00000000  -0.00000000   0.00000000  -0.00000000   0.00000000  -0.00000000   0.00000000  -0.00000000   0.00000000  -0.00000000 
-22.17110000   0.00000000  -0.00000000   0.00000000  -0.00000000   0.00000000  -0.00000000   0.00000000  -0.00000000   0.00000000  -0.00000000   0.00000000  -0.00000000   0.00000000  -0.00000000   0.00000000  -0.00000000   0.00000000  -0.00000000 
-22.05510000   0.00000000  -0.00000000   0.00000000  -0.00000000   0.00000000  -0.00000000   0.00000000  -0.00000000   0.00000000  -0.00000000   0.00000000  -0.00000000   0.00000000  -0.00000000   0.00000000  -0.00000000   0.00000000  -0.00000000 
-21.94010000   0.00000000  -0.00000000   0.00000000  -0.00000000   0.00000000  -0.00000000   0.00000000  -0.00000000   0.00000000  -0.00000000   0.00000000  -0.00000000   0.00000000  -0.00000000   0.00000000  -0.00000000   0.00000000  -0.00000000 
-21.82410000   0.00000000  -0.00000000   0.00000000  -0.00000000   0.00000000  -0.00000000   0.00000000  -0.00000000   0.00000000  -0.00000000   0.00000000  -0.00000000   0.00000000  -0.00000000   0.00000000  -0.00000000   0.00000000  -0.00000000 
-21.70810000   0.00000000  -0.00000000   0.00000000  -0.00000000   0.00000000  -0.00000000   0.00000000  -0.00000000   0.00000000  -0.00000000   0.00000000  -0.00000000   0.00000000  -0.00000000   0.00000000  -0.00000000   0.00000000  -0.00000000 
-21.59210000   0.00000000  -0.00000000   0.00000000  -0.00000000   0.00000000  -0.00000000   0.00000000  -0.00000000   0.00000000  -0.00000000   0.00000000  -0.00000000   0.00000000  -0.00000000   0.00000000  -0.00000000   0.00000000  -0.00000000 
-21.47710000   0.00000000  -0.00000000   0.00000000  -0.00000000   0.00000000  -0.00000000   0.00000000  -0.00000000   0.00000000  -0.00000000   0.00000000  -0.00000000   0.00000000  -0.00000000   0.00000000  -0.00000000   0.00000000  -0.00000000 
-21.36110000   0.00000000  -0.00000000   0.00000000  -0.00000000   0.00000000  -0.00000000   0.00000000  -0.00000000   0.00000000  -0.00000000   0.00000000  -0.00000000   0.00000000  -0.00000000   0.00000000  -0.00000000   0.00000000  -0.00000000 
-21.24510000   0.00000000  -0.00000000   0.00000000  -0.00000000   0.00000000  -0.00000000   0.00000000  -0.00000000   0.00000000  -0.00000000   0.00000000  -0.00000000   0.00000000  -0.00000000   0.00000000  -0.00000000   0.00000000  -0.00000000 
-21.12910000   0.00000000  -0.00000000   0.00000000  -0.00000000   0.00000000  -0.00000000   0.00000000  -0.00000000   0.00000000  -0.00000000   0.00000000  -0.00000000   0.00000000  -0.00000000   0.00000000  -0.00000000   0.00000000  -0.00000000 
-21.01410000   0.00000000  -0.00000000   0.00000000  -0.00000000   0.00000000  -0.00000000   0.00000000  -0.00000000   0.00000000  -0.00000000   0.00000000  -0.00000000   0.00000000  -0.00000000   0.00000000  -0.00000000   0.00000000  -0.00000000 
-20.89810000   0.00000000  -0.00000000   0.00000000  -0.00000000   0.00000000  -0.00000000   0.00000000  -0.00000000   0.00000000  -0.00000000   0.00000000  -0.00000000   0.00000000  -0.00000000   0.00000000  -0.00000000   0.00000000  -0.00000000 
-20.78210000   0.00000000  -0.00000000   0.00000000  -0.00000000   0.00000000  -0.00000000   0.00000000  -0.00000000   0.00000000  -0.00000000   0.00000000  -0.00000000   0.00000000  -0.00000000   0.00000000  -0.00000000   0.00000000  -0.00000000 
-20.66610000   0.00000000  -0.00000000   0.00000000  -0.00000000   0.00000000  -0.00000000   0.00000000  -0.00000000   0.00000000  -0.00000000   0.00000000  -0.00000000   0.00000000  -0.00000000   0.00000000  -0.00000000   0.00000000  -0.00000000 
-20.55110000   0.00000000  -0.00000000   0.00000000  -0.00000000   0.00000000  -0.00000000   0.00000000  -0.00000000   0.00000000  -0.00000000   0.00000000  -0.00000000   0.00000000  -0.00000000   0.00000000  -0.00000000   0.00000000  -0.00000000 
-20.43510000   0.00000000  -0.00000000   0.00000000  -0.00000000   0.00000000  -0.00000000   0.00000000  -0.00000000   0.00000000  -0.00000000   0.00000000  -0.00000000   0.00000000  -0.00000000   0.00000000  -0.00000000   0.00000000  -0.00000000 
-20.31910000   0.00000000  -0.00000000   0.00000000  -0.00000000   0.00000000  -0.00000000   0.00000000  -0.00000000   0.00000000  -0.00000000   0.00000000  -0.00000000   0.00000000  -0.00000000   0.00000000  -0.00000000   0.00000000  -0.00000000 
-20.20310000   0.00000000  -0.00000000   0.00000000  -0.00000000   0.00000000  -0.00000000   0.00000000  -0.00000000   0.00000000  -0.00000000   0.00000000  -0.00000000   0.00000000  -0.00000000   0.00000000  -0.00000000   0.00000000  -0.00000000 
-20.08810000   0.00000000  -0.00000000   0.00000000  -0.00000000   0.00000000  -0.00000000   0.00000000  -0.00000000   0.00000000  -0.00000000   0.00000000  -0.00000000   0.00000000  -0.00000000   0.00000000  -0.00000000   0.00000000  -0.00000000 
-19.97210000   0.00000000  -0.00000000   0.00000000  -0.00000000   0.00000000  -0.00000000   0.00000000  -0.00000000   0.00000000  -0.00000000   0.00000000  -0.00000000   0.00000000  -0.00000000   0.00000000  -0.00000000   0.00000000  -0.00000000 
-19.85610000   0.00000000  -0.00000000   0.00000000  -0.00000000   0.00000000  -0.00000000   0.00000000  -0.00000000   0.00000000  -0.00000000   0.00000000  -0.00000000   0.00000000  -0.00000000   0.00000000  -0.00000000   0.00000000  -0.00000000 
-19.74010000   0.00000000  -0.00000000   0.00000000  -0.00000000   0.00000000  -0.00000000   0.00000000  -0.00000000   0.00000000  -0.00000000   0.00000000  -0.00000000   0.00000000  -0.00000000   0.00000000  -0.00000000   0.00000000  -0.00000000 
-19.62510000   0.00000000  -0.00000000   0.00000000  -0.00000000   0.00000000  -0.00000000   0.00000000  -0.00000000   0.00000000  -0.00000000   0.00000000  -0.00000000   0.00000000  -0.00000000   0.00000000  -0.00000000   0.00000000  -0.00000000 
-19.50910000   0.00000000  -0.00000000   0.00000000  -0.00000000   0.00000000  -0.00000000   0.00000000  -0.00000000   0.00000000  -0.00000000   0.00000000  -0.00000000   0.00000000  -0.00000000   0.00000000  -0.00000000   0.00000000  -0.00000000 
-19.39310000   0.00000002  -0.00000002   0.00000000  -0.00000000   0.00000000  -0.00000000   0.00000000  -0.00000000   0.00000000  -0.00000000   0.00000000  -0.00000000   0.00000000  -0.00000000   0.00000000  -0.00000000   0.00000000  -0.00000000 
-19.27710000   0.00000007  -0.00000007   0.00000000  -0.00000000   0.00000000  -0.00000000   0.00000001  -0.00000001   0.00000000  -0.00000000   0.00000000  -0.00000000   0.00000000  -0.00000000   0.00000000  -0.00000000   0.00000000  -0.00000000 
-19.16110000   0.00000010  -0.00000010   0.00000000  -0.00000000   0.00000000  -0.00000000   0.00000001  -0.00000001   0.00000000  -0.00000000   0.00000000  -0.00000000   0.00000000  -0.00000000   0.00000000  -0.00000000   0.00000000  -0.00000000 
-19.04610000   0.00000008  -0.00000008   0.00000000  -0.00000000   0.00000000  -0.00000000   0.00000001  -0.00000001   0.00000000  -0.00000000   0.00000000  -0.00000000   0.00000000  -0.00000000   0.00000000  -0.00000000   0.00000000  -0.00000000 
-18.93010000   0.00000003  -0.00000003   0.00000000  -0.00000000   0.00000000  -0.00000000   0.00000000  -0.00000000   0.00000000  -0.00000000   0.00000000  -0.00000000   0.00000000  -0.00000000   0.00000000  -0.00000000   0.00000000  -0.00000000 
-18.81410000   0.00000001  -0.00000001   0.00000000  -0.00000000   0.00000000  -0.00000000   0.00000000  -0.00000000   0.00000000  -0.00000000   0.00000000  -0.00000000   0.00000000  -0.00000000   0.00000000  -0.00000000   0.00000000  -0.00000000 
-18.69810000   0.00000000  -0.00000000   0.00000000  -0.00000000   0.00000000  -0.00000000   0.00000000  -0.00000000   0.00000000  -0.00000000   0.00000000  -0.00000000   0.00000000  -0.00000000   0.00000000  -0.00000000   0.00000000  -0.00000000 
-18.58310000   0.00000000  -0.00000000   0.00000000  -0.00000000   0.00000000  -0.00000000   0.00000000  -0.00000000   0.00000000  -0.00000000   0.00000000  -0.00000000   0.00000000  -0.00000000   0.00000000  -0.00000000   0.00000000  -0.00000000 
-18.46710000   0.00000000  -0.00000000   0.00000000  -0.00000000   0.00000000  -0.00000000   0.00000000  -0.00000000   0.00000000  -0.00000000   0.00000000  -0.00000000   0.00000000  -0.00000000   0.00000000  -0.00000000   0.00000000  -0.00000000 
-18.35110000   0.00000000  -0.00000000   0.00000000  -0.00000000   0.00000000  -0.00000000   0.00000000  -0.00000000   0.00000000  -0.00000000   0.00000000  -0.00000000   0.00000000  -0.00000000   0.00000000  -0.00000000   0.00000000  -0.00000000 
-18.23510000   0.00000000  -0.00000000   0.00000000  -0.00000000   0.00000000  -0.00000000   0.00000000  -0.00000000   0.00000000  -0.00000000   0.00000000  -0.00000000   0.00000000  -0.00000000   0.00000000  -0.00000000   0.00000000  -0.00000000 
-18.12010000   0.00000000  -0.00000000   0.00000000  -0.00000000   0.00000000  -0.00000000   0.00000000  -0.00000000   0.00000000  -0.00000000   0.00000000  -0.00000000   0.00000000  -0.00000000   0.00000000  -0.00000000   0.00000000  -0.00000000 
-18.00410000   0.00000000  -0.00000000   0.00000000  -0.00000000   0.00000000  -0.00000000   0.00000000  -0.00000000   0.00000000  -0.00000000   0.00000000  -0.00000000   0.00000000  -0.00000000   0.00000000  -0.00000000   0.00000000  -0.00000000 
-17.88810000   0.00000000  -0.00000000   0.00000000  -0.00000000   0.00000000  -0.00000000   0.00000000  -0.00000000   0.00000000  -0.00000000   0.00000000  -0.00000000   0.00000000  -0.00000000   0.00000000  -0.00000000   0.00000000  -0.00000000 
-17.77210000   0.00000000  -0.00000000   0.00000000  -0.00000000   0.00000000  -0.00000000   0.00000000  -0.00000000   0.00000000  -0.00000000   0.00000000  -0.00000000   0.00000000  -0.00000000   0.00000000  -0.00000000   0.00000000  -0.00000000 
-17.65710000   0.00000000  -0.00000000   0.00000000  -0.00000000   0.00000000  -0.00000000   0.00000000  -0.00000000   0.00000000  -0.00000000   0.00000000  -0.00000000   0.00000000  -0.00000000   0.00000000  -0.00000000   0.00000000  -0.00000000 
-17.54110000   0.00000000  -0.00000000   0.00000000  -0.00000000   0.00000000  -0.00000000   0.00000000  -0.00000000   0.00000000  -0.00000000   0.00000000  -0.00000000   0.00000000  -0.00000000   0.00000000  -0.00000000   0.00000000  -0.00000000 
-17.42510000   0.00000000  -0.00000000   0.00000000  -0.00000000   0.00000000  -0.00000000   0.00000000  -0.00000000   0.00000000  -0.00000000   0.00000000  -0.00000000   0.00000000  -0.00000000   0.00000000  -0.00000000   0.00000000  -0.00000000 
-17.30910000   0.00000000  -0.00000000   0.00000000  -0.00000000   0.00000000  -0.00000000   0.00000000  -0.00000000   0.00000000  -0.00000000   0.00000000  -0.00000000   0.00000000  -0.00000000   0.00000000  -0.00000000   0.00000000  -0.00000000 
-17.19410000   0.00000006  -0.00000006   0.00000000  -0.00000000   0.00000000  -0.00000000   0.00000000  -0.00000000   0.00000000  -0.00000000   0.00000000  -0.00000000   0.00000000  -0.00000000   0.00000000  -0.00000000   0.00000000  -0.00000000 
-17.07810000   0.00000045  -0.00000045   0.00000000  -0.00000000   0.00000000  -0.00000000   0.00000001  -0.00000001   0.00000000  -0.00000000   0.00000000  -0.00000000   0.00000000  -0.00000000   0.00000000  -0.00000000   0.00000000  -0.00000000 
-16.96210000   0.00000183  -0.00000183   0.00000002  -0.00000002   0.00000001  -0.00000001   0.00000006  -0.00000006   0.00000000  -0.00000000   0.00000000  -0.00000000   0.00000000  -0.00000000   0.00000000  -0.00000000   0.00000000  -0.00000000 
-16.84610000   0.00000397  -0.00000397   0.00000003  -0.00000003   0.00000002  -0.00000002   0.00000012  -0.00000012   0.00000000  -0.00000000   0.00000000  -0.00000000   0.00000000  -0.00000000   0.00000000  -0.00000000   0.00000000  -0.00000000 
-16.73110000   0.00000466  -0.00000466   0.00000004  -0.00000004   0.00000002  -0.00000002   0.00000014  -0.00000014   0.00000000  -0.00000000   0.00000000  -0.00000000   0.00000000  -0.00000000   0.00000000  -0.00000000   0.00000000  -0.00000000 
-16.61510000   0.00000368  -0.00000368   0.00000003  -0.00000003   0.00000002  -0.00000002   0.00000010  -0.00000010   0.00000000  -0.00000000   0.00000000  -0.00000000   0.00000000  -0.00000000   0.00000000  -0.00000000   0.00000000  -0.00000000 
-16.49910000   0.00000592  -0.00000592   0.00000006  -0.00000006   0.00000003  -0.00000003   0.00000009  -0.00000009   0.00000000  -0.00000000   0.00000000  -0.00000000   0.00000000  -0.00000000   0.00000000  -0.00000000   0.00000000  -0.00000000 
-16.38310000   0.00001795  -0.00001795   0.00000019  -0.00000019   0.00000014  -0.00000014   0.00000017  -0.00000017   0.00000000  -0.00000000   0.00000000  -0.00000000   0.00000000  -0.00000000   0.00000000  -0.00000000   0.00000000  -0.00000000 
-16.26810000   0.00004718  -0.00004718   0.00000047  -0.00000047   0.00000052  -0.00000052   0.00000027  -0.00000027   0.00000000  -0.00000000   0.00000000  -0.00000000   0.00000000  -0.00000000   0.00000000  -0.00000000   0.00000000  -0.00000000 
-16.15210000   0.00015050  -0.00015050   0.00000080  -0.00000080   0.00000224  -0.00000224   0.00000028  -0.00000028   0.00000000  -0.00000000   0.00000000  -0.00000000   0.00000000  -0.00000000   0.00000000  -0.00000000   0.00000000  -0.00000000 
-16.03610000   0.00087300  -0.00087300   0.00000116  -0.00000116   0.00001468  -0.00001468   0.00000050  -0.00000050   0.00000000  -0.00000000   0.00000000  -0.00000000   0.00000000  -0.00000000   0.00000000  -0.00000000   0.00000000  -0.00000000 
-15.92010000   0.00469400  -0.00469400   0.00000305  -0.00000305   0.00008013  -0.00008013   0.00000254  -0.00000254   0.00000000  -0.00000000   0.00000000  -0.00000000   0.00000000  -0.00000000   0.00000000  -0.00000000   0.00000000  -0.00000000 
-15.80510000   0.01596000  -0.01596000   0.00001151  -0.00001151   0.00027170  -0.00027170   0.00001093  -0.00001093   0.00000000  -0.00000000   0.00000000  -0.00000000   0.00000000  -0.00000000   0.00000000  -0.00000000   0.00000000  -0.00000000 
-15.68910000   0.03432000  -0.03432000   0.00003335  -0.00003335   0.00057920  -0.00057920   0.00003200  -0.00003200   0.00000000  -0.00000000   0.00000000  -0.00000000   0.00000000  -0.00000000   0.00000000  -0.00000000   0.00000000  -0.00000000 
-15.57310000   0.05325000  -0.05325000   0.00007329  -0.00007329   0.00088600  -0.00088600   0.00007120  -0.00007120   0.00000000  -0.00000000   0.00000000  -0.00000000   0.00000000  -0.00000000   0.00000000  -0.00000000   0.00000000  -0.00000000 
-15.45710000   0.06837000  -0.06837000   0.00012370  -0.00012370   0.00112000  -0.00112000   0.00012260  -0.00012260   0.00000000  -0.00000000   0.00000000  -0.00000000   0.00000000  -0.00000000   0.00000000  -0.00000000   0.00000000  -0.00000000 
-15.34210000   0.07511000  -0.07511000   0.00016670  -0.00016670   0.00121400  -0.00121400   0.00016740  -0.00016740   0.00000000  -0.00000000   0.00000000  -0.00000000   0.00000000  -0.00000000   0.00000000  -0.00000000   0.00000000  -0.00000000 
-15.22610000   0.07935000  -0.07935000   0.00022060  -0.00022060   0.00126900  -0.00126900   0.00022210  -0.00022210   0.00000000  -0.00000000   0.00000000  -0.00000000   0.00000000  -0.00000000   0.00000000  -0.00000000   0.00000000  -0.00000000 
-15.11010000   0.09020000  -0.09020000   0.00029640  -0.00029640   0.00144000  -0.00144000   0.00030050  -0.00030050   0.00000000  -0.00000000   0.00000000  -0.00000000   0.00000000  -0.00000000   0.00000000  -0.00000000   0.00000000  -0.00000000 
-14.99410000   0.09473000  -0.09473000   0.00033730  -0.00033730   0.00150600  -0.00150600   0.00034540  -0.00034540   0.00000000  -0.00000000   0.00000000  -0.00000000   0.00000000  -0.00000000   0.00000000  -0.00000000   0.00000000  -0.00000000 
-14.87810000   0.09242000  -0.09242000   0.00035160  -0.00035160   0.00144200  -0.00144200   0.00035920  -0.00035920   0.00000000  -0.00000000   0.00000000  -0.00000000   0.00000000  -0.00000000   0.00000000  -0.00000000   0.00000000  -0.00000000 
-14.76310000   0.10770000  -0.10770000   0.00042780  -0.00042780   0.00159400  -0.00159400   0.00042950  -0.00042950   0.00000000  -0.00000000   0.00000000  -0.00000000   0.00000000  -0.00000000   0.00000000  -0.00000000   0.00000000  -0.00000000 
-14.64710000   0.14600000  -0.14600000   0.00053710  -0.00053710   0.00189800  -0.00189800   0.00053900  -0.00053900   0.00000000  -0.00000000   0.00000000  -0.00000000   0.00000000  -0.00000000   0.00000000  -0.00000000   0.00000000  -0.00000000 
-14.53110000   0.18880000  -0.18880000   0.00058190  -0.00058190   0.00201300  -0.00201300   0.00059270  -0.00059270   0.00000000  -0.00000000   0.00000000  -0.00000000   0.00000000  -0.00000000   0.00000000  -0.00000000   0.00000000  -0.00000000 
-14.41510000   0.23500000  -0.23500000   0.00063500  -0.00063500   0.00216200  -0.00216200   0.00064650  -0.00064650   0.00000000  -0.00000000   0.00000000  -0.00000000   0.00000000  -0.00000000   0.00000000  -0.00000000   0.00000000  -0.00000000 
-14.30010000   0.29560000  -0.29560000   0.00078620  -0.00078620   0.00272300  -0.00272300   0.00078880  -0.00078880   0.00000000  -0.00000000   0.00000000  -0.00000000   0.00000000  -0.00000000   0.00000000  -0.00000000   0.00000000  -0.00000000 
-14.18410000   0.36050000  -0.36050000   0.00092540  -0.00092540   0.00350000  -0.00350000   0.00092910  -0.00092910   0.00000000  -0.00000000   0.00000000  -0.00000000   0.00000000  -0.00000000   0.00000000  -0.00000000   0.00000000  -0.00000000 
-14.06810000   0.43070000  -0.43070000   0.00095500  -0.00095500   0.00442500  -0.00442500   0.00096730  -0.00096730   0.00000000  -0.00000000   0.00000000  -0.00000000   0.00000000  -0.00000000   0.00000000  -0.00000000   0.00000000  -0.00000000 
-13.95210000   0.53860000  -0.53860000   0.00094380  -0.00094380   0.00591300  -0.00591300   0.00096370  -0.00096370   0.00000000  -0.00000000   0.00000000  -0.00000000   0.00000000  -0.00000000   0.00000000  -0.00000000   0.00000000  -0.00000000 
-13.83710000   0.65580000  -0.65580000   0.00089520  -0.00089520   0.00739700  -0.00739700   0.00093540  -0.00093540   0.00000000  -0.00000000   0.00000000  -0.00000000   0.00000000  -0.00000000   0.00000000  -0.00000000   0.00000000  -0.00000000 
-13.72110000   0.69540000  -0.69540000   0.00073900  -0.00073900   0.00763400  -0.00763400   0.00080800  -0.00080800   0.00000000  -0.00000000   0.00000000  -0.00000000   0.00000000  -0.00000000   0.00000000  -0.00000000   0.00000000  -0.00000000 
-13.60510000   0.59530000  -0.59530000   0.00049370  -0.00049370   0.00617800  -0.00617800   0.00057010  -0.00057010   0.00000000  -0.00000000   0.00000000  -0.00000000   0.00000000  -0.00000000   0.00000000  -0.00000000   0.00000000  -0.00000000 
-13.48910000   0.37690000  -0.37690000   0.00025090  -0.00025090   0.00365000  -0.00365000   0.00030280  -0.00030280   0.00000000  -0.00000000   0.00000000  -0.00000000   0.00000000  -0.00000000   0.00000000  -0.00000000   0.00000000  -0.00000000 
-13.37410000   0.16260000  -0.16260000   0.00009061  -0.00009061   0.00146000  -0.00146000   0.00011150  -0.00011150   0.00000000  -0.00000000   0.00000000  -0.00000000   0.00000000  -0.00000000   0.00000000  -0.00000000   0.00000000  -0.00000000 
-13.25810000   0.04520000  -0.04520000   0.00002203  -0.00002203   0.00037720  -0.00037720   0.00002702  -0.00002702   0.00000000  -0.00000000   0.00000000  -0.00000000   0.00000000  -0.00000000   0.00000000  -0.00000000   0.00000000  -0.00000000 
-13.14210000   0.00779000  -0.00779000   0.00000357  -0.00000357   0.00006091  -0.00006091   0.00000462  -0.00000462   0.00000000  -0.00000000   0.00000000  -0.00000000   0.00000000  -0.00000000   0.00000000  -0.00000000   0.00000000  -0.00000000 
-13.02610000   0.00082980  -0.00082980   0.00000055  -0.00000055   0.00000623  -0.00000623   0.00000143  -0.00000143   0.00000000  -0.00000000   0.00000000  -0.00000000   0.00000000  -0.00000000   0.00000000  -0.00000000   0.00000000  -0.00000000 
-12.91110000   0.00008126  -0.00008126   0.00000025  -0.00000025   0.00000071  -0.00000071   0.00000119  -0.00000119   0.00000000  -0.00000000   0.00000000  -0.00000000   0.00000000  -0.00000000   0.00000000  -0.00000000   0.00000000  -0.00000000 
-12.79510000   0.00002170  -0.00002170   0.00000014  -0.00000014   0.00000024  -0.00000024   0.00000071  -0.00000071   0.00000000  -0.00000000   0.00000000  -0.00000000   0.00000000  -0.00000000   0.00000000  -0.00000000   0.00000000  -0.00000000 
-12.67910000   0.00000644  -0.00000644   0.00000004  -0.00000004   0.00000007  -0.00000007   0.00000023  -0.00000023   0.00000000  -0.00000000   0.00000000  -0.00000000   0.00000000  -0.00000000   0.00000000  -0.00000000   0.00000000  -0.00000000 
-12.56310000   0.00000108  -0.00000108   0.00000001  -0.00000001   0.00000001  -0.00000001   0.00000004  -0.00000004   0.00000000  -0.00000000   0.00000000  -0.00000000   0.00000000  -0.00000000   0.00000000  -0.00000000   0.00000000  -0.00000000 
-12.44810000   0.00000010  -0.00000010   0.00000000  -0.00000000   0.00000000  -0.00000000   0.00000000  -0.00000000   0.00000000  -0.00000000   0.00000000  -0.00000000   0.00000000  -0.00000000   0.00000000  -0.00000000   0.00000000  -0.00000000 
-12.33210000   0.00000000  -0.00000000   0.00000000  -0.00000000   0.00000000  -0.00000000   0.00000000  -0.00000000   0.00000000  -0.00000000   0.00000000  -0.00000000   0.00000000  -0.00000000   0.00000000  -0.00000000   0.00000000  -0.00000000 
-12.21610000   0.00000000  -0.00000000   0.00000000  -0.00000000   0.00000000  -0.00000000   0.00000000  -0.00000000   0.00000000  -0.00000000   0.00000000  -0.00000000   0.00000000  -0.00000000   0.00000000  -0.00000000   0.00000000  -0.00000000 
-12.10010000   0.00000000  -0.00000000   0.00000000  -0.00000000   0.00000000  -0.00000000   0.00000000  -0.00000000   0.00000000  -0.00000000   0.00000000  -0.00000000   0.00000000  -0.00000000   0.00000000  -0.00000000   0.00000000  -0.00000000 
-11.98510000   0.00000001  -0.00000001   0.00000000  -0.00000000   0.00000000  -0.00000000   0.00000000  -0.00000000   0.00000000  -0.00000000   0.00000000  -0.00000000   0.00000000  -0.00000000   0.00000000  -0.00000000   0.00000000  -0.00000000 
-11.86910000   0.00000005  -0.00000005   0.00000003  -0.00000003   0.00000001  -0.00000001   0.00000000  -0.00000000   0.00000000  -0.00000000   0.00000000  -0.00000000   0.00000000  -0.00000000   0.00000000  -0.00000000   0.00000000  -0.00000000 
-11.75310000   0.00000022  -0.00000022   0.00000011  -0.00000011   0.00000006  -0.00000006   0.00000002  -0.00000002   0.00000000  -0.00000000   0.00000000  -0.00000000   0.00000000  -0.00000000   0.00000000  -0.00000000   0.00000000  -0.00000000 
-11.63710000   0.00000051  -0.00000051   0.00000025  -0.00000025   0.00000013  -0.00000013   0.00000004  -0.00000004   0.00000000  -0.00000000   0.00000000  -0.00000000   0.00000000  -0.00000000   0.00000000  -0.00000000   0.00000000  -0.00000000 
-11.52210000   0.00000062  -0.00000062   0.00000030  -0.00000030   0.00000016  -0.00000016   0.00000004  -0.00000004   0.00000000  -0.00000000   0.00000000  -0.00000000   0.00000000  -0.00000000   0.00000000  -0.00000000   0.00000000  -0.00000000 
-11.40610000   0.00000040  -0.00000040   0.00000020  -0.00000020   0.00000010  -0.00000010   0.00000003  -0.00000003   0.00000000  -0.00000000   0.00000000  -0.00000000   0.00000000  -0.00000000   0.00000000  -0.00000000   0.00000000  -0.00000000 
-11.29010000   0.00000014  -0.00000014   0.00000007  -0.00000007   0.00000004  -0.00000004   0.00000001  -0.00000001   0.00000000  -0.00000000   0.00000000  -0.00000000   0.00000000  -0.00000000   0.00000000  -0.00000000   0.00000000  -0.00000000 
-11.17410000   0.00000003  -0.00000003   0.00000001  -0.00000001   0.00000001  -0.00000001   0.00000000  -0.00000000   0.00000000  -0.00000000   0.00000000  -0.00000000   0.00000000  -0.00000000   0.00000000  -0.00000000   0.00000000  -0.00000000 
-11.05910000   0.00000000  -0.00000000   0.00000000  -0.00000000   0.00000000  -0.00000000   0.00000000  -0.00000000   0.00000000  -0.00000000   0.00000000  -0.00000000   0.00000000  -0.00000000   0.00000000  -0.00000000   0.00000000  -0.00000000 
-10.94310000   0.00000000  -0.00000000   0.00000000  -0.00000000   0.00000000  -0.00000000   0.00000000  -0.00000000   0.00000000  -0.00000000   0.00000000  -0.00000000   0.00000000  -0.00000000   0.00000000  -0.00000000   0.00000000  -0.00000000 
-10.82710000   0.00000000  -0.00000000   0.00000000  -0.00000000   0.00000000  -0.00000000   0.00000000  -0.00000000   0.00000000  -0.00000000   0.00000000  -0.00000000   0.00000000  -0.00000000   0.00000000  -0.00000000   0.00000000  -0.00000000 
-10.71110000   0.00000000  -0.00000000   0.00000000  -0.00000000   0.00000000  -0.00000000   0.00000000  -0.00000000   0.00000000  -0.00000000   0.00000000  -0.00000000   0.00000000  -0.00000000   0.00000000  -0.00000000   0.00000000  -0.00000000 
-10.59510000   0.00000000  -0.00000000   0.00000000  -0.00000000   0.00000000  -0.00000000   0.00000000  -0.00000000   0.00000000  -0.00000000   0.00000000  -0.00000000   0.00000000  -0.00000000   0.00000000  -0.00000000   0.00000000  -0.00000000 
-10.48010000   0.00000000  -0.00000000   0.00000000  -0.00000000   0.00000000  -0.00000000   0.00000000  -0.00000000   0.00000000  -0.00000000   0.00000000  -0.00000000   0.00000000  -0.00000000   0.00000000  -0.00000000   0.00000000  -0.00000000 
-10.36410000   0.00000001  -0.00000001   0.00000000  -0.00000000   0.00000000  -0.00000000   0.00000000  -0.00000000   0.00000000  -0.00000000   0.00000000  -0.00000000   0.00000000  -0.00000000   0.00000000  -0.00000000   0.00000000  -0.00000000 
-10.24810000   0.00000008  -0.00000008   0.00000001  -0.00000001   0.00000001  -0.00000001   0.00000006  -0.00000006   0.00000000  -0.00000000   0.00000000  -0.00000000   0.00000000  -0.00000000   0.00000000  -0.00000000   0.00000000  -0.00000000 
-10.13210000   0.00000053  -0.00000053   0.00000008  -0.00000008   0.00000004  -0.00000004   0.00000037  -0.00000037   0.00000000  -0.00000000   0.00000000  -0.00000000   0.00000000  -0.00000000   0.00000000  -0.00000000   0.00000000  -0.00000000 
-10.01710000   0.00000186  -0.00000186   0.00000030  -0.00000030   0.00000017  -0.00000017   0.00000130  -0.00000130   0.00000000  -0.00000000   0.00000000  -0.00000000   0.00000000  -0.00000000   0.00000000  -0.00000000   0.00000000  -0.00000000 
 -9.90110000   0.00000345  -0.00000345   0.00000057  -0.00000057   0.00000035  -0.00000035   0.00000241  -0.00000241   0.00000000  -0.00000000   0.00000000  -0.00000000   0.00000000  -0.00000000   0.00000000  -0.00000000   0.00000000  -0.00000000 
 -9.78510000   0.00000340  -0.00000340   0.00000058  -0.00000058   0.00000038  -0.00000038   0.00000237  -0.00000237   0.00000000  -0.00000000   0.00000000  -0.00000000   0.00000000  -0.00000000   0.00000000  -0.00000000   0.00000000  -0.00000000 
 -9.66910000   0.00000178  -0.00000178   0.00000031  -0.00000031   0.00000022  -0.00000022   0.00000124  -0.00000124   0.00000000  -0.00000000   0.00000000  -0.00000000   0.00000000  -0.00000000   0.00000000  -0.00000000   0.00000000  -0.00000000 
 -9.55410000   0.00000049  -0.00000049   0.00000009  -0.00000009   0.00000007  -0.00000007   0.00000034  -0.00000034   0.00000000  -0.00000000   0.00000000  -0.00000000   0.00000000  -0.00000000   0.00000000  -0.00000000   0.00000000  -0.00000000 
 -9.43810000   0.00000007  -0.00000007   0.00000001  -0.00000001   0.00000001  -0.00000001   0.00000005  -0.00000005   0.00000000  -0.00000000   0.00000000  -0.00000000   0.00000000  -0.00000000   0.00000000  -0.00000000   0.00000000  -0.00000000 
 -9.32210000   0.00000001  -0.00000001   0.00000000  -0.00000000   0.00000000  -0.00000000   0.00000000  -0.00000000   0.00000000  -0.00000000   0.00000000  -0.00000000   0.00000000  -0.00000000   0.00000000  -0.00000000   0.00000000  -0.00000000 
 -9.20610000   0.00000000  -0.00000000   0.00000000  -0.00000000   0.00000000  -0.00000000   0.00000000  -0.00000000   0.00000000  -0.00000000   0.00000000  -0.00000000   0.00000000  -0.00000000   0.00000000  -0.00000000   0.00000000  -0.00000000 
 -9.09110000   0.00000000  -0.00000000   0.00000000  -0.00000000   0.00000000  -0.00000000   0.00000000  -0.00000000   0.00000000  -0.00000000   0.00000000  -0.00000000   0.00000000  -0.00000000   0.00000000  -0.00000000   0.00000000  -0.00000000 
 -8.97510000   0.00000000  -0.00000000   0.00000000  -0.00000000   0.00000000  -0.00000000   0.00000000  -0.00000000   0.00000000  -0.00000000   0.00000000  -0.00000000   0.00000000  -0.00000000   0.00000000  -0.00000000   0.00000000  -0.00000000 
 -8.85910000   0.00000000  -0.00000000   0.00000001  -0.00000001   0.00000002  -0.00000002   0.00000001  -0.00000001   0.00000000  -0.00000000   0.00000000  -0.00000000   0.00000000  -0.00000000   0.00000000  -0.00000000   0.00000000  -0.00000000 
 -8.74310000   0.00000003  -0.00000003   0.00000013  -0.00000013   0.00000027  -0.00000027   0.00000020  -0.00000020   0.00000000  -0.00000000   0.00000000  -0.00000000   0.00000000  -0.00000000   0.00000000  -0.00000000   0.00000000  -0.00000000 
 -8.62810000   0.00000022  -0.00000022   0.00000109  -0.00000109   0.00000228  -0.00000228   0.00000171  -0.00000171   0.00000000  -0.00000000   0.00000000  -0.00000000   0.00000000  -0.00000000   0.00000000  -0.00000000   0.00000000  -0.00000000 
 -8.51210000   0.00000100  -0.00000100   0.00000489  -0.00000489   0.00001029  -0.00001029   0.00000769  -0.00000769   0.00000000  -0.00000000   0.00000000  -0.00000000   0.00000000  -0.00000000   0.00000000  -0.00000000   0.00000000  -0.00000000 
 -8.39610000   0.00000240  -0.00000240   0.00001168  -0.00001168   0.00002474  -0.00002474   0.00001838  -0.00001838   0.00000000  -0.00000000   0.00000000  -0.00000000   0.00000000  -0.00000000   0.00000000  -0.00000000   0.00000000  -0.00000000 
 -8.28010000   0.00000307  -0.00000307   0.00001479  -0.00001479   0.00003313  -0.00003313   0.00002371  -0.00002371   0.00000000  -0.00000000   0.00000000  -0.00000000   0.00000000  -0.00000000   0.00000000  -0.00000000   0.00000000  -0.00000000 
 -8.16510000   0.00000225  -0.00000225   0.00001008  -0.00001008   0.00003148  -0.00003148   0.00001827  -0.00001827   0.00000000  -0.00000000   0.00000000  -0.00000000   0.00000000  -0.00000000   0.00000000  -0.00000000   0.00000000  -0.00000000 
 -8.04910000   0.00000140  -0.00000140   0.00000434  -0.00000434   0.00003633  -0.00003633   0.00001302  -0.00001302   0.00000000  -0.00000000   0.00000000  -0.00000000   0.00000000  -0.00000000   0.00000000  -0.00000000   0.00000000  -0.00000000 
 -7.93310000   0.00000315  -0.00000315   0.00000923  -0.00000923   0.00005184  -0.00005184   0.00001842  -0.00001842   0.00000000  -0.00000000   0.00000000  -0.00000000   0.00000000  -0.00000000   0.00000000  -0.00000000   0.00000000  -0.00000000 
 -7.81710000   0.00002664  -0.00002664   0.00010470  -0.00010470   0.00014310  -0.00014310   0.00010660  -0.00010660   0.00000000  -0.00000000   0.00000000  -0.00000000   0.00000000  -0.00000000   0.00000000  -0.00000000   0.00000000  -0.00000000 
 -7.70210000   0.00017980  -0.00017980   0.00081270  -0.00081270   0.00073420  -0.00073420   0.00078620  -0.00078620   0.00000000  -0.00000000   0.00000000  -0.00000000   0.00000000  -0.00000000   0.00000000  -0.00000000   0.00000000  -0.00000000 
 -7.58610000   0.00074520  -0.00074520   0.00388100  -0.00388100   0.00275900  -0.00275900   0.00376700  -0.00376700   0.00000000  -0.00000000   0.00000000  -0.00000000   0.00000000  -0.00000000   0.00000000  -0.00000000   0.00000000  -0.00000000 
 -7.47010000   0.00193900  -0.00193900   0.01171000  -0.01171000   0.00666400  -0.00666400   0.01139000  -0.01139000   0.00000000  -0.00000000   0.00000000  -0.00000000   0.00000000  -0.00000000   0.00000000  -0.00000000   0.00000000  -0.00000000 
 -7.35410000   0.00335700  -0.00335700   0.02302000  -0.02302000   0.01168000  -0.01168000   0.02230000  -0.02230000   0.00000000  -0.00000000   0.00000000  -0.00000000   0.00000000  -0.00000000   0.00000000  -0.00000000   0.00000000  -0.00000000 
 -7.23910000   0.00429000  -0.00429000   0.03327000  -0.03327000   0.01803000  -0.01803000   0.03219000  -0.03219000   0.00000000  -0.00000000   0.00000000  -0.00000000   0.00000000  -0.00000000   0.00000000  -0.00000000   0.00000000  -0.00000000 
 -7.12310000   0.00479500  -0.00479500   0.04600000  -0.04600000   0.02688000  -0.02688000   0.04539000  -0.04539000   0.00000000  -0.00000000   0.00000000  -0.00000000   0.00000000  -0.00000000   0.00000000  -0.00000000   0.00000000  -0.00000000 
 -7.00710000   0.00535400  -0.00535400   0.06558000  -0.06558000   0.03878000  -0.03878000   0.06665000  -0.06665000   0.00000000  -0.00000000   0.00000000  -0.00000000   0.00000000  -0.00000000   0.00000000  -0.00000000   0.00000000  -0.00000000 
 -6.89110000   0.00597400  -0.00597400   0.08293000  -0.08293000   0.05510000  -0.05510000   0.08570000  -0.08570000   0.00000000  -0.00000000   0.00000000  -0.00000000   0.00000000  -0.00000000   0.00000000  -0.00000000   0.00000000  -0.00000000 
 -6.77610000   0.00647800  -0.00647800   0.09145000  -0.09145000   0.06863000  -0.06863000   0.09432000  -0.09432000   0.00000000  -0.00000000   0.00000000  -0.00000000   0.00000000  -0.00000000   0.00000000  -0.00000000   0.00000000  -0.00000000 
 -6.66010000   0.00697900  -0.00697900   0.09503000  -0.09503000   0.06579000  -0.06579000   0.09645000  -0.09645000   0.00000000  -0.00000000   0.00000000  -0.00000000   0.00000000  -0.00000000   0.00000000  -0.00000000   0.00000000  -0.00000000 
 -6.54410000   0.00750800  -0.00750800   0.09422000  -0.09422000   0.05303000  -0.05303000   0.09445000  -0.09445000   0.00000000  -0.00000000   0.00000000  -0.00000000   0.00000000  -0.00000000   0.00000000  -0.00000000   0.00000000  -0.00000000 
 -6.42810000   0.00706500  -0.00706500   0.08087000  -0.08087000   0.04444000  -0.04444000   0.08120000  -0.08120000   0.00000000  -0.00000000   0.00000000  -0.00000000   0.00000000  -0.00000000   0.00000000  -0.00000000   0.00000000  -0.00000000 
 -6.31210000   0.00550000  -0.00550000   0.05905000  -0.05905000   0.03670000  -0.03670000   0.06020000  -0.06020000   0.00000000  -0.00000000   0.00000000  -0.00000000   0.00000000  -0.00000000   0.00000000  -0.00000000   0.00000000  -0.00000000 
 -6.19710000   0.00432200  -0.00432200   0.04490000  -0.04490000   0.02437000  -0.02437000   0.04649000  -0.04649000   0.00000000  -0.00000000   0.00000000  -0.00000000   0.00000000  -0.00000000   0.00000000  -0.00000000   0.00000000  -0.00000000 
 -6.08110000   0.00429700  -0.00429700   0.04164000  -0.04164000   0.01485000  -0.01485000   0.04264000  -0.04264000   0.00000000  -0.00000000   0.00000000  -0.00000000   0.00000000  -0.00000000   0.00000000  -0.00000000   0.00000000  -0.00000000 
 -5.96510000   0.00537600  -0.00537600   0.04064000  -0.04064000   0.01727000  -0.01727000   0.04029000  -0.04029000   0.00000000  -0.00000000   0.00000000  -0.00000000   0.00000000  -0.00000000   0.00000000  -0.00000000   0.00000000  -0.00000000 
 -5.84910000   0.00870200  -0.00870200   0.03737000  -0.03737000   0.03741000  -0.03741000   0.03615000  -0.03615000   0.00000000  -0.00000000   0.00000000  -0.00000000   0.00000000  -0.00000000   0.00000000  -0.00000000   0.00000000  -0.00000000 
 -5.73410000   0.01606000  -0.01606000   0.03888000  -0.03888000   0.07512000  -0.07512000   0.03796000  -0.03796000   0.00000000  -0.00000000   0.00000000  -0.00000000   0.00000000  -0.00000000   0.00000000  -0.00000000   0.00000000  -0.00000000 
 -5.61810000   0.02637000  -0.02637000   0.04838000  -0.04838000   0.11870000  -0.11870000   0.04795000  -0.04795000   0.00000000  -0.00000000   0.00000000  -0.00000000   0.00000000  -0.00000000   0.00000000  -0.00000000   0.00000000  -0.00000000 
 -5.50210000   0.03469000  -0.03469000   0.05829000  -0.05829000   0.15190000  -0.15190000   0.05767000  -0.05767000   0.00000000  -0.00000000   0.00000000  -0.00000000   0.00000000  -0.00000000   0.00000000  -0.00000000   0.00000000  -0.00000000 
 -5.38610000   0.03648000  -0.03648000   0.06354000  -0.06354000   0.16380000  -0.16380000   0.06228000  -0.06228000   0.00000000  -0.00000000   0.00000000  -0.00000000   0.00000000  -0.00000000   0.00000000  -0.00000000   0.00000000  -0.00000000 
 -5.27110000   0.03203000  -0.03203000   0.06295000  -0.06295000   0.15090000  -0.15090000   0.06132000  -0.06132000   0.00000000  -0.00000000   0.00000000  -0.00000000   0.00000000  -0.00000000   0.00000000  -0.00000000   0.00000000  -0.00000000 
 -5.15510000   0.02333000  -0.02333000   0.05681000  -0.05681000   0.11660000  -0.11660000   0.05492000  -0.05492000   0.00000000  -0.00000000   0.00000000  -0.00000000   0.00000000  -0.00000000   0.00000000  -0.00000000   0.00000000  -0.00000000 
 -5.03910000   0.01490000  -0.01490000   0.05946000  -0.05946000   0.08551000  -0.08551000   0.05611000  -0.05611000   0.00000000  -0.00000000   0.00000000  -0.00000000   0.00000000  -0.00000000   0.00000000  -0.00000000   0.00000000  -0.00000000 
 -4.92310000   0.01120000  -0.01120000   0.08429000  -0.08429000   0.07808000  -0.07808000   0.07886000  -0.07886000   0.00000000  -0.00000000   0.00000000  -0.00000000   0.00000000  -0.00000000   0.00000000  -0.00000000   0.00000000  -0.00000000 
 -4.80810000   0.00974000  -0.00974000   0.11520000  -0.11520000   0.07630000  -0.07630000   0.11010000  -0.11010000   0.00000000  -0.00000000   0.00000000  -0.00000000   0.00000000  -0.00000000   0.00000000  -0.00000000   0.00000000  -0.00000000 
 -4.69210000   0.00740600  -0.00740600   0.12680000  -0.12680000   0.06602000  -0.06602000   0.12620000  -0.12620000   0.00000000  -0.00000000   0.00000000  -0.00000000   0.00000000  -0.00000000   0.00000000  -0.00000000   0.00000000  -0.00000000 
 -4.57610000   0.00495400  -0.00495400   0.11380000  -0.11380000   0.05335000  -0.05335000   0.11750000  -0.11750000   0.00000000  -0.00000000   0.00000000  -0.00000000   0.00000000  -0.00000000   0.00000000  -0.00000000   0.00000000  -0.00000000 
 -4.46010000   0.00327400  -0.00327400   0.08720000  -0.08720000   0.03992000  -0.03992000   0.09043000  -0.09043000   0.00000000  -0.00000000   0.00000000  -0.00000000   0.00000000  -0.00000000   0.00000000  -0.00000000   0.00000000  -0.00000000 
 -4.34510000   0.00229900  -0.00229900   0.06230000  -0.06230000   0.02846000  -0.02846000   0.06236000  -0.06236000   0.00000000  -0.00000000   0.00000000  -0.00000000   0.00000000  -0.00000000   0.00000000  -0.00000000   0.00000000  -0.00000000 
 -4.22910000   0.00208300  -0.00208300   0.05470000  -0.05470000   0.02516000  -0.02516000   0.05080000  -0.05080000   0.00000000  -0.00000000   0.00000000  -0.00000000   0.00000000  -0.00000000   0.00000000  -0.00000000   0.00000000  -0.00000000 
 -4.11310000   0.00267800  -0.00267800   0.06608000  -0.06608000   0.02735000  -0.02735000   0.06008000  -0.06008000   0.00000000  -0.00000000   0.00000000  -0.00000000   0.00000000  -0.00000000   0.00000000  -0.00000000   0.00000000  -0.00000000 
 -3.99710000   0.00362800  -0.00362800   0.07759000  -0.07759000   0.03084000  -0.03084000   0.07495000  -0.07495000   0.00000000  -0.00000000   0.00000000  -0.00000000   0.00000000  -0.00000000   0.00000000  -0.00000000   0.00000000  -0.00000000 
 -3.88210000   0.00469700  -0.00469700   0.07591000  -0.07591000   0.04065000  -0.04065000   0.07844000  -0.07844000   0.00000000  -0.00000000   0.00000000  -0.00000000   0.00000000  -0.00000000   0.00000000  -0.00000000   0.00000000  -0.00000000 
 -3.76610000   0.00649700  -0.00649700   0.06993000  -0.06993000   0.06693000  -0.06693000   0.07406000  -0.07406000   0.00000000  -0.00000000   0.00000000  -0.00000000   0.00000000  -0.00000000   0.00000000  -0.00000000   0.00000000  -0.00000000 
 -3.65010000   0.00887200  -0.00887200   0.07246000  -0.07246000   0.10820000  -0.10820000   0.07665000  -0.07665000   0.00000000  -0.00000000   0.00000000  -0.00000000   0.00000000  -0.00000000   0.00000000  -0.00000000   0.00000000  -0.00000000 
 -3.53410000   0.01062000  -0.01062000   0.08270000  -0.08270000   0.14520000  -0.14520000   0.08688000  -0.08688000   0.00000000  -0.00000000   0.00000000  -0.00000000   0.00000000  -0.00000000   0.00000000  -0.00000000   0.00000000  -0.00000000 
 -3.41910000   0.01123000  -0.01123000   0.09288000  -0.09288000   0.16220000  -0.16220000   0.09394000  -0.09394000   0.00000000  -0.00000000   0.00000000  -0.00000000   0.00000000  -0.00000000   0.00000000  -0.00000000   0.00000000  -0.00000000 
 -3.30310000   0.01046000  -0.01046000   0.10010000  -0.10010000   0.15160000  -0.15160000   0.09694000  -0.09694000   0.00000000  -0.00000000   0.00000000  -0.00000000   0.00000000  -0.00000000   0.00000000  -0.00000000   0.00000000  -0.00000000 
 -3.18710000   0.00882400  -0.00882400   0.09889000  -0.09889000   0.12730000  -0.12730000   0.09553000  -0.09553000   0.00000000  -0.00000000   0.00000000  -0.00000000   0.00000000  -0.00000000   0.00000000  -0.00000000   0.00000000  -0.00000000 
 -3.07110000   0.00777400  -0.00777400   0.08924000  -0.08924000   0.11830000  -0.11830000   0.08828000  -0.08828000   0.00000000  -0.00000000   0.00000000  -0.00000000   0.00000000  -0.00000000   0.00000000  -0.00000000   0.00000000  -0.00000000 
 -2.95610000   0.00673000  -0.00673000   0.07664000  -0.07664000   0.11640000  -0.11640000   0.07712000  -0.07712000   0.00000000  -0.00000000   0.00000000  -0.00000000   0.00000000  -0.00000000   0.00000000  -0.00000000   0.00000000  -0.00000000 
 -2.84010000   0.00516600  -0.00516600   0.06692000  -0.06692000   0.10870000  -0.10870000   0.06744000  -0.06744000   0.00000000  -0.00000000   0.00000000  -0.00000000   0.00000000  -0.00000000   0.00000000  -0.00000000   0.00000000  -0.00000000 
 -2.72410000   0.00420900  -0.00420900   0.06382000  -0.06382000   0.10160000  -0.10160000   0.06312000  -0.06312000   0.00000000  -0.00000000   0.00000000  -0.00000000   0.00000000  -0.00000000   0.00000000  -0.00000000   0.00000000  -0.00000000 
 -2.60810000   0.00406800  -0.00406800   0.06071000  -0.06071000   0.09064000  -0.09064000   0.05950000  -0.05950000   0.00000000  -0.00000000   0.00000000  -0.00000000   0.00000000  -0.00000000   0.00000000  -0.00000000   0.00000000  -0.00000000 
 -2.49310000   0.00466800  -0.00466800   0.05451000  -0.05451000   0.08269000  -0.08269000   0.05507000  -0.05507000   0.00000000  -0.00000000   0.00000000  -0.00000000   0.00000000  -0.00000000   0.00000000  -0.00000000   0.00000000  -0.00000000 
 -2.37710000   0.00537100  -0.00537100   0.04918000  -0.04918000   0.07808000  -0.07808000   0.05123000  -0.05123000   0.00000000  -0.00000000   0.00000000  -0.00000000   0.00000000  -0.00000000   0.00000000  -0.00000000   0.00000000  -0.00000000 
 -2.26110000   0.00494700  -0.00494700   0.04301000  -0.04301000   0.06211000  -0.06211000   0.04531000  -0.04531000   0.00000000  -0.00000000   0.00000000  -0.00000000   0.00000000  -0.00000000   0.00000000  -0.00000000   0.00000000  -0.00000000 
 -2.14510000   0.00369700  -0.00369700   0.03672000  -0.03672000   0.04193000  -0.04193000   0.03883000  -0.03883000   0.00000000  -0.00000000   0.00000000  -0.00000000   0.00000000  -0.00000000   0.00000000  -0.00000000   0.00000000  -0.00000000 
 -2.02910000   0.00254700  -0.00254700   0.03099000  -0.03099000   0.02969000  -0.02969000   0.03262000  -0.03262000   0.00000000  -0.00000000   0.00000000  -0.00000000   0.00000000  -0.00000000   0.00000000  -0.00000000   0.00000000  -0.00000000 
 -1.91410000   0.00171500  -0.00171500   0.02373000  -0.02373000   0.02281000  -0.02281000   0.02482000  -0.02482000   0.00000000  -0.00000000   0.00000000  -0.00000000   0.00000000  -0.00000000   0.00000000  -0.00000000   0.00000000  -0.00000000 
 -1.79810000   0.00109600  -0.00109600   0.01681000  -0.01681000   0.01573000  -0.01573000   0.01746000  -0.01746000   0.00000000  -0.00000000   0.00000000  -0.00000000   0.00000000  -0.00000000   0.00000000  -0.00000000   0.00000000  -0.00000000 
 -1.68210000   0.00068120  -0.00068120   0.01068000  -0.01068000   0.00794900  -0.00794900   0.01105000  -0.01105000   0.00000000  -0.00000000   0.00000000  -0.00000000   0.00000000  -0.00000000   0.00000000  -0.00000000   0.00000000  -0.00000000 
 -1.56610000   0.00046280  -0.00046280   0.00540400  -0.00540400   0.00264600  -0.00264600   0.00559300  -0.00559300   0.00000000  -0.00000000   0.00000000  -0.00000000   0.00000000  -0.00000000   0.00000000  -0.00000000   0.00000000  -0.00000000 
 -1.45110000   0.00034470  -0.00034470   0.00209100  -0.00209100   0.00067400  -0.00067400   0.00217800  -0.00217800   0.00000000  -0.00000000   0.00000000  -0.00000000   0.00000000  -0.00000000   0.00000000  -0.00000000   0.00000000  -0.00000000 
 -1.33510000   0.00029920  -0.00029920   0.00062080  -0.00062080   0.00032760  -0.00032750   0.00065980  -0.00065980   0.00000000  -0.00000000   0.00000000  -0.00000000   0.00000000  -0.00000000   0.00000000  -0.00000000   0.00000000  -0.00000000 
 -1.21910000   0.00027890  -0.00027890   0.00014930  -0.00014930   0.00032130  -0.00032130   0.00017010  -0.00017010   0.00000000  -0.00000000   0.00000000  -0.00000000   0.00000000  -0.00000000   0.00000000  -0.00000000   0.00000000  -0.00000000 
 -1.10310000   0.00019270  -0.00019270   0.00003478  -0.00003478   0.00023840  -0.00023840   0.00004568  -0.00004568   0.00000000  -0.00000000   0.00000000  -0.00000000   0.00000000  -0.00000000   0.00000000  -0.00000000   0.00000000  -0.00000000 
 -0.98810000   0.00008194  -0.00008194   0.00000789  -0.00000789   0.00010730  -0.00010730   0.00001171  -0.00001171   0.00000000  -0.00000000   0.00000000  -0.00000000   0.00000000  -0.00000000   0.00000000  -0.00000000   0.00000000  -0.00000000 
 -0.87210000   0.00002086  -0.00002086   0.00000131  -0.00000131   0.00002899  -0.00002899   0.00000207  -0.00000207   0.00000000  -0.00000000   0.00000000  -0.00000000   0.00000000  -0.00000000   0.00000000  -0.00000000   0.00000000  -0.00000000 
 -0.75610000   0.00000318  -0.00000318   0.00000013  -0.00000013   0.00000467  -0.00000467   0.00000021  -0.00000021   0.00000000  -0.00000000   0.00000000  -0.00000000   0.00000000  -0.00000000   0.00000000  -0.00000000   0.00000000  -0.00000000 
 -0.64010000   0.00000029  -0.00000029   0.00000001  -0.00000001   0.00000044  -0.00000044   0.00000002  -0.00000002   0.00000000  -0.00000000   0.00000000  -0.00000000   0.00000000  -0.00000000   0.00000000  -0.00000000   0.00000000  -0.00000000 
 -0.52510000   0.00000003  -0.00000003   0.00000020  -0.00000020   0.00000014  -0.00000014   0.00000014  -0.00000014   0.00000000  -0.00000000   0.00000000  -0.00000000   0.00000000  -0.00000000   0.00000000  -0.00000000   0.00000000  -0.00000000 
 -0.40910000   0.00000045  -0.00000045   0.00000519  -0.00000519   0.00000301  -0.00000301   0.00000349  -0.00000349   0.00000000  -0.00000000   0.00000000  -0.00000000   0.00000000  -0.00000000   0.00000000  -0.00000000   0.00000000  -0.00000000 
 -0.29310000   0.00000623  -0.00000623   0.00007348  -0.00007349   0.00004259  -0.00004260   0.00004954  -0.00004954   0.00000000  -0.00000000   0.00000000  -0.00000000   0.00000000  -0.00000000   0.00000000  -0.00000000   0.00000000  -0.00000000 
 -0.17710000   0.00004833  -0.00004833   0.00058380  -0.00058390   0.00033960  -0.00033970   0.00039590  -0.00039590   0.00000000  -0.00000000   0.00000000  -0.00000000   0.00000000  -0.00000000   0.00000000  -0.00000000   0.00000000  -0.00000000 
 -0.06210000   0.00022340  -0.00022340   0.00269700  -0.00269700   0.00158700  -0.00158700   0.00186500  -0.00186500   0.00000000  -0.00000000   0.00000000  -0.00000000   0.00000000  -0.00000000   0.00000000  -0.00000000   0.00000000  -0.00000000 
  0.05390000   0.00067810  -0.00067810   0.00777300  -0.00777400   0.00466500  -0.00466500   0.00567100  -0.00567100   0.00000000  -0.00000000   0.00000000  -0.00000000   0.00000000  -0.00000000   0.00000000  -0.00000000   0.00000000  -0.00000000 
  0.16990000   0.00152600  -0.00152600   0.01565000  -0.01565000   0.00955000  -0.00955000   0.01265000  -0.01265000   0.00000000  -0.00000000   0.00000000  -0.00000000   0.00000000  -0.00000000   0.00000000  -0.00000000   0.00000000  -0.00000000 
  0.28590000   0.00272700  -0.00272700   0.02470000  -0.02470000   0.01510000  -0.01510000   0.02257000  -0.02257000   0.00000000  -0.00000000   0.00000000  -0.00000000   0.00000000  -0.00000000   0.00000000  -0.00000000   0.00000000  -0.00000000 
  0.40090000   0.00407400  -0.00407400   0.03412000  -0.03412000   0.01982000  -0.01982000   0.03381000  -0.03381000   0.00000000  -0.00000000   0.00000000  -0.00000000   0.00000000  -0.00000000   0.00000000  -0.00000000   0.00000000  -0.00000000 
  0.51690000   0.00592600  -0.00592600   0.04740000  -0.04740000   0.02265000  -0.02265000   0.04764000  -0.04764000   0.00000000  -0.00000000   0.00000000  -0.00000000   0.00000000  -0.00000000   0.00000000  -0.00000000   0.00000000  -0.00000000 
  0.63290000   0.00893400  -0.00893400   0.06691000  -0.06691000   0.02332000  -0.02332000   0.06720000  -0.06720000   0.00000000  -0.00000000   0.00000000  -0.00000000   0.00000000  -0.00000000   0.00000000  -0.00000000   0.00000000  -0.00000000 
  0.74890000   0.01226000  -0.01226000   0.08541000  -0.08541000   0.02234000  -0.02234000   0.08684000  -0.08684000   0.00000000  -0.00000000   0.00000000  -0.00000000   0.00000000  -0.00000000   0.00000000  -0.00000000   0.00000000  -0.00000000 
  0.86390000   0.01460000  -0.01460000   0.09563000  -0.09563000   0.02046000  -0.02047000   0.09695000  -0.09695000   0.00000000  -0.00000000   0.00000000  -0.00000000   0.00000000  -0.00000000   0.00000000  -0.00000000   0.00000000  -0.00000000 
  0.97990000   0.01530000  -0.01530000   0.09773000  -0.09773000   0.01899000  -0.01899000   0.09637000  -0.09637000   0.00000000  -0.00000000   0.00000000  -0.00000000   0.00000000  -0.00000000   0.00000000  -0.00000000   0.00000000  -0.00000000 
  1.09590000   0.01424000  -0.01424000   0.09212000  -0.09212000   0.01914000  -0.01914000   0.08990000  -0.08990000   0.00000000  -0.00000000   0.00000000  -0.00000000   0.00000000  -0.00000000   0.00000000  -0.00000000   0.00000000  -0.00000000 
  1.21190000   0.01350000  -0.01350000   0.08095000  -0.08095000   0.02109000  -0.02109000   0.08237000  -0.08237000   0.00000000  -0.00000000   0.00000000  -0.00000000   0.00000000  -0.00000000   0.00000000  -0.00000000   0.00000000  -0.00000000 
  1.32690000   0.01343000  -0.01343000   0.06597000  -0.06597000   0.02268000  -0.02268000   0.07142000  -0.07142000   0.00000000  -0.00000000   0.00000000  -0.00000000   0.00000000  -0.00000000   0.00000000  -0.00000000   0.00000000  -0.00000000 
  1.44290000   0.01156000  -0.01156000   0.04710000  -0.04710000   0.02224000  -0.02224000   0.05270000  -0.05270000   0.00000000  -0.00000000   0.00000000  -0.00000000   0.00000000  -0.00000000   0.00000000  -0.00000000   0.00000000  -0.00000000 
  1.55890000   0.00998800  -0.00998800   0.03585000  -0.03585000   0.02366000  -0.02366000   0.03889000  -0.03889000   0.00000000  -0.00000000   0.00000000  -0.00000000   0.00000000  -0.00000000   0.00000000  -0.00000000   0.00000000  -0.00000000 
  1.67490000   0.01097000  -0.01097000   0.03789000  -0.03789000   0.02689000  -0.02689000   0.03863000  -0.03863000   0.00000000  -0.00000000   0.00000000  -0.00000000   0.00000000  -0.00000000   0.00000000  -0.00000000   0.00000000  -0.00000000 
  1.78990000   0.01067000  -0.01067000   0.03775000  -0.03775000   0.02494000  -0.02494000   0.03781000  -0.03781000   0.00000000  -0.00000000   0.00000000  -0.00000000   0.00000000  -0.00000000   0.00000000  -0.00000000   0.00000000  -0.00000000 
  1.90590000   0.00819400  -0.00819400   0.03045000  -0.03045000   0.01936000  -0.01936000   0.03069000  -0.03069000   0.00000000  -0.00000000   0.00000000  -0.00000000   0.00000000  -0.00000000   0.00000000  -0.00000000   0.00000000  -0.00000000 
  2.02190000   0.00764800  -0.00764800   0.03126000  -0.03126000   0.01749000  -0.01749000   0.03138000  -0.03138000   0.00000000  -0.00000000   0.00000000  -0.00000000   0.00000000  -0.00000000   0.00000000  -0.00000000   0.00000000  -0.00000000 
  2.13790000   0.00865000  -0.00865000   0.04012000  -0.04012000   0.01822000  -0.01820000   0.03976000  -0.03976000   0.00000000  -0.00000000   0.00000000  -0.00000000   0.00000000  -0.00000000   0.00000000  -0.00000000   0.00000000  -0.00000000 
  2.25390000   0.00805200  -0.00805200   0.04402000  -0.04404000   0.01698000  -0.01688000   0.04366000  -0.04370000   0.00000000  -0.00000000   0.00000000  -0.00000000   0.00000000  -0.00000000   0.00000000  -0.00000000   0.00000000  -0.00000000 
  2.36890000   0.00729200  -0.00729000   0.04853000  -0.04867000   0.01755000  -0.01698000   0.04873000  -0.04898000   0.00000000  -0.00000000   0.00000000  -0.00000000   0.00000000  -0.00000000   0.00000000  -0.00000000   0.00000000  -0.00000000 
  2.48490000   0.00798000  -0.00797700   0.05539000  -0.05593000   0.02223000  -0.02051000   0.05575000  -0.05666000   0.00000000  -0.00000000   0.00000000  -0.00000000   0.00000000  -0.00000000   0.00000000  -0.00000000   0.00000000  -0.00000000 
  2.60090000   0.00772500  -0.00774300   0.04851000  -0.04963000   0.02344000  -0.02063000   0.04902000  -0.05081000   0.00000000  -0.00000000   0.00000000  -0.00000000   0.00000000  -0.00000000   0.00000000  -0.00000000   0.00000000  -0.00000000 
  2.71690000   0.00524900  -0.00531100   0.02795000  -0.02918000   0.01681000  -0.01442000   0.02906000  -0.03111000   0.00000000  -0.00000000   0.00000000  -0.00000000   0.00000000  -0.00000000   0.00000000  -0.00000000   0.00000000  -0.00000000 
  2.83190000   0.00235900  -0.00243900   0.01023000  -0.01094000   0.00779600  -0.00682500   0.01133000  -0.01269000   0.00000000  -0.00000000   0.00000000  -0.00000000   0.00000000  -0.00000000   0.00000000  -0.00000000   0.00000000  -0.00000000 
  2.94790000   0.00067060  -0.00072030   0.00235000  -0.00255900   0.00224200  -0.00211000   0.00283400  -0.00336200   0.00000000  -0.00000000   0.00000000  -0.00000000   0.00000000  -0.00000000   0.00000000  -0.00000000   0.00000000  -0.00000000 
  3.06390000   0.00011400  -0.00012920   0.00033190  -0.00036330   0.00038060  -0.00039870   0.00043550  -0.00055140   0.00000000  -0.00000000   0.00000000  -0.00000000   0.00000000  -0.00000000   0.00000000  -0.00000000   0.00000000  -0.00000000 
  3.17990000   0.00001100  -0.00001335   0.00002788  -0.00003023   0.00003646  -0.00004326   0.00003910  -0.00005313   0.00000000  -0.00000000   0.00000000  -0.00000000   0.00000000  -0.00000000   0.00000000  -0.00000000   0.00000000  -0.00000000 
  3.29490000   0.00000058  -0.00000076   0.00000134  -0.00000142   0.00000191  -0.00000258   0.00000197  -0.00000288   0.00000000  -0.00000000   0.00000000  -0.00000000   0.00000000  -0.00000000   0.00000000  -0.00000000   0.00000000  -0.00000000 
  3.41090000   0.00000002  -0.00000002   0.00000004  -0.00000004   0.00000005  -0.00000008   0.00000005  -0.00000009   0.00000000  -0.00000000   0.00000000  -0.00000000   0.00000000  -0.00000000   0.00000000  -0.00000000   0.00000000  -0.00000000 
  3.52690000   0.00000000  -0.00000000   0.00000000  -0.00000000   0.00000000  -0.00000000   0.00000000  -0.00000000   0.00000000  -0.00000000   0.00000000  -0.00000000   0.00000000  -0.00000000   0.00000000  -0.00000000   0.00000000  -0.00000000 
  3.64290000   0.00000000  -0.00000000   0.00000000  -0.00000000   0.00000000  -0.00000000   0.00000000  -0.00000000   0.00000000  -0.00000000   0.00000000  -0.00000000   0.00000000  -0.00000000   0.00000000  -0.00000000   0.00000000  -0.00000000 
  3.75790000   0.00000000  -0.00000000   0.00000000  -0.00000000   0.00000000  -0.00000000   0.00000000  -0.00000000   0.00000000  -0.00000000   0.00000000  -0.00000000   0.00000000  -0.00000000   0.00000000  -0.00000000   0.00000000  -0.00000000 
  3.87390000   0.00000000  -0.00000000   0.00000000  -0.00000000   0.00000000  -0.00000000   0.00000000  -0.00000000   0.00000000  -0.00000000   0.00000000  -0.00000000   0.00000000  -0.00000000   0.00000000  -0.00000000   0.00000000  -0.00000000 
  3.98990000   0.00000000  -0.00000000   0.00000000  -0.00000000   0.00000000  -0.00000000   0.00000000  -0.00000000   0.00000000  -0.00000000   0.00000000  -0.00000000   0.00000000  -0.00000000   0.00000000  -0.00000000   0.00000000  -0.00000000 
  4.10590000   0.00000000  -0.00000000   0.00000000  -0.00000000   0.00000000  -0.00000000   0.00000000  -0.00000000   0.00000000  -0.00000000   0.00000000  -0.00000000   0.00000000  -0.00000000   0.00000000  -0.00000000   0.00000000  -0.00000000 
  4.22090000   0.00000000  -0.00000000   0.00000000  -0.00000000   0.00000000  -0.00000000   0.00000000  -0.00000000   0.00000000  -0.00000000   0.00000000  -0.00000000   0.00000000  -0.00000000   0.00000000  -0.00000000   0.00000000  -0.00000000 
  4.33690000   0.00000000  -0.00000000   0.00000000  -0.00000000   0.00000000  -0.00000000   0.00000000  -0.00000000   0.00000000  -0.00000000   0.00000000  -0.00000000   0.00000000  -0.00000000   0.00000000  -0.00000000   0.00000000  -0.00000000 
  4.45290000   0.00000000  -0.00000000   0.00000000  -0.00000000   0.00000000  -0.00000000   0.00000000  -0.00000000   0.00000000  -0.00000000   0.00000000  -0.00000000   0.00000000  -0.00000000   0.00000000  -0.00000000   0.00000000  -0.00000000 
  4.56890000   0.00000000  -0.00000000   0.00000000  -0.00000000   0.00000000  -0.00000000   0.00000000  -0.00000000   0.00000000  -0.00000000   0.00000000  -0.00000000   0.00000000  -0.00000000   0.00000000  -0.00000000   0.00000000  -0.00000000 
  4.68390000   0.00000000  -0.00000000   0.00000000  -0.00000000   0.00000000  -0.00000000   0.00000000  -0.00000000   0.00000000  -0.00000000   0.00000000  -0.00000000   0.00000000  -0.00000000   0.00000000  -0.00000000   0.00000000  -0.00000000 
