-30.04310000   0.00000000  -0.00000000   0.00000000  -0.00000000   0.00000000  -0.00000000   0.00000000  -0.00000000   0.00000000  -0.00000000   0.00000000  -0.00000000   0.00000000  -0.00000000   0.00000000  -0.00000000   0.00000000  -0.00000000 
-29.92710000   0.00000000  -0.00000000   0.00000000  -0.00000000   0.00000000  -0.00000000   0.00000000  -0.00000000   0.00000000  -0.00000000   0.00000000  -0.00000000   0.00000000  -0.00000000   0.00000000  -0.00000000   0.00000000  -0.00000000 
-29.81110000   0.00000000  -0.00000000   0.00000000  -0.00000000   0.00000000  -0.00000000   0.00000000  -0.00000000   0.00000000  -0.00000000   0.00000000  -0.00000000   0.00000000  -0.00000000   0.00000000  -0.00000000   0.00000000  -0.00000000 
-29.69510000   0.00000000  -0.00000000   0.00000000  -0.00000000   0.00000000  -0.00000000   0.00000000  -0.00000000   0.00000000  -0.00000000   0.00000000  -0.00000000   0.00000000  -0.00000000   0.00000000  -0.00000000   0.00000000  -0.00000000 
-29.58010000   0.00000000  -0.00000000   0.00000000  -0.00000000   0.00000000  -0.00000000   0.00000000  -0.00000000   0.00000000  -0.00000000   0.00000000  -0.00000000   0.00000000  -0.00000000   0.00000000  -0.00000000   0.00000000  -0.00000000 
-29.46410000   0.00000000  -0.00000000   0.00000000  -0.00000000   0.00000000  -0.00000000   0.00000000  -0.00000000   0.00000000  -0.00000000   0.00000000  -0.00000000   0.00000000  -0.00000000   0.00000000  -0.00000000   0.00000000  -0.00000000 
-29.34810000   0.00000000  -0.00000000   0.00000000  -0.00000000   0.00000000  -0.00000000   0.00000000  -0.00000000   0.00000000  -0.00000000   0.00000000  -0.00000000   0.00000000  -0.00000000   0.00000000  -0.00000000   0.00000000  -0.00000000 
-29.23210000   0.00000000  -0.00000000   0.00000000  -0.00000000   0.00000000  -0.00000000   0.00000000  -0.00000000   0.00000000  -0.00000000   0.00000000  -0.00000000   0.00000000  -0.00000000   0.00000000  -0.00000000   0.00000000  -0.00000000 
-29.11710000   0.00000000  -0.00000000   0.00000000  -0.00000000   0.00000000  -0.00000000   0.00000000  -0.00000000   0.00000000  -0.00000000   0.00000000  -0.00000000   0.00000000  -0.00000000   0.00000000  -0.00000000   0.00000000  -0.00000000 
-29.00110000   0.00000000  -0.00000000   0.00000000  -0.00000000   0.00000000  -0.00000000   0.00000000  -0.00000000   0.00000000  -0.00000000   0.00000000  -0.00000000   0.00000000  -0.00000000   0.00000000  -0.00000000   0.00000000  -0.00000000 
-28.88510000   0.00000000  -0.00000000   0.00000000  -0.00000000   0.00000000  -0.00000000   0.00000000  -0.00000000   0.00000000  -0.00000000   0.00000000  -0.00000000   0.00000000  -0.00000000   0.00000000  -0.00000000   0.00000000  -0.00000000 
-28.76910000   0.00000000  -0.00000000   0.00000000  -0.00000000   0.00000000  -0.00000000   0.00000000  -0.00000000   0.00000000  -0.00000000   0.00000000  -0.00000000   0.00000000  -0.00000000   0.00000000  -0.00000000   0.00000000  -0.00000000 
-28.65410000   0.00000000  -0.00000000   0.00000000  -0.00000000   0.00000000  -0.00000000   0.00000000  -0.00000000   0.00000000  -0.00000000   0.00000000  -0.00000000   0.00000000  -0.00000000   0.00000000  -0.00000000   0.00000000  -0.00000000 
-28.53810000   0.00000000  -0.00000000   0.00000000  -0.00000000   0.00000000  -0.00000000   0.00000000  -0.00000000   0.00000000  -0.00000000   0.00000000  -0.00000000   0.00000000  -0.00000000   0.00000000  -0.00000000   0.00000000  -0.00000000 
-28.42210000   0.00000000  -0.00000000   0.00000000  -0.00000000   0.00000000  -0.00000000   0.00000000  -0.00000000   0.00000000  -0.00000000   0.00000000  -0.00000000   0.00000000  -0.00000000   0.00000000  -0.00000000   0.00000000  -0.00000000 
-28.30610000   0.00000000  -0.00000000   0.00000000  -0.00000000   0.00000000  -0.00000000   0.00000000  -0.00000000   0.00000000  -0.00000000   0.00000000  -0.00000000   0.00000000  -0.00000000   0.00000000  -0.00000000   0.00000000  -0.00000000 
-28.19110000   0.00000000  -0.00000000   0.00000000  -0.00000000   0.00000000  -0.00000000   0.00000000  -0.00000000   0.00000000  -0.00000000   0.00000000  -0.00000000   0.00000000  -0.00000000   0.00000000  -0.00000000   0.00000000  -0.00000000 
-28.07510000   0.00000000  -0.00000000   0.00000000  -0.00000000   0.00000000  -0.00000000   0.00000000  -0.00000000   0.00000000  -0.00000000   0.00000000  -0.00000000   0.00000000  -0.00000000   0.00000000  -0.00000000   0.00000000  -0.00000000 
-27.95910000   0.00000000  -0.00000000   0.00000000  -0.00000000   0.00000000  -0.00000000   0.00000000  -0.00000000   0.00000000  -0.00000000   0.00000000  -0.00000000   0.00000000  -0.00000000   0.00000000  -0.00000000   0.00000000  -0.00000000 
-27.84310000   0.00000000  -0.00000000   0.00000000  -0.00000000   0.00000000  -0.00000000   0.00000000  -0.00000000   0.00000000  -0.00000000   0.00000000  -0.00000000   0.00000000  -0.00000000   0.00000000  -0.00000000   0.00000000  -0.00000000 
-27.72710000   0.00000000  -0.00000000   0.00000000  -0.00000000   0.00000000  -0.00000000   0.00000000  -0.00000000   0.00000000  -0.00000000   0.00000000  -0.00000000   0.00000000  -0.00000000   0.00000000  -0.00000000   0.00000000  -0.00000000 
-27.61210000   0.00000000  -0.00000000   0.00000000  -0.00000000   0.00000000  -0.00000000   0.00000000  -0.00000000   0.00000000  -0.00000000   0.00000000  -0.00000000   0.00000000  -0.00000000   0.00000000  -0.00000000   0.00000000  -0.00000000 
-27.49610000   0.00000000  -0.00000000   0.00000000  -0.00000000   0.00000000  -0.00000000   0.00000000  -0.00000000   0.00000000  -0.00000000   0.00000000  -0.00000000   0.00000000  -0.00000000   0.00000000  -0.00000000   0.00000000  -0.00000000 
-27.38010000   0.00000000  -0.00000000   0.00000000  -0.00000000   0.00000000  -0.00000000   0.00000000  -0.00000000   0.00000000  -0.00000000   0.00000000  -0.00000000   0.00000000  -0.00000000   0.00000000  -0.00000000   0.00000000  -0.00000000 
-27.26410000   0.00000000  -0.00000000   0.00000000  -0.00000000   0.00000000  -0.00000000   0.00000000  -0.00000000   0.00000000  -0.00000000   0.00000000  -0.00000000   0.00000000  -0.00000000   0.00000000  -0.00000000   0.00000000  -0.00000000 
-27.14910000   0.00000000  -0.00000000   0.00000000  -0.00000000   0.00000000  -0.00000000   0.00000000  -0.00000000   0.00000000  -0.00000000   0.00000000  -0.00000000   0.00000000  -0.00000000   0.00000000  -0.00000000   0.00000000  -0.00000000 
-27.03310000   0.00000000  -0.00000000   0.00000000  -0.00000000   0.00000000  -0.00000000   0.00000000  -0.00000000   0.00000000  -0.00000000   0.00000000  -0.00000000   0.00000000  -0.00000000   0.00000000  -0.00000000   0.00000000  -0.00000000 
-26.91710000   0.00000000  -0.00000000   0.00000000  -0.00000000   0.00000000  -0.00000000   0.00000000  -0.00000000   0.00000000  -0.00000000   0.00000000  -0.00000000   0.00000000  -0.00000000   0.00000000  -0.00000000   0.00000000  -0.00000000 
-26.80110000   0.00000000  -0.00000000   0.00000000  -0.00000000   0.00000000  -0.00000000   0.00000000  -0.00000000   0.00000000  -0.00000000   0.00000000  -0.00000000   0.00000000  -0.00000000   0.00000000  -0.00000000   0.00000000  -0.00000000 
-26.68610000   0.00000000  -0.00000000   0.00000000  -0.00000000   0.00000000  -0.00000000   0.00000000  -0.00000000   0.00000000  -0.00000000   0.00000000  -0.00000000   0.00000000  -0.00000000   0.00000000  -0.00000000   0.00000000  -0.00000000 
-26.57010000   0.00000000  -0.00000000   0.00000000  -0.00000000   0.00000000  -0.00000000   0.00000000  -0.00000000   0.00000000  -0.00000000   0.00000000  -0.00000000   0.00000000  -0.00000000   0.00000000  -0.00000000   0.00000000  -0.00000000 
-26.45410000   0.00000000  -0.00000000   0.00000000  -0.00000000   0.00000000  -0.00000000   0.00000000  -0.00000000   0.00000000  -0.00000000   0.00000000  -0.00000000   0.00000000  -0.00000000   0.00000000  -0.00000000   0.00000000  -0.00000000 
-26.33810000   0.00000000  -0.00000000   0.00000000  -0.00000000   0.00000000  -0.00000000   0.00000000  -0.00000000   0.00000000  -0.00000000   0.00000000  -0.00000000   0.00000000  -0.00000000   0.00000000  -0.00000000   0.00000000  -0.00000000 
-26.22310000   0.00000000  -0.00000000   0.00000000  -0.00000000   0.00000000  -0.00000000   0.00000000  -0.00000000   0.00000000  -0.00000000   0.00000000  -0.00000000   0.00000000  -0.00000000   0.00000000  -0.00000000   0.00000000  -0.00000000 
-26.10710000   0.00000000  -0.00000000   0.00000000  -0.00000000   0.00000000  -0.00000000   0.00000000  -0.00000000   0.00000000  -0.00000000   0.00000000  -0.00000000   0.00000000  -0.00000000   0.00000000  -0.00000000   0.00000000  -0.00000000 
-25.99110000   0.00000000  -0.00000000   0.00000000  -0.00000000   0.00000000  -0.00000000   0.00000000  -0.00000000   0.00000000  -0.00000000   0.00000000  -0.00000000   0.00000000  -0.00000000   0.00000000  -0.00000000   0.00000000  -0.00000000 
-25.87510000   0.00000000  -0.00000000   0.00000000  -0.00000000   0.00000000  -0.00000000   0.00000000  -0.00000000   0.00000000  -0.00000000   0.00000000  -0.00000000   0.00000000  -0.00000000   0.00000000  -0.00000000   0.00000000  -0.00000000 
-25.76010000   0.00000000  -0.00000000   0.00000000  -0.00000000   0.00000000  -0.00000000   0.00000000  -0.00000000   0.00000000  -0.00000000   0.00000000  -0.00000000   0.00000000  -0.00000000   0.00000000  -0.00000000   0.00000000  -0.00000000 
-25.64410000   0.00000000  -0.00000000   0.00000000  -0.00000000   0.00000000  -0.00000000   0.00000000  -0.00000000   0.00000000  -0.00000000   0.00000000  -0.00000000   0.00000000  -0.00000000   0.00000000  -0.00000000   0.00000000  -0.00000000 
-25.52810000   0.00000000  -0.00000000   0.00000000  -0.00000000   0.00000000  -0.00000000   0.00000000  -0.00000000   0.00000000  -0.00000000   0.00000000  -0.00000000   0.00000000  -0.00000000   0.00000000  -0.00000000   0.00000000  -0.00000000 
-25.41210000   0.00000000  -0.00000000   0.00000000  -0.00000000   0.00000000  -0.00000000   0.00000000  -0.00000000   0.00000000  -0.00000000   0.00000000  -0.00000000   0.00000000  -0.00000000   0.00000000  -0.00000000   0.00000000  -0.00000000 
-25.29710000   0.00000000  -0.00000000   0.00000000  -0.00000000   0.00000000  -0.00000000   0.00000000  -0.00000000   0.00000000  -0.00000000   0.00000000  -0.00000000   0.00000000  -0.00000000   0.00000000  -0.00000000   0.00000000  -0.00000000 
-25.18110000   0.00000000  -0.00000000   0.00000000  -0.00000000   0.00000000  -0.00000000   0.00000000  -0.00000000   0.00000000  -0.00000000   0.00000000  -0.00000000   0.00000000  -0.00000000   0.00000000  -0.00000000   0.00000000  -0.00000000 
-25.06510000   0.00000000  -0.00000000   0.00000000  -0.00000000   0.00000000  -0.00000000   0.00000000  -0.00000000   0.00000000  -0.00000000   0.00000000  -0.00000000   0.00000000  -0.00000000   0.00000000  -0.00000000   0.00000000  -0.00000000 
-24.94910000   0.00000000  -0.00000000   0.00000000  -0.00000000   0.00000000  -0.00000000   0.00000000  -0.00000000   0.00000000  -0.00000000   0.00000000  -0.00000000   0.00000000  -0.00000000   0.00000000  -0.00000000   0.00000000  -0.00000000 
-24.83410000   0.00000000  -0.00000000   0.00000000  -0.00000000   0.00000000  -0.00000000   0.00000000  -0.00000000   0.00000000  -0.00000000   0.00000000  -0.00000000   0.00000000  -0.00000000   0.00000000  -0.00000000   0.00000000  -0.00000000 
-24.71810000   0.00000000  -0.00000000   0.00000000  -0.00000000   0.00000000  -0.00000000   0.00000000  -0.00000000   0.00000000  -0.00000000   0.00000000  -0.00000000   0.00000000  -0.00000000   0.00000000  -0.00000000   0.00000000  -0.00000000 
-24.60210000   0.00000000  -0.00000000   0.00000000  -0.00000000   0.00000000  -0.00000000   0.00000000  -0.00000000   0.00000000  -0.00000000   0.00000000  -0.00000000   0.00000000  -0.00000000   0.00000000  -0.00000000   0.00000000  -0.00000000 
-24.48610000   0.00000000  -0.00000000   0.00000000  -0.00000000   0.00000000  -0.00000000   0.00000000  -0.00000000   0.00000000  -0.00000000   0.00000000  -0.00000000   0.00000000  -0.00000000   0.00000000  -0.00000000   0.00000000  -0.00000000 
-24.37110000   0.00000000  -0.00000000   0.00000000  -0.00000000   0.00000000  -0.00000000   0.00000000  -0.00000000   0.00000000  -0.00000000   0.00000000  -0.00000000   0.00000000  -0.00000000   0.00000000  -0.00000000   0.00000000  -0.00000000 
-24.25510000   0.00000000  -0.00000000   0.00000000  -0.00000000   0.00000000  -0.00000000   0.00000000  -0.00000000   0.00000000  -0.00000000   0.00000000  -0.00000000   0.00000000  -0.00000000   0.00000000  -0.00000000   0.00000000  -0.00000000 
-24.13910000   0.00000000  -0.00000000   0.00000000  -0.00000000   0.00000000  -0.00000000   0.00000000  -0.00000000   0.00000000  -0.00000000   0.00000000  -0.00000000   0.00000000  -0.00000000   0.00000000  -0.00000000   0.00000000  -0.00000000 
-24.02310000   0.00000000  -0.00000000   0.00000000  -0.00000000   0.00000000  -0.00000000   0.00000000  -0.00000000   0.00000000  -0.00000000   0.00000000  -0.00000000   0.00000000  -0.00000000   0.00000000  -0.00000000   0.00000000  -0.00000000 
-23.90810000   0.00000000  -0.00000000   0.00000000  -0.00000000   0.00000000  -0.00000000   0.00000000  -0.00000000   0.00000000  -0.00000000   0.00000000  -0.00000000   0.00000000  -0.00000000   0.00000000  -0.00000000   0.00000000  -0.00000000 
-23.79210000   0.00000000  -0.00000000   0.00000000  -0.00000000   0.00000000  -0.00000000   0.00000000  -0.00000000   0.00000000  -0.00000000   0.00000000  -0.00000000   0.00000000  -0.00000000   0.00000000  -0.00000000   0.00000000  -0.00000000 
-23.67610000   0.00000000  -0.00000000   0.00000000  -0.00000000   0.00000000  -0.00000000   0.00000000  -0.00000000   0.00000000  -0.00000000   0.00000000  -0.00000000   0.00000000  -0.00000000   0.00000000  -0.00000000   0.00000000  -0.00000000 
-23.56010000   0.00000000  -0.00000000   0.00000000  -0.00000000   0.00000000  -0.00000000   0.00000000  -0.00000000   0.00000000  -0.00000000   0.00000000  -0.00000000   0.00000000  -0.00000000   0.00000000  -0.00000000   0.00000000  -0.00000000 
-23.44410000   0.00000000  -0.00000000   0.00000000  -0.00000000   0.00000000  -0.00000000   0.00000000  -0.00000000   0.00000000  -0.00000000   0.00000000  -0.00000000   0.00000000  -0.00000000   0.00000000  -0.00000000   0.00000000  -0.00000000 
-23.32910000   0.00000000  -0.00000000   0.00000000  -0.00000000   0.00000000  -0.00000000   0.00000000  -0.00000000   0.00000000  -0.00000000   0.00000000  -0.00000000   0.00000000  -0.00000000   0.00000000  -0.00000000   0.00000000  -0.00000000 
-23.21310000   0.00000000  -0.00000000   0.00000000  -0.00000000   0.00000000  -0.00000000   0.00000000  -0.00000000   0.00000000  -0.00000000   0.00000000  -0.00000000   0.00000000  -0.00000000   0.00000000  -0.00000000   0.00000000  -0.00000000 
-23.09710000   0.00000000  -0.00000000   0.00000000  -0.00000000   0.00000000  -0.00000000   0.00000000  -0.00000000   0.00000000  -0.00000000   0.00000000  -0.00000000   0.00000000  -0.00000000   0.00000000  -0.00000000   0.00000000  -0.00000000 
-22.98110000   0.00000000  -0.00000000   0.00000000  -0.00000000   0.00000000  -0.00000000   0.00000000  -0.00000000   0.00000000  -0.00000000   0.00000000  -0.00000000   0.00000000  -0.00000000   0.00000000  -0.00000000   0.00000000  -0.00000000 
-22.86610000   0.00000000  -0.00000000   0.00000000  -0.00000000   0.00000000  -0.00000000   0.00000000  -0.00000000   0.00000000  -0.00000000   0.00000000  -0.00000000   0.00000000  -0.00000000   0.00000000  -0.00000000   0.00000000  -0.00000000 
-22.75010000   0.00000000  -0.00000000   0.00000000  -0.00000000   0.00000000  -0.00000000   0.00000000  -0.00000000   0.00000000  -0.00000000   0.00000000  -0.00000000   0.00000000  -0.00000000   0.00000000  -0.00000000   0.00000000  -0.00000000 
-22.63410000   0.00000000  -0.00000000   0.00000000  -0.00000000   0.00000000  -0.00000000   0.00000000  -0.00000000   0.00000000  -0.00000000   0.00000000  -0.00000000   0.00000000  -0.00000000   0.00000000  -0.00000000   0.00000000  -0.00000000 
-22.51810000   0.00000000  -0.00000000   0.00000000  -0.00000000   0.00000000  -0.00000000   0.00000000  -0.00000000   0.00000000  -0.00000000   0.00000000  -0.00000000   0.00000000  -0.00000000   0.00000000  -0.00000000   0.00000000  -0.00000000 
-22.40310000   0.00000000  -0.00000000   0.00000000  -0.00000000   0.00000000  -0.00000000   0.00000000  -0.00000000   0.00000000  -0.00000000   0.00000000  -0.00000000   0.00000000  -0.00000000   0.00000000  -0.00000000   0.00000000  -0.00000000 
-22.28710000   0.00000000  -0.00000000   0.00000000  -0.00000000   0.00000000  -0.00000000   0.00000000  -0.00000000   0.00000000  -0.00000000   0.00000000  -0.00000000   0.00000000  -0.00000000   0.00000000  -0.00000000   0.00000000  -0.00000000 
-22.17110000   0.00000000  -0.00000000   0.00000000  -0.00000000   0.00000000  -0.00000000   0.00000000  -0.00000000   0.00000000  -0.00000000   0.00000000  -0.00000000   0.00000000  -0.00000000   0.00000000  -0.00000000   0.00000000  -0.00000000 
-22.05510000   0.00000000  -0.00000000   0.00000000  -0.00000000   0.00000000  -0.00000000   0.00000000  -0.00000000   0.00000000  -0.00000000   0.00000000  -0.00000000   0.00000000  -0.00000000   0.00000000  -0.00000000   0.00000000  -0.00000000 
-21.94010000   0.00000000  -0.00000000   0.00000000  -0.00000000   0.00000000  -0.00000000   0.00000000  -0.00000000   0.00000000  -0.00000000   0.00000000  -0.00000000   0.00000000  -0.00000000   0.00000000  -0.00000000   0.00000000  -0.00000000 
-21.82410000   0.00000000  -0.00000000   0.00000000  -0.00000000   0.00000000  -0.00000000   0.00000000  -0.00000000   0.00000000  -0.00000000   0.00000000  -0.00000000   0.00000000  -0.00000000   0.00000000  -0.00000000   0.00000000  -0.00000000 
-21.70810000   0.00000000  -0.00000000   0.00000000  -0.00000000   0.00000000  -0.00000000   0.00000000  -0.00000000   0.00000000  -0.00000000   0.00000000  -0.00000000   0.00000000  -0.00000000   0.00000000  -0.00000000   0.00000000  -0.00000000 
-21.59210000   0.00000000  -0.00000000   0.00000000  -0.00000000   0.00000000  -0.00000000   0.00000000  -0.00000000   0.00000000  -0.00000000   0.00000000  -0.00000000   0.00000000  -0.00000000   0.00000000  -0.00000000   0.00000000  -0.00000000 
-21.47710000   0.00000000  -0.00000000   0.00000000  -0.00000000   0.00000000  -0.00000000   0.00000000  -0.00000000   0.00000000  -0.00000000   0.00000000  -0.00000000   0.00000000  -0.00000000   0.00000000  -0.00000000   0.00000000  -0.00000000 
-21.36110000   0.00000000  -0.00000000   0.00000000  -0.00000000   0.00000000  -0.00000000   0.00000000  -0.00000000   0.00000000  -0.00000000   0.00000000  -0.00000000   0.00000000  -0.00000000   0.00000000  -0.00000000   0.00000000  -0.00000000 
-21.24510000   0.00000000  -0.00000000   0.00000000  -0.00000000   0.00000000  -0.00000000   0.00000000  -0.00000000   0.00000000  -0.00000000   0.00000000  -0.00000000   0.00000000  -0.00000000   0.00000000  -0.00000000   0.00000000  -0.00000000 
-21.12910000   0.00000000  -0.00000000   0.00000000  -0.00000000   0.00000000  -0.00000000   0.00000000  -0.00000000   0.00000000  -0.00000000   0.00000000  -0.00000000   0.00000000  -0.00000000   0.00000000  -0.00000000   0.00000000  -0.00000000 
-21.01410000   0.00000000  -0.00000000   0.00000000  -0.00000000   0.00000000  -0.00000000   0.00000000  -0.00000000   0.00000000  -0.00000000   0.00000000  -0.00000000   0.00000000  -0.00000000   0.00000000  -0.00000000   0.00000000  -0.00000000 
-20.89810000   0.00000000  -0.00000000   0.00000000  -0.00000000   0.00000000  -0.00000000   0.00000000  -0.00000000   0.00000000  -0.00000000   0.00000000  -0.00000000   0.00000000  -0.00000000   0.00000000  -0.00000000   0.00000000  -0.00000000 
-20.78210000   0.00000000  -0.00000000   0.00000000  -0.00000000   0.00000000  -0.00000000   0.00000000  -0.00000000   0.00000000  -0.00000000   0.00000000  -0.00000000   0.00000000  -0.00000000   0.00000000  -0.00000000   0.00000000  -0.00000000 
-20.66610000   0.00000000  -0.00000000   0.00000000  -0.00000000   0.00000000  -0.00000000   0.00000000  -0.00000000   0.00000000  -0.00000000   0.00000000  -0.00000000   0.00000000  -0.00000000   0.00000000  -0.00000000   0.00000000  -0.00000000 
-20.55110000   0.00000000  -0.00000000   0.00000000  -0.00000000   0.00000000  -0.00000000   0.00000000  -0.00000000   0.00000000  -0.00000000   0.00000000  -0.00000000   0.00000000  -0.00000000   0.00000000  -0.00000000   0.00000000  -0.00000000 
-20.43510000   0.00000000  -0.00000000   0.00000000  -0.00000000   0.00000000  -0.00000000   0.00000000  -0.00000000   0.00000000  -0.00000000   0.00000000  -0.00000000   0.00000000  -0.00000000   0.00000000  -0.00000000   0.00000000  -0.00000000 
-20.31910000   0.00000000  -0.00000000   0.00000000  -0.00000000   0.00000000  -0.00000000   0.00000000  -0.00000000   0.00000000  -0.00000000   0.00000000  -0.00000000   0.00000000  -0.00000000   0.00000000  -0.00000000   0.00000000  -0.00000000 
-20.20310000   0.00000000  -0.00000000   0.00000000  -0.00000000   0.00000000  -0.00000000   0.00000000  -0.00000000   0.00000000  -0.00000000   0.00000000  -0.00000000   0.00000000  -0.00000000   0.00000000  -0.00000000   0.00000000  -0.00000000 
-20.08810000   0.00000000  -0.00000000   0.00000000  -0.00000000   0.00000000  -0.00000000   0.00000000  -0.00000000   0.00000000  -0.00000000   0.00000000  -0.00000000   0.00000000  -0.00000000   0.00000000  -0.00000000   0.00000000  -0.00000000 
-19.97210000   0.00000000  -0.00000000   0.00000000  -0.00000000   0.00000000  -0.00000000   0.00000000  -0.00000000   0.00000000  -0.00000000   0.00000000  -0.00000000   0.00000000  -0.00000000   0.00000000  -0.00000000   0.00000000  -0.00000000 
-19.85610000   0.00000000  -0.00000000   0.00000000  -0.00000000   0.00000000  -0.00000000   0.00000000  -0.00000000   0.00000000  -0.00000000   0.00000000  -0.00000000   0.00000000  -0.00000000   0.00000000  -0.00000000   0.00000000  -0.00000000 
-19.74010000   0.00000000  -0.00000000   0.00000000  -0.00000000   0.00000000  -0.00000000   0.00000000  -0.00000000   0.00000000  -0.00000000   0.00000000  -0.00000000   0.00000000  -0.00000000   0.00000000  -0.00000000   0.00000000  -0.00000000 
-19.62510000   0.00000000  -0.00000000   0.00000000  -0.00000000   0.00000000  -0.00000000   0.00000000  -0.00000000   0.00000000  -0.00000000   0.00000000  -0.00000000   0.00000000  -0.00000000   0.00000000  -0.00000000   0.00000000  -0.00000000 
-19.50910000   0.00000002  -0.00000002   0.00000000  -0.00000000   0.00000001  -0.00000001   0.00000000  -0.00000000   0.00000000  -0.00000000   0.00000000  -0.00000000   0.00000000  -0.00000000   0.00000000  -0.00000000   0.00000000  -0.00000000 
-19.39310000   0.00000013  -0.00000013   0.00000001  -0.00000001   0.00000004  -0.00000004   0.00000002  -0.00000002   0.00000000  -0.00000000   0.00000002  -0.00000002   0.00000001  -0.00000001   0.00000002  -0.00000002   0.00000000  -0.00000000 
-19.27710000   0.00000037  -0.00000037   0.00000003  -0.00000003   0.00000013  -0.00000013   0.00000004  -0.00000004   0.00000000  -0.00000000   0.00000005  -0.00000005   0.00000002  -0.00000002   0.00000006  -0.00000006   0.00000000  -0.00000000 
-19.16110000   0.00000056  -0.00000056   0.00000005  -0.00000005   0.00000019  -0.00000019   0.00000007  -0.00000007   0.00000000  -0.00000000   0.00000007  -0.00000007   0.00000003  -0.00000003   0.00000009  -0.00000009   0.00000000  -0.00000000 
-19.04610000   0.00000045  -0.00000045   0.00000004  -0.00000004   0.00000015  -0.00000015   0.00000005  -0.00000005   0.00000000  -0.00000000   0.00000006  -0.00000006   0.00000002  -0.00000002   0.00000008  -0.00000008   0.00000000  -0.00000000 
-18.93010000   0.00000019  -0.00000019   0.00000002  -0.00000002   0.00000007  -0.00000007   0.00000002  -0.00000002   0.00000000  -0.00000000   0.00000002  -0.00000002   0.00000001  -0.00000001   0.00000003  -0.00000003   0.00000000  -0.00000000 
-18.81410000   0.00000004  -0.00000004   0.00000000  -0.00000000   0.00000001  -0.00000001   0.00000001  -0.00000001   0.00000000  -0.00000000   0.00000001  -0.00000001   0.00000000  -0.00000000   0.00000001  -0.00000001   0.00000000  -0.00000000 
-18.69810000   0.00000001  -0.00000001   0.00000000  -0.00000000   0.00000000  -0.00000000   0.00000000  -0.00000000   0.00000000  -0.00000000   0.00000000  -0.00000000   0.00000000  -0.00000000   0.00000000  -0.00000000   0.00000000  -0.00000000 
-18.58310000   0.00000000  -0.00000000   0.00000000  -0.00000000   0.00000000  -0.00000000   0.00000000  -0.00000000   0.00000000  -0.00000000   0.00000000  -0.00000000   0.00000000  -0.00000000   0.00000000  -0.00000000   0.00000000  -0.00000000 
-18.46710000   0.00000000  -0.00000000   0.00000000  -0.00000000   0.00000000  -0.00000000   0.00000000  -0.00000000   0.00000000  -0.00000000   0.00000000  -0.00000000   0.00000000  -0.00000000   0.00000000  -0.00000000   0.00000000  -0.00000000 
-18.35110000   0.00000000  -0.00000000   0.00000000  -0.00000000   0.00000000  -0.00000000   0.00000000  -0.00000000   0.00000000  -0.00000000   0.00000000  -0.00000000   0.00000000  -0.00000000   0.00000000  -0.00000000   0.00000000  -0.00000000 
-18.23510000   0.00000000  -0.00000000   0.00000000  -0.00000000   0.00000000  -0.00000000   0.00000000  -0.00000000   0.00000000  -0.00000000   0.00000000  -0.00000000   0.00000000  -0.00000000   0.00000000  -0.00000000   0.00000000  -0.00000000 
-18.12010000   0.00000000  -0.00000000   0.00000000  -0.00000000   0.00000000  -0.00000000   0.00000000  -0.00000000   0.00000000  -0.00000000   0.00000000  -0.00000000   0.00000000  -0.00000000   0.00000000  -0.00000000   0.00000000  -0.00000000 
-18.00410000   0.00000000  -0.00000000   0.00000000  -0.00000000   0.00000000  -0.00000000   0.00000000  -0.00000000   0.00000000  -0.00000000   0.00000000  -0.00000000   0.00000000  -0.00000000   0.00000000  -0.00000000   0.00000000  -0.00000000 
-17.88810000   0.00000000  -0.00000000   0.00000000  -0.00000000   0.00000000  -0.00000000   0.00000000  -0.00000000   0.00000000  -0.00000000   0.00000000  -0.00000000   0.00000000  -0.00000000   0.00000000  -0.00000000   0.00000000  -0.00000000 
-17.77210000   0.00000000  -0.00000000   0.00000000  -0.00000000   0.00000000  -0.00000000   0.00000000  -0.00000000   0.00000000  -0.00000000   0.00000000  -0.00000000   0.00000000  -0.00000000   0.00000000  -0.00000000   0.00000000  -0.00000000 
-17.65710000   0.00000000  -0.00000000   0.00000000  -0.00000000   0.00000000  -0.00000000   0.00000000  -0.00000000   0.00000000  -0.00000000   0.00000000  -0.00000000   0.00000000  -0.00000000   0.00000000  -0.00000000   0.00000000  -0.00000000 
-17.54110000   0.00000000  -0.00000000   0.00000000  -0.00000000   0.00000000  -0.00000000   0.00000000  -0.00000000   0.00000000  -0.00000000   0.00000000  -0.00000000   0.00000000  -0.00000000   0.00000000  -0.00000000   0.00000000  -0.00000000 
-17.42510000   0.00000000  -0.00000000   0.00000000  -0.00000000   0.00000000  -0.00000000   0.00000000  -0.00000000   0.00000000  -0.00000000   0.00000000  -0.00000000   0.00000000  -0.00000000   0.00000000  -0.00000000   0.00000000  -0.00000000 
-17.30910000   0.00000000  -0.00000000   0.00000000  -0.00000000   0.00000000  -0.00000000   0.00000000  -0.00000000   0.00000000  -0.00000000   0.00000000  -0.00000000   0.00000000  -0.00000000   0.00000000  -0.00000000   0.00000000  -0.00000000 
-17.19410000   0.00000007  -0.00000007   0.00000000  -0.00000000   0.00000001  -0.00000001   0.00000001  -0.00000001   0.00000000  -0.00000000   0.00000000  -0.00000000   0.00000000  -0.00000000   0.00000000  -0.00000000   0.00000000  -0.00000000 
-17.07810000   0.00000054  -0.00000054   0.00000001  -0.00000001   0.00000005  -0.00000005   0.00000006  -0.00000006   0.00000002  -0.00000002   0.00000000  -0.00000000   0.00000000  -0.00000000   0.00000003  -0.00000003   0.00000000  -0.00000000 
-16.96210000   0.00000221  -0.00000221   0.00000002  -0.00000002   0.00000020  -0.00000020   0.00000023  -0.00000023   0.00000007  -0.00000007   0.00000001  -0.00000001   0.00000001  -0.00000001   0.00000014  -0.00000014   0.00000001  -0.00000001 
-16.84610000   0.00000480  -0.00000481   0.00000005  -0.00000005   0.00000044  -0.00000044   0.00000049  -0.00000049   0.00000015  -0.00000015   0.00000002  -0.00000002   0.00000002  -0.00000002   0.00000031  -0.00000031   0.00000002  -0.00000002 
-16.73110000   0.00000571  -0.00000571   0.00000006  -0.00000006   0.00000054  -0.00000054   0.00000057  -0.00000057   0.00000017  -0.00000017   0.00000003  -0.00000003   0.00000002  -0.00000002   0.00000036  -0.00000036   0.00000002  -0.00000002 
-16.61510000   0.00000531  -0.00000531   0.00000011  -0.00000011   0.00000064  -0.00000064   0.00000042  -0.00000042   0.00000013  -0.00000013   0.00000009  -0.00000009   0.00000006  -0.00000006   0.00000034  -0.00000034   0.00000005  -0.00000005 
-16.49910000   0.00001272  -0.00001272   0.00000045  -0.00000045   0.00000194  -0.00000194   0.00000070  -0.00000070   0.00000031  -0.00000031   0.00000047  -0.00000047   0.00000026  -0.00000026   0.00000087  -0.00000087   0.00000027  -0.00000027 
-16.38310000   0.00004594  -0.00004594   0.00000167  -0.00000167   0.00000594  -0.00000594   0.00000350  -0.00000350   0.00000183  -0.00000183   0.00000167  -0.00000167   0.00000082  -0.00000082   0.00000359  -0.00000359   0.00000113  -0.00000113 
-16.26810000   0.00012860  -0.00012860   0.00000449  -0.00000449   0.00001253  -0.00001253   0.00001301  -0.00001301   0.00000723  -0.00000723   0.00000410  -0.00000410   0.00000169  -0.00000169   0.00001112  -0.00001112   0.00000338  -0.00000338 
-16.15210000   0.00027340  -0.00027340   0.00000830  -0.00000830   0.00001867  -0.00001867   0.00002819  -0.00002819   0.00001600  -0.00001600   0.00000698  -0.00000698   0.00000259  -0.00000259   0.00002203  -0.00002203   0.00000659  -0.00000659 
-16.03610000   0.00066240  -0.00066240   0.00001127  -0.00001127   0.00001853  -0.00001853   0.00003556  -0.00003556   0.00001994  -0.00001994   0.00000746  -0.00000746   0.00000406  -0.00000406   0.00002520  -0.00002520   0.00000828  -0.00000828 
-15.92010000   0.00250500  -0.00250500   0.00002308  -0.00002308   0.00001128  -0.00001128   0.00004008  -0.00004007   0.00001969  -0.00001969   0.00000458  -0.00000458   0.00001154  -0.00001154   0.00001600  -0.00001600   0.00001148  -0.00001148 
-15.80510000   0.00804300  -0.00804300   0.00008009  -0.00008009   0.00000627  -0.00000627   0.00009262  -0.00009262   0.00003883  -0.00003883   0.00000166  -0.00000166   0.00003629  -0.00003629   0.00000625  -0.00000625   0.00003275  -0.00003275 
-15.68910000   0.01688000  -0.01688000   0.00023530  -0.00023530   0.00001362  -0.00001362   0.00025610  -0.00025610   0.00010740  -0.00010740   0.00000089  -0.00000089   0.00008008  -0.00008008   0.00000355  -0.00000355   0.00009706  -0.00009706 
-15.57310000   0.02495000  -0.02495000   0.00054280  -0.00054280   0.00003804  -0.00003804   0.00057490  -0.00057490   0.00024940  -0.00024940   0.00000205  -0.00000205   0.00012990  -0.00012990   0.00000574  -0.00000574   0.00023190  -0.00023190 
-15.45710000   0.02968000  -0.02968000   0.00096730  -0.00096730   0.00007193  -0.00007193   0.00099820  -0.00099820   0.00044760  -0.00044760   0.00000528  -0.00000528   0.00017310  -0.00017310   0.00001069  -0.00001069   0.00042670  -0.00042670 
-15.34210000   0.02985000  -0.02985000   0.00136700  -0.00136700   0.00010270  -0.00010270   0.00138100  -0.00138100   0.00064900  -0.00064900   0.00001126  -0.00001126   0.00019600  -0.00019600   0.00001824  -0.00001824   0.00063120  -0.00063120 
-15.22610000   0.02853000  -0.02853000   0.00189900  -0.00189900   0.00012420  -0.00012420   0.00189200  -0.00189200   0.00095260  -0.00095260   0.00001922  -0.00001922   0.00022130  -0.00022130   0.00002829  -0.00002829   0.00093930  -0.00093930 
-15.11010000   0.02999000  -0.02999000   0.00265000  -0.00265000   0.00013730  -0.00013730   0.00265300  -0.00265300   0.00140700  -0.00140700   0.00002971  -0.00002971   0.00027290  -0.00027290   0.00004217  -0.00004217   0.00138400  -0.00138400 
-14.99410000   0.02956000  -0.02956000   0.00309500  -0.00309500   0.00019220  -0.00019220   0.00312300  -0.00312300   0.00172600  -0.00172600   0.00004954  -0.00004954   0.00029640  -0.00029640   0.00006695  -0.00006695   0.00168600  -0.00168600 
-14.87810000   0.02579000  -0.02579000   0.00339000  -0.00339000   0.00052140  -0.00052140   0.00338900  -0.00338900   0.00200100  -0.00200100   0.00008658  -0.00008658   0.00028890  -0.00028890   0.00011510  -0.00011510   0.00196100  -0.00196100 
-14.76310000   0.02537000  -0.02537000   0.00444000  -0.00444000   0.00206800  -0.00206800   0.00442300  -0.00442300   0.00279900  -0.00279900   0.00020470  -0.00020470   0.00033200  -0.00033200   0.00026850  -0.00026850   0.00274100  -0.00274100 
-14.64710000   0.02760000  -0.02760000   0.00573900  -0.00573900   0.00649200  -0.00649200   0.00579100  -0.00579100   0.00381500  -0.00381500   0.00066740  -0.00066740   0.00039950  -0.00039950   0.00081420  -0.00081420   0.00369800  -0.00369800 
-14.53110000   0.02560000  -0.02560000   0.00618400  -0.00618400   0.01355000  -0.01355000   0.00624200  -0.00624200   0.00430700  -0.00430700   0.00192500  -0.00192500   0.00039260  -0.00039260   0.00217000  -0.00217000   0.00418300  -0.00418300 
-14.41510000   0.02205000  -0.02205000   0.00698000  -0.00698000   0.01994000  -0.01994000   0.00695700  -0.00695700   0.00516400  -0.00516400   0.00432300  -0.00432300   0.00036900  -0.00036900   0.00459100  -0.00459100   0.00506200  -0.00506200 
-14.30010000   0.02248000  -0.02248000   0.00941500  -0.00941500   0.02351000  -0.02351000   0.00947900  -0.00947900   0.00746600  -0.00746600   0.00804800  -0.00804800   0.00041530  -0.00041530   0.00825000  -0.00825000   0.00723700  -0.00723700 
-14.18410000   0.02358000  -0.02358000   0.01210000  -0.01210000   0.02458000  -0.02458000   0.01246000  -0.01246000   0.01028000  -0.01028000   0.01342000  -0.01342000   0.00045470  -0.00045470   0.01352000  -0.01352000   0.00974800  -0.00974800 
-14.06810000   0.02180000  -0.02180000   0.01480000  -0.01480000   0.02382000  -0.02382000   0.01528000  -0.01528000   0.01333000  -0.01333000   0.02098000  -0.02098000   0.00042630  -0.00042630   0.02111000  -0.02111000   0.01260000  -0.01260000 
-13.95210000   0.02014000  -0.02014000   0.01907000  -0.01907000   0.02189000  -0.02189000   0.01912000  -0.01912000   0.01745000  -0.01745000   0.03171000  -0.03171000   0.00040270  -0.00040270   0.03202000  -0.03202000   0.01700000  -0.01700000 
-13.83710000   0.01810000  -0.01810000   0.02175000  -0.02175000   0.01933000  -0.01933000   0.02114000  -0.02114000   0.01972000  -0.01972000   0.04687000  -0.04687000   0.00036810  -0.00036810   0.04718000  -0.04718000   0.01981000  -0.01981000 
-13.72110000   0.01269000  -0.01269000   0.01918000  -0.01918000   0.01604000  -0.01604000   0.01850000  -0.01850000   0.01742000  -0.01742000   0.06237000  -0.06237000   0.00025730  -0.00025730   0.06228000  -0.06228000   0.01763000  -0.01763000 
-13.60510000   0.00644900  -0.00644900   0.01298000  -0.01298000   0.01143000  -0.01143000   0.01277000  -0.01277000   0.01205000  -0.01205000   0.06575000  -0.06575000   0.00012780  -0.00012780   0.06529000  -0.06529000   0.01195000  -0.01195000 
-13.48910000   0.00245600  -0.00245600   0.00646000  -0.00646000   0.00627800  -0.00627800   0.00656200  -0.00656200   0.00618500  -0.00618500   0.04967000  -0.04967000   0.00004592  -0.00004592   0.04929000  -0.04929000   0.00593600  -0.00593600 
-13.37410000   0.00071310  -0.00071310   0.00222300  -0.00222300   0.00241100  -0.00241100   0.00232900  -0.00232900   0.00219400  -0.00219400   0.02505000  -0.02505000   0.00001172  -0.00001172   0.02495000  -0.02495000   0.00203800  -0.00203800 
-13.25810000   0.00015810  -0.00015810   0.00052780  -0.00052780   0.00060640  -0.00060640   0.00056850  -0.00056850   0.00053620  -0.00053620   0.00802900  -0.00802900   0.00000211  -0.00000211   0.00804600  -0.00804600   0.00048260  -0.00048260 
-13.14210000   0.00003071  -0.00003071   0.00009555  -0.00009555   0.00010030  -0.00010030   0.00010490  -0.00010490   0.00010070  -0.00010070   0.00160000  -0.00160000   0.00000030  -0.00000030   0.00162200  -0.00162200   0.00008597  -0.00008597 
-13.02610000   0.00001394  -0.00001394   0.00002621  -0.00002621   0.00001934  -0.00001934   0.00002834  -0.00002834   0.00003032  -0.00003032   0.00024840  -0.00024840   0.00000004  -0.00000004   0.00026650  -0.00026650   0.00002093  -0.00002093 
-12.91110000   0.00001279  -0.00001279   0.00001875  -0.00001875   0.00001194  -0.00001194   0.00001989  -0.00001989   0.00002283  -0.00002283   0.00008736  -0.00008736   0.00000001  -0.00000001   0.00010430  -0.00010430   0.00001369  -0.00001369 
-12.79510000   0.00000761  -0.00000761   0.00001086  -0.00001086   0.00000689  -0.00000689   0.00001149  -0.00001149   0.00001329  -0.00001329   0.00004569  -0.00004569   0.00000000  -0.00000000   0.00005571  -0.00005571   0.00000784  -0.00000784 
-12.67910000   0.00000243  -0.00000243   0.00000346  -0.00000346   0.00000220  -0.00000220   0.00000366  -0.00000366   0.00000424  -0.00000424   0.00001447  -0.00001447   0.00000000  -0.00000000   0.00001767  -0.00001767   0.00000250  -0.00000250 
-12.56310000   0.00000041  -0.00000041   0.00000059  -0.00000059   0.00000037  -0.00000037   0.00000062  -0.00000062   0.00000072  -0.00000072   0.00000244  -0.00000244   0.00000000  -0.00000000   0.00000299  -0.00000299   0.00000042  -0.00000042 
-12.44810000   0.00000004  -0.00000004   0.00000005  -0.00000005   0.00000003  -0.00000003   0.00000006  -0.00000006   0.00000006  -0.00000006   0.00000022  -0.00000022   0.00000000  -0.00000000   0.00000027  -0.00000027   0.00000004  -0.00000004 
-12.33210000   0.00000000  -0.00000000   0.00000000  -0.00000000   0.00000000  -0.00000000   0.00000000  -0.00000000   0.00000000  -0.00000000   0.00000001  -0.00000001   0.00000000  -0.00000000   0.00000001  -0.00000001   0.00000000  -0.00000000 
-12.21610000   0.00000000  -0.00000000   0.00000000  -0.00000000   0.00000000  -0.00000000   0.00000000  -0.00000000   0.00000000  -0.00000000   0.00000000  -0.00000000   0.00000000  -0.00000000   0.00000000  -0.00000000   0.00000000  -0.00000000 
-12.10010000   0.00000001  -0.00000001   0.00000001  -0.00000001   0.00000000  -0.00000000   0.00000000  -0.00000000   0.00000000  -0.00000000   0.00000003  -0.00000003   0.00000000  -0.00000000   0.00000000  -0.00000000   0.00000001  -0.00000001 
-11.98510000   0.00000019  -0.00000019   0.00000016  -0.00000016   0.00000008  -0.00000008   0.00000000  -0.00000000   0.00000000  -0.00000000   0.00000047  -0.00000047   0.00000001  -0.00000001   0.00000001  -0.00000001   0.00000019  -0.00000019 
-11.86910000   0.00000158  -0.00000158   0.00000133  -0.00000133   0.00000063  -0.00000063   0.00000001  -0.00000001   0.00000002  -0.00000002   0.00000388  -0.00000388   0.00000005  -0.00000005   0.00000005  -0.00000005   0.00000155  -0.00000155 
-11.75310000   0.00000685  -0.00000685   0.00000578  -0.00000578   0.00000274  -0.00000274   0.00000006  -0.00000006   0.00000008  -0.00000008   0.00001683  -0.00001683   0.00000022  -0.00000022   0.00000023  -0.00000023   0.00000671  -0.00000671 
-11.63710000   0.00001574  -0.00001574   0.00001328  -0.00001328   0.00000630  -0.00000630   0.00000015  -0.00000015   0.00000019  -0.00000019   0.00003869  -0.00003869   0.00000051  -0.00000051   0.00000052  -0.00000052   0.00001542  -0.00001542 
-11.52210000   0.00001919  -0.00001919   0.00001620  -0.00001620   0.00000768  -0.00000768   0.00000018  -0.00000018   0.00000023  -0.00000023   0.00004719  -0.00004719   0.00000062  -0.00000062   0.00000064  -0.00000064   0.00001880  -0.00001880 
-11.40610000   0.00001242  -0.00001242   0.00001048  -0.00001048   0.00000497  -0.00000497   0.00000012  -0.00000012   0.00000015  -0.00000015   0.00003054  -0.00003054   0.00000040  -0.00000040   0.00000041  -0.00000041   0.00001217  -0.00001217 
-11.29010000   0.00000426  -0.00000426   0.00000360  -0.00000360   0.00000171  -0.00000171   0.00000004  -0.00000004   0.00000005  -0.00000005   0.00001048  -0.00001048   0.00000014  -0.00000014   0.00000014  -0.00000014   0.00000417  -0.00000417 
-11.17410000   0.00000077  -0.00000077   0.00000065  -0.00000065   0.00000031  -0.00000031   0.00000001  -0.00000001   0.00000001  -0.00000001   0.00000190  -0.00000190   0.00000002  -0.00000002   0.00000003  -0.00000003   0.00000076  -0.00000076 
-11.05910000   0.00000007  -0.00000007   0.00000006  -0.00000006   0.00000003  -0.00000003   0.00000000  -0.00000000   0.00000000  -0.00000000   0.00000018  -0.00000018   0.00000000  -0.00000000   0.00000000  -0.00000000   0.00000007  -0.00000007 
-10.94310000   0.00000000  -0.00000000   0.00000000  -0.00000000   0.00000000  -0.00000000   0.00000000  -0.00000000   0.00000000  -0.00000000   0.00000001  -0.00000001   0.00000000  -0.00000000   0.00000000  -0.00000000   0.00000000  -0.00000000 
-10.82710000   0.00000000  -0.00000000   0.00000000  -0.00000000   0.00000000  -0.00000000   0.00000000  -0.00000000   0.00000000  -0.00000000   0.00000000  -0.00000000   0.00000000  -0.00000000   0.00000000  -0.00000000   0.00000000  -0.00000000 
-10.71110000   0.00000000  -0.00000000   0.00000000  -0.00000000   0.00000000  -0.00000000   0.00000000  -0.00000000   0.00000000  -0.00000000   0.00000000  -0.00000000   0.00000000  -0.00000000   0.00000000  -0.00000000   0.00000000  -0.00000000 
-10.59510000   0.00000000  -0.00000000   0.00000000  -0.00000000   0.00000000  -0.00000000   0.00000000  -0.00000000   0.00000000  -0.00000000   0.00000000  -0.00000000   0.00000000  -0.00000000   0.00000000  -0.00000000   0.00000000  -0.00000000 
-10.48010000   0.00000000  -0.00000000   0.00000000  -0.00000000   0.00000000  -0.00000000   0.00000000  -0.00000000   0.00000000  -0.00000000   0.00000000  -0.00000000   0.00000000  -0.00000000   0.00000000  -0.00000000   0.00000000  -0.00000000 
-10.36410000   0.00000007  -0.00000007   0.00000000  -0.00000000   0.00000001  -0.00000001   0.00000002  -0.00000002   0.00000003  -0.00000003   0.00000001  -0.00000001   0.00000002  -0.00000002   0.00000004  -0.00000004   0.00000001  -0.00000001 
-10.24810000   0.00000089  -0.00000089   0.00000006  -0.00000006   0.00000015  -0.00000015   0.00000024  -0.00000024   0.00000037  -0.00000037   0.00000019  -0.00000019   0.00000024  -0.00000024   0.00000052  -0.00000052   0.00000008  -0.00000008 
-10.13210000   0.00000593  -0.00000593   0.00000044  -0.00000044   0.00000103  -0.00000103   0.00000165  -0.00000165   0.00000247  -0.00000247   0.00000138  -0.00000138   0.00000160  -0.00000160   0.00000361  -0.00000361   0.00000055  -0.00000055 
-10.01710000   0.00002089  -0.00002089   0.00000170  -0.00000170   0.00000369  -0.00000369   0.00000595  -0.00000595   0.00000878  -0.00000878   0.00000518  -0.00000518   0.00000564  -0.00000564   0.00001322  -0.00001322   0.00000215  -0.00000215 
 -9.90110000   0.00003902  -0.00003902   0.00000345  -0.00000345   0.00000700  -0.00000700   0.00001142  -0.00001142   0.00001656  -0.00001656   0.00001035  -0.00001035   0.00001059  -0.00001059   0.00002576  -0.00002577   0.00000443  -0.00000443 
 -9.78510000   0.00003870  -0.00003870   0.00000372  -0.00000372   0.00000707  -0.00000707   0.00001164  -0.00001164   0.00001661  -0.00001661   0.00001099  -0.00001099   0.00001055  -0.00001055   0.00002671  -0.00002671   0.00000484  -0.00000484 
 -9.66910000   0.00002039  -0.00002039   0.00000213  -0.00000213   0.00000379  -0.00000379   0.00000632  -0.00000632   0.00000885  -0.00000885   0.00000621  -0.00000621   0.00000558  -0.00000558   0.00001474  -0.00001474   0.00000280  -0.00000280 
 -9.55410000   0.00000570  -0.00000570   0.00000065  -0.00000065   0.00000108  -0.00000108   0.00000182  -0.00000182   0.00000250  -0.00000250   0.00000186  -0.00000186   0.00000157  -0.00000157   0.00000432  -0.00000432   0.00000086  -0.00000086 
 -9.43810000   0.00000084  -0.00000084   0.00000010  -0.00000010   0.00000016  -0.00000016   0.00000028  -0.00000028   0.00000038  -0.00000038   0.00000030  -0.00000030   0.00000023  -0.00000023   0.00000067  -0.00000067   0.00000014  -0.00000014 
 -9.32210000   0.00000007  -0.00000007   0.00000001  -0.00000001   0.00000001  -0.00000001   0.00000002  -0.00000002   0.00000003  -0.00000003   0.00000002  -0.00000002   0.00000002  -0.00000002   0.00000006  -0.00000006   0.00000001  -0.00000001 
 -9.20610000   0.00000000  -0.00000000   0.00000000  -0.00000000   0.00000000  -0.00000000   0.00000000  -0.00000000   0.00000000  -0.00000000   0.00000000  -0.00000000   0.00000000  -0.00000000   0.00000000  -0.00000000   0.00000000  -0.00000000 
 -9.09110000   0.00000000  -0.00000000   0.00000000  -0.00000000   0.00000000  -0.00000000   0.00000000  -0.00000000   0.00000000  -0.00000000   0.00000000  -0.00000000   0.00000000  -0.00000000   0.00000000  -0.00000000   0.00000000  -0.00000000 
 -8.97510000   0.00000000  -0.00000000   0.00000000  -0.00000000   0.00000000  -0.00000000   0.00000000  -0.00000000   0.00000000  -0.00000000   0.00000000  -0.00000000   0.00000000  -0.00000000   0.00000000  -0.00000000   0.00000000  -0.00000000 
 -8.85910000   0.00000003  -0.00000003   0.00000001  -0.00000001   0.00000000  -0.00000000   0.00000000  -0.00000000   0.00000000  -0.00000000   0.00000002  -0.00000002   0.00000002  -0.00000002   0.00000000  -0.00000000   0.00000002  -0.00000002 
 -8.74310000   0.00000048  -0.00000048   0.00000020  -0.00000020   0.00000008  -0.00000008   0.00000000  -0.00000000   0.00000002  -0.00000002   0.00000038  -0.00000038   0.00000027  -0.00000027   0.00000000  -0.00000000   0.00000029  -0.00000029 
 -8.62810000   0.00000407  -0.00000407   0.00000174  -0.00000174   0.00000069  -0.00000069   0.00000002  -0.00000002   0.00000013  -0.00000013   0.00000323  -0.00000323   0.00000227  -0.00000227   0.00000001  -0.00000001   0.00000250  -0.00000250 
 -8.51210000   0.00001841  -0.00001841   0.00000786  -0.00000786   0.00000310  -0.00000310   0.00000008  -0.00000008   0.00000061  -0.00000061   0.00001454  -0.00001454   0.00001028  -0.00001028   0.00000005  -0.00000005   0.00001128  -0.00001128 
 -8.39610000   0.00004537  -0.00004537   0.00001886  -0.00001886   0.00000747  -0.00000747   0.00000019  -0.00000019   0.00000178  -0.00000178   0.00003488  -0.00003488   0.00002561  -0.00002561   0.00000019  -0.00000019   0.00002733  -0.00002733 
 -8.28010000   0.00007149  -0.00007149   0.00002492  -0.00002492   0.00001025  -0.00001025   0.00000031  -0.00000031   0.00000543  -0.00000543   0.00004608  -0.00004608   0.00004277  -0.00004277   0.00000083  -0.00000083   0.00003856  -0.00003856 
 -8.16510000   0.00011880  -0.00011880   0.00002210  -0.00002210   0.00001096  -0.00001096   0.00000059  -0.00000059   0.00001959  -0.00001959   0.00004074  -0.00004074   0.00008102  -0.00008102   0.00000374  -0.00000374   0.00004602  -0.00004602 
 -8.04910000   0.00023180  -0.00023180   0.00002231  -0.00002231   0.00001498  -0.00001498   0.00000149  -0.00000149   0.00004974  -0.00004974   0.00004062  -0.00004062   0.00017060  -0.00017060   0.00001114  -0.00001114   0.00007076  -0.00007076 
 -7.93310000   0.00033720  -0.00033720   0.00002616  -0.00002616   0.00001941  -0.00001941   0.00000387  -0.00000387   0.00007466  -0.00007466   0.00004480  -0.00004480   0.00026340  -0.00026340   0.00002110  -0.00002110   0.00009705  -0.00009705 
 -7.81710000   0.00057400  -0.00057400   0.00003536  -0.00003536   0.00001637  -0.00001637   0.00001853  -0.00001853   0.00011840  -0.00011840   0.00003311  -0.00003311   0.00050360  -0.00050360   0.00002714  -0.00002714   0.00013910  -0.00013910 
 -7.70210000   0.00257800  -0.00257800   0.00014230  -0.00014230   0.00000984  -0.00000984   0.00012810  -0.00012810   0.00057070  -0.00057070   0.00001578  -0.00001578   0.00215100  -0.00215100   0.00002784  -0.00002784   0.00057340  -0.00057340 
 -7.58610000   0.01089000  -0.01089000   0.00067470  -0.00067470   0.00001105  -0.00001105   0.00064710  -0.00064710   0.00285700  -0.00285700   0.00001707  -0.00001707   0.00788400  -0.00788400   0.00004355  -0.00004355   0.00274800  -0.00274800 
 -7.47010000   0.02968000  -0.02968000   0.00213300  -0.00213300   0.00003558  -0.00003558   0.00209500  -0.00209500   0.00934000  -0.00934000   0.00008738  -0.00008738   0.01800000  -0.01800000   0.00014860  -0.00014860   0.00883200  -0.00883200 
 -7.35410000   0.05251000  -0.05251000   0.00443900  -0.00443900   0.00011550  -0.00011550   0.00445500  -0.00445500   0.01990000  -0.01990000   0.00058970  -0.00058970   0.02710000  -0.02710000   0.00073800  -0.00073800   0.01853000  -0.01853000 
 -7.23910000   0.06641000  -0.06641000   0.00691500  -0.00691500   0.00030780  -0.00030780   0.00707800  -0.00707800   0.03118000  -0.03118000   0.00332200  -0.00332200   0.03365000  -0.03365000   0.00368600  -0.00368600   0.02859000  -0.02859000 
 -7.12310000   0.07291000  -0.07291000   0.00991700  -0.00991700   0.00074710  -0.00074710   0.01024000  -0.01024000   0.04521000  -0.04521000   0.01288000  -0.01288000   0.04520000  -0.04520000   0.01368000  -0.01368000   0.04186000  -0.04186000 
 -7.00710000   0.07654000  -0.07654000   0.01375000  -0.01375000   0.00174200  -0.00174200   0.01418000  -0.01418000   0.06531000  -0.06531000   0.03243000  -0.03243000   0.06551000  -0.06551000   0.03377000  -0.03377000   0.06277000  -0.06277000 
 -6.89110000   0.07376000  -0.07376000   0.01754000  -0.01754000   0.00365300  -0.00365300   0.01790000  -0.01790000   0.08567000  -0.08567000   0.05310000  -0.05310000   0.09112000  -0.09112000   0.05453000  -0.05453000   0.08564000  -0.08564000 
 -6.77610000   0.06832000  -0.06832000   0.01962000  -0.01962000   0.00728300  -0.00728300   0.01966000  -0.01966000   0.09452000  -0.09452000   0.06375000  -0.06375000   0.10900000  -0.10900000   0.06450000  -0.06450000   0.09737000  -0.09737000 
 -6.66010000   0.06038000  -0.06038000   0.01730000  -0.01730000   0.01415000  -0.01415000   0.01713000  -0.01713000   0.08069000  -0.08069000   0.07455000  -0.07455000   0.10200000  -0.10200000   0.07453000  -0.07453000   0.08456000  -0.08456000 
 -6.54410000   0.04561000  -0.04561000   0.01182000  -0.01182000   0.02199000  -0.02199000   0.01167000  -0.01167000   0.05511000  -0.05511000   0.08880000  -0.08880000   0.07797000  -0.07797000   0.08874000  -0.08874000   0.05770000  -0.05770000 
 -6.42810000   0.02907000  -0.02907000   0.00725900  -0.00725900   0.02382000  -0.02382000   0.00713000  -0.00713000   0.03805000  -0.03805000   0.08292000  -0.08292000   0.05788000  -0.05788000   0.08297000  -0.08297000   0.03892000  -0.03892000 
 -6.31210000   0.01809000  -0.01809000   0.00456600  -0.00456600   0.01972000  -0.01972000   0.00440600  -0.00440600   0.02782000  -0.02782000   0.06001000  -0.06001000   0.04349000  -0.04349000   0.05941000  -0.05941000   0.02743000  -0.02743000 
 -6.19710000   0.01177000  -0.01177000   0.00270800  -0.00270800   0.01595000  -0.01595000   0.00259800  -0.00259800   0.01633000  -0.01633000   0.04921000  -0.04921000   0.02714000  -0.02714000   0.04787000  -0.04787000   0.01542000  -0.01542000 
 -6.08110000   0.00770200  -0.00770200   0.00196000  -0.00196000   0.01365000  -0.01365000   0.00195400  -0.00195400   0.00833500  -0.00833500   0.05394000  -0.05394000   0.01309000  -0.01309000   0.05296000  -0.05296000   0.00724800  -0.00724800 
 -5.96510000   0.00760900  -0.00760900   0.00344400  -0.00344400   0.01104000  -0.01104000   0.00358200  -0.00358200   0.01171000  -0.01171000   0.05599000  -0.05599000   0.01032000  -0.01032000   0.05651000  -0.05651000   0.00996400  -0.00996400 
 -5.84910000   0.01471000  -0.01471000   0.00853200  -0.00853200   0.00786000  -0.00786000   0.00895100  -0.00895100   0.02963000  -0.02963000   0.04532000  -0.04532000   0.02233000  -0.02233000   0.04670000  -0.04670000   0.02697000  -0.02697000 
 -5.73410000   0.03330000  -0.03330000   0.01705000  -0.01705000   0.00548300  -0.00548300   0.01777000  -0.01777000   0.05521000  -0.05521000   0.03453000  -0.03453000   0.04437000  -0.04437000   0.03519000  -0.03519000   0.05290000  -0.05290000 
 -5.61810000   0.06361000  -0.06361000   0.02543000  -0.02543000   0.00470000  -0.00470000   0.02611000  -0.02611000   0.07465000  -0.07465000   0.03449000  -0.03449000   0.06352000  -0.06352000   0.03457000  -0.03457000   0.07503000  -0.07503000 
 -5.50210000   0.09210000  -0.09210000   0.02930000  -0.02930000   0.00480900  -0.00480900   0.02965000  -0.02965000   0.08446000  -0.08446000   0.04023000  -0.04023000   0.07145000  -0.07145000   0.04095000  -0.04095000   0.08822000  -0.08822000 
 -5.38610000   0.10100000  -0.10100000   0.02736000  -0.02736000   0.00555700  -0.00555700   0.02739000  -0.02739000   0.08818000  -0.08818000   0.04856000  -0.04856000   0.06851000  -0.06851000   0.05027000  -0.05027000   0.09351000  -0.09351000 
 -5.27110000   0.08718000  -0.08718000   0.02175000  -0.02175000   0.00682200  -0.00682200   0.02171000  -0.02171000   0.08295000  -0.08295000   0.05897000  -0.05897000   0.05642000  -0.05642000   0.06117000  -0.06117000   0.08710000  -0.08710000 
 -5.15510000   0.05889000  -0.05889000   0.01508000  -0.01508000   0.00827300  -0.00827300   0.01519000  -0.01519000   0.06348000  -0.06348000   0.07028000  -0.07028000   0.03770000  -0.03770000   0.07309000  -0.07309000   0.06578000  -0.06578000 
 -5.03910000   0.03254000  -0.03254000   0.01112000  -0.01112000   0.01207000  -0.01207000   0.01135000  -0.01135000   0.04506000  -0.04506000   0.09506000  -0.09506000   0.02099000  -0.02099000   0.09813000  -0.09813000   0.04786000  -0.04786000 
 -4.92310000   0.02050000  -0.02050000   0.01102000  -0.01102000   0.02036000  -0.02036000   0.01120000  -0.01120000   0.04497000  -0.04497000   0.14800000  -0.14800000   0.01347000  -0.01347000   0.14680000  -0.14680000   0.04862000  -0.04862000 
 -4.80810000   0.01667000  -0.01667000   0.01059000  -0.01059000   0.02814000  -0.02814000   0.01064000  -0.01064000   0.05028000  -0.05028000   0.21080000  -0.21080000   0.01250000  -0.01250000   0.20280000  -0.20280000   0.05254000  -0.05254000 
 -4.69210000   0.01295000  -0.01295000   0.00886700  -0.00886700   0.03005000  -0.03005000   0.00874700  -0.00874700   0.04462000  -0.04462000   0.24250000  -0.24250000   0.01507000  -0.01507000   0.23600000  -0.23600000   0.04518000  -0.04518000 
 -4.57610000   0.00888000  -0.00888000   0.00786700  -0.00786700   0.02779000  -0.02779000   0.00766600  -0.00766600   0.03414000  -0.03414000   0.22150000  -0.22150000   0.01869000  -0.01869000   0.22270000  -0.22270000   0.03644000  -0.03644000 
 -4.46010000   0.00573600  -0.00573600   0.00691800  -0.00691800   0.02226000  -0.02226000   0.00675200  -0.00675200   0.03352000  -0.03352000   0.16430000  -0.16430000   0.01806000  -0.01806000   0.17000000  -0.17000000   0.03954000  -0.03954000 
 -4.34510000   0.00383900  -0.00383900   0.00539600  -0.00539600   0.01418000  -0.01418000   0.00528000  -0.00528000   0.03968000  -0.03968000   0.11280000  -0.11280000   0.01379000  -0.01379000   0.11820000  -0.11820000   0.04571000  -0.04571000 
 -4.22910000   0.00344800  -0.00344800   0.00564000  -0.00564000   0.00787300  -0.00787300   0.00564700  -0.00564700   0.04482000  -0.04482000   0.09842000  -0.09842000   0.01305000  -0.01305000   0.09908000  -0.09908000   0.04754000  -0.04754000 
 -4.11310000   0.00555900  -0.00555900   0.01074000  -0.01074000   0.00508600  -0.00508600   0.01095000  -0.01095000   0.05655000  -0.05655000   0.10340000  -0.10340000   0.02119000  -0.02119000   0.09927000  -0.09927000   0.05465000  -0.05465000 
 -3.99710000   0.00911900  -0.00911900   0.01887000  -0.01887000   0.00392700  -0.00392700   0.01892000  -0.01892000   0.07273000  -0.07273000   0.09014000  -0.09014000   0.03634000  -0.03634000   0.08722000  -0.08722000   0.06703000  -0.06703000 
 -3.88210000   0.01028000  -0.01028000   0.02270000  -0.02270000   0.00430700  -0.00430700   0.02230000  -0.02230000   0.08362000  -0.08362000   0.06766000  -0.06766000   0.04790000  -0.04790000   0.06774000  -0.06774000   0.07840000  -0.07840000 
 -3.76610000   0.00785400  -0.00785400   0.01934000  -0.01934000   0.00816700  -0.00816700   0.01892000  -0.01892000   0.08825000  -0.08825000   0.07744000  -0.07744000   0.04552000  -0.04552000   0.07593000  -0.07593000   0.08455000  -0.08455000 
 -3.65010000   0.00463600  -0.00463600   0.01433000  -0.01433000   0.01642000  -0.01642000   0.01426000  -0.01426000   0.08923000  -0.08923000   0.11920000  -0.11920000   0.03493000  -0.03493000   0.11480000  -0.11480000   0.08618000  -0.08618000 
 -3.53410000   0.00335400  -0.00335400   0.01319000  -0.01319000   0.02754000  -0.02754000   0.01321000  -0.01321000   0.09115000  -0.09115000   0.14010000  -0.14010000   0.03058000  -0.03058000   0.13640000  -0.13640000   0.09012000  -0.09012000 
 -3.41910000   0.00454800  -0.00454800   0.01584000  -0.01584000   0.03717000  -0.03717000   0.01565000  -0.01565000   0.09091000  -0.09091000   0.11970000  -0.11970000   0.03576000  -0.03576000   0.11620000  -0.11620000   0.09209000  -0.09209000 
 -3.30310000   0.00704400  -0.00704400   0.01999000  -0.01999000   0.03935000  -0.03935000   0.01975000  -0.01975000   0.08400000  -0.08400000   0.09200000  -0.09200000   0.04593000  -0.04593000   0.08638000  -0.08638000   0.08407000  -0.08407000 
 -3.18710000   0.00845400  -0.00845400   0.02199000  -0.02199000   0.03816000  -0.03816000   0.02172000  -0.02172000   0.06461000  -0.06461000   0.07491000  -0.07491000   0.05044000  -0.05044000   0.07016000  -0.07016000   0.06161000  -0.06161000 
 -3.07110000   0.00731500  -0.00731500   0.01959000  -0.01959000   0.04253000  -0.04253000   0.01892000  -0.01892000   0.03968000  -0.03968000   0.06160000  -0.06160000   0.04256000  -0.04256000   0.06074000  -0.06074000   0.03749000  -0.03749000 
 -2.95610000   0.00462300  -0.00462300   0.01414000  -0.01414000   0.04647000  -0.04647000   0.01328000  -0.01328000   0.02683000  -0.02683000   0.04839000  -0.04839000   0.02962000  -0.02962000   0.05014000  -0.05014000   0.02713000  -0.02713000 
 -2.84010000   0.00252600  -0.00252600   0.00926400  -0.00926400   0.04553000  -0.04553000   0.00858400  -0.00858400   0.02598000  -0.02598000   0.03717000  -0.03717000   0.02739000  -0.02739000   0.03986000  -0.03986000   0.02658000  -0.02658000 
 -2.72410000   0.00239700  -0.00239700   0.00835800  -0.00835800   0.04203000  -0.04203000   0.00754400  -0.00754400   0.03431000  -0.03431000   0.02792000  -0.02792000   0.05419000  -0.05419000   0.03077000  -0.03077000   0.03525000  -0.03525000 
 -2.60810000   0.00412100  -0.00412100   0.01126000  -0.01126000   0.03182000  -0.03182000   0.01054000  -0.01054000   0.06440000  -0.06440000   0.01816000  -0.01816000   0.12870000  -0.12870000   0.02037000  -0.02037000   0.06629000  -0.06629000 
 -2.49310000   0.00657700  -0.00657700   0.01480000  -0.01480000   0.01914000  -0.01914000   0.01511000  -0.01511000   0.12360000  -0.12360000   0.00971300  -0.00971300   0.24530000  -0.24530000   0.01109000  -0.01109000   0.12510000  -0.12510000 
 -2.37710000   0.00824000  -0.00824000   0.01673000  -0.01673000   0.01150000  -0.01150000   0.01798000  -0.01798000   0.18370000  -0.18370000   0.00501500  -0.00501500   0.33600000  -0.33600000   0.00587700  -0.00587700   0.18300000  -0.18300000 
 -2.26110000   0.00852800  -0.00852800   0.01667000  -0.01667000   0.00686900  -0.00686900   0.01810000  -0.01810000   0.20590000  -0.20590000   0.00274800  -0.00274800   0.34170000  -0.34170000   0.00326500  -0.00326500   0.20270000  -0.20270000 
 -2.14510000   0.00830600  -0.00830600   0.01532000  -0.01532000   0.00335600  -0.00335600   0.01653000  -0.01653000   0.19850000  -0.19850000   0.00151200  -0.00151200   0.29830000  -0.29830000   0.00175500  -0.00175500   0.19430000  -0.19430000 
 -2.02910000   0.00780600  -0.00780600   0.01253000  -0.01253000   0.00150100  -0.00150100   0.01333000  -0.01333000   0.17750000  -0.17750000   0.00091070  -0.00091070   0.25160000  -0.25160000   0.00102100  -0.00102100   0.17410000  -0.17410000 
 -1.91410000   0.00679600  -0.00679600   0.00829300  -0.00829300   0.00079850  -0.00079850   0.00871400  -0.00871400   0.14750000  -0.14750000   0.00059470  -0.00059470   0.20480000  -0.20480000   0.00068000  -0.00068000   0.14580000  -0.14580000 
 -1.79810000   0.00543700  -0.00543700   0.00448900  -0.00448900   0.00059570  -0.00059570   0.00471900  -0.00471900   0.11920000  -0.11920000   0.00039440  -0.00039440   0.14930000  -0.14930000   0.00047090  -0.00047090   0.11960000  -0.11960000 
 -1.68210000   0.00386800  -0.00386800   0.00208400  -0.00208400   0.00066110  -0.00066110   0.00221200  -0.00221200   0.08540000  -0.08540000   0.00031190  -0.00031190   0.09040000  -0.09040000   0.00036340  -0.00036340   0.08685000  -0.08685000 
 -1.56610000   0.00249800  -0.00249800   0.00080870  -0.00080870   0.00073620  -0.00073620   0.00086600  -0.00086600   0.04751000  -0.04751000   0.00025270  -0.00025270   0.04851000  -0.04851000   0.00028190  -0.00028190   0.04866000  -0.04866000 
 -1.45110000   0.00167000  -0.00167000   0.00026110  -0.00026110   0.00067060  -0.00067060   0.00028140  -0.00028140   0.02006000  -0.02006000   0.00015530  -0.00015530   0.02939000  -0.02939000   0.00017160  -0.00017160   0.02059000  -0.02059000 
 -1.33510000   0.00142600  -0.00142600   0.00007788  -0.00007788   0.00060470  -0.00060470   0.00008268  -0.00008268   0.00654300  -0.00654300   0.00006811  -0.00006811   0.02550000  -0.02550000   0.00007835  -0.00007835   0.00672600  -0.00672600 
 -1.21910000   0.00136200  -0.00136200   0.00002912  -0.00002912   0.00055960  -0.00055960   0.00002903  -0.00002903   0.00187500  -0.00187500   0.00002409  -0.00002409   0.02511000  -0.02511000   0.00003248  -0.00003248   0.00194100  -0.00194100 
 -1.10310000   0.00095410  -0.00095410   0.00001323  -0.00001323   0.00038340  -0.00038340   0.00001269  -0.00001269   0.00058670  -0.00058670   0.00000826  -0.00000826   0.01787000  -0.01787000   0.00001434  -0.00001434   0.00061020  -0.00061020 
 -0.98810000   0.00040930  -0.00040930   0.00000436  -0.00000436   0.00016160  -0.00016160   0.00000420  -0.00000420   0.00016530  -0.00016530   0.00000257  -0.00000257   0.00777400  -0.00777400   0.00000544  -0.00000544   0.00017040  -0.00017040 
 -0.87210000   0.00010520  -0.00010520   0.00000081  -0.00000081   0.00004074  -0.00004074   0.00000080  -0.00000080   0.00002986  -0.00002986   0.00000057  -0.00000057   0.00202800  -0.00202800   0.00000140  -0.00000140   0.00003032  -0.00003032 
 -0.75610000   0.00001618  -0.00001618   0.00000008  -0.00000008   0.00000615  -0.00000615   0.00000008  -0.00000008   0.00000301  -0.00000301   0.00000008  -0.00000008   0.00031660  -0.00031660   0.00000022  -0.00000022   0.00000301  -0.00000301 
 -0.64010000   0.00000146  -0.00000146   0.00000000  -0.00000000   0.00000055  -0.00000055   0.00000001  -0.00000001   0.00000022  -0.00000022   0.00000001  -0.00000001   0.00002899  -0.00002899   0.00000003  -0.00000003   0.00000019  -0.00000019 
 -0.52510000   0.00000010  -0.00000010   0.00000002  -0.00000002   0.00000004  -0.00000004   0.00000004  -0.00000004   0.00000251  -0.00000251   0.00000009  -0.00000009   0.00000222  -0.00000222   0.00000023  -0.00000023   0.00000116  -0.00000116 
 -0.40910000   0.00000088  -0.00000088   0.00000052  -0.00000052   0.00000039  -0.00000039   0.00000087  -0.00000087   0.00006235  -0.00006236   0.00000248  -0.00000248   0.00002246  -0.00002247   0.00000627  -0.00000628   0.00002794  -0.00002794 
 -0.29310000   0.00001519  -0.00001519   0.00000686  -0.00000686   0.00000552  -0.00000552   0.00001179  -0.00001179   0.00084540  -0.00084550   0.00003725  -0.00003726   0.00038040  -0.00038050   0.00009430  -0.00009432   0.00036810  -0.00036810 
 -0.17710000   0.00014340  -0.00014340   0.00005130  -0.00005130   0.00004335  -0.00004336   0.00008836  -0.00008836   0.00631600  -0.00631600   0.00030840  -0.00030850   0.00356700  -0.00356800   0.00078140  -0.00078150   0.00272100  -0.00272100 
 -0.06210000   0.00076150  -0.00076150   0.00023950  -0.00023950   0.00018870  -0.00018870   0.00038270  -0.00038270   0.02648000  -0.02648000   0.00142900  -0.00142900   0.01934000  -0.01934000   0.00360600  -0.00360700   0.01195000  -0.01195000 
  0.05390000   0.00246500  -0.00246500   0.00079060  -0.00079060   0.00046140  -0.00046150   0.00103800  -0.00103800   0.06477000  -0.06477000   0.00384900  -0.00385000   0.06612000  -0.06612000   0.00956700  -0.00956800   0.03461000  -0.03461000 
  0.16990000   0.00548000  -0.00548000   0.00199700  -0.00199700   0.00066470  -0.00066470   0.00203700  -0.00203700   0.10190000  -0.10190000   0.00670600  -0.00670600   0.15890000  -0.15890000   0.01603000  -0.01603000   0.07493000  -0.07493000 
  0.28590000   0.00905200  -0.00905200   0.00384700  -0.00384700   0.00065760  -0.00065760   0.00337400  -0.00337400   0.12940000  -0.12940000   0.00950800  -0.00950800   0.28330000  -0.28330000   0.02105000  -0.02105000   0.13280000  -0.13280000 
  0.40090000   0.01113000  -0.01113000   0.00579600  -0.00579600   0.00062450  -0.00062450   0.00508800  -0.00508800   0.18200000  -0.18200000   0.01405000  -0.01405000   0.37400000  -0.37400000   0.02734000  -0.02734000   0.21040000  -0.21040000 
  0.51690000   0.01091000  -0.01091000   0.00749000  -0.00749000   0.00072180  -0.00072170   0.00697600  -0.00697600   0.29140000  -0.29140000   0.02253000  -0.02253000   0.38020000  -0.38020000   0.03487000  -0.03486000   0.31930000  -0.31930000 
  0.63290000   0.01053000  -0.01053000   0.00880100  -0.00880100   0.00092860  -0.00092850   0.00841700  -0.00841700   0.41280000  -0.41280000   0.03726000  -0.03726000   0.33680000  -0.33680000   0.04167000  -0.04167000   0.42730000  -0.42730000 
  0.74890000   0.01178000  -0.01178000   0.00923000  -0.00923000   0.00121300  -0.00121300   0.00871800  -0.00871800   0.45350000  -0.45350000   0.06280000  -0.06280000   0.31870000  -0.31870000   0.05368000  -0.05368000   0.45390000  -0.45390000 
  0.86390000   0.01436000  -0.01436000   0.00869900  -0.00869900   0.00155600  -0.00155600   0.00804700  -0.00804700   0.40820000  -0.40820000   0.10200000  -0.10200000   0.35000000  -0.35000000   0.08120000  -0.08120000   0.40060000  -0.40060000 
  0.97990000   0.01632000  -0.01632000   0.00838200  -0.00838200   0.00190900  -0.00190900   0.00770000  -0.00770000   0.34900000  -0.34900000   0.14280000  -0.14280000   0.37000000  -0.37000000   0.12340000  -0.12340000   0.34200000  -0.34200000 
  1.09590000   0.01613000  -0.01613000   0.00885000  -0.00885000   0.00246000  -0.00246000   0.00826800  -0.00826800   0.30950000  -0.30950000   0.17370000  -0.17370000   0.32640000  -0.32640000   0.17130000  -0.17130000   0.30680000  -0.30680000 
  1.21190000   0.01364000  -0.01364000   0.00879500  -0.00879500   0.00357400  -0.00357400   0.00854000  -0.00854000   0.26670000  -0.26670000   0.20690000  -0.20690000   0.23510000  -0.23510000   0.21950000  -0.21950000   0.26800000  -0.26800000 
  1.32690000   0.00937700  -0.00937700   0.00744400  -0.00744400   0.00448400  -0.00448400   0.00755700  -0.00755700   0.20140000  -0.20140000   0.22310000  -0.22310000   0.13900000  -0.13900000   0.23580000  -0.23580000   0.20450000  -0.20450000 
  1.44290000   0.00539300  -0.00539300   0.00573500  -0.00573500   0.00430700  -0.00430700   0.00601900  -0.00601900   0.13960000  -0.13960000   0.19510000  -0.19510000   0.06970000  -0.06970000   0.19990000  -0.19990000   0.14120000  -0.14120000 
  1.55890000   0.00340300  -0.00340300   0.00469100  -0.00469100   0.00439400  -0.00439400   0.00502000  -0.00502000   0.10640000  -0.10640000   0.18100000  -0.18100000   0.03288000  -0.03288000   0.17780000  -0.17780000   0.10810000  -0.10810000 
  1.67490000   0.00263300  -0.00263300   0.00407500  -0.00407500   0.00531500  -0.00531500   0.00440500  -0.00440500   0.08825000  -0.08824000   0.21070000  -0.21070000   0.01806000  -0.01806000   0.20110000  -0.20110000   0.09203000  -0.09203000 
  1.78990000   0.00175800  -0.00175800   0.00315500  -0.00315500   0.00511700  -0.00511700   0.00338000  -0.00338000   0.06535000  -0.06535000   0.21080000  -0.21080000   0.01115000  -0.01115000   0.20040000  -0.20040000   0.06913000  -0.06913000 
  1.90590000   0.00090610  -0.00090610   0.00210200  -0.00210200   0.00370400  -0.00370400   0.00218400  -0.00218400   0.04173000  -0.04173000   0.17090000  -0.17090000   0.00597800  -0.00597700   0.16320000  -0.16320000   0.04342000  -0.04342000 
  2.02190000   0.00051490  -0.00051490   0.00125300  -0.00125300   0.00319400  -0.00319400   0.00129500  -0.00129500   0.02252000  -0.02252000   0.16720000  -0.16720000   0.00372200  -0.00372200   0.16270000  -0.16270000   0.02274000  -0.02274000 
  2.13790000   0.00039810  -0.00039800   0.00070640  -0.00070600   0.00345000  -0.00345000   0.00076340  -0.00076300   0.00942100  -0.00941900   0.19040000  -0.19040000   0.00370800  -0.00370400   0.19160000  -0.19160000   0.00927500  -0.00927400 
  2.25390000   0.00030230  -0.00030090   0.00043530  -0.00043170   0.00295300  -0.00295400   0.00048190  -0.00047920   0.00336900  -0.00335700   0.18950000  -0.18940000   0.00346000  -0.00343300   0.19450000  -0.19460000   0.00327900  -0.00326400 
  2.36890000   0.00025380  -0.00024340   0.00036390  -0.00034660   0.00212100  -0.00212700   0.00039060  -0.00037800   0.00157300  -0.00151900   0.19910000  -0.19890000   0.00281900  -0.00270500   0.20390000  -0.20470000   0.00153600  -0.00146500 
  2.48490000   0.00029000  -0.00025420   0.00043330  -0.00038900   0.00173800  -0.00176200   0.00044780  -0.00041560   0.00132300  -0.00118600   0.22450000  -0.22520000   0.00272200  -0.00245600   0.23130000  -0.23520000   0.00134800  -0.00116800 
  2.60090000   0.00029800  -0.00023580   0.00045740  -0.00039810   0.00133700  -0.00140300   0.00045240  -0.00040810   0.00119800  -0.00101400   0.19840000  -0.20370000   0.00251300  -0.00220300   0.20850000  -0.21820000   0.00133200  -0.00108900 
  2.71690000   0.00020480  -0.00014960   0.00032080  -0.00028150   0.00071860  -0.00081660   0.00030010  -0.00026900   0.00075770  -0.00063290   0.11890000  -0.12990000   0.00160200  -0.00145300   0.12870000  -0.14200000   0.00092320  -0.00075450 
  2.83190000   0.00008706  -0.00006216   0.00014000  -0.00012910   0.00025550  -0.00033180   0.00012330  -0.00011330   0.00030190  -0.00026370   0.04695000  -0.05744000   0.00064880  -0.00065450   0.05307000  -0.06292000   0.00040150  -0.00034670 
  2.94790000   0.00002222  -0.00001672   0.00003714  -0.00003721   0.00006091  -0.00009205   0.00003084  -0.00003011   0.00007423  -0.00007130   0.01195000  -0.01690000   0.00016450  -0.00019350   0.01421000  -0.01819000   0.00010720  -0.00010230 
  3.06390000   0.00000332  -0.00000279   0.00000583  -0.00000644   0.00000944  -0.00001612   0.00000459  -0.00000488   0.00001104  -0.00001189   0.00187100  -0.00307400   0.00002538  -0.00003492   0.00234300  -0.00321500   0.00001718  -0.00001849 
  3.17990000   0.00000028  -0.00000027   0.00000053  -0.00000064   0.00000088  -0.00000164   0.00000039  -0.00000046   0.00000096  -0.00000115   0.00017140  -0.00032290   0.00000228  -0.00000359   0.00022460  -0.00032740   0.00000160  -0.00000195 
  3.29490000   0.00000001  -0.00000001   0.00000003  -0.00000004   0.00000005  -0.00000009   0.00000002  -0.00000002   0.00000005  -0.00000006   0.00000879  -0.00001873   0.00000011  -0.00000020   0.00001198  -0.00001846   0.00000008  -0.00000011 
  3.41090000   0.00000000  -0.00000000   0.00000000  -0.00000000   0.00000000  -0.00000000   0.00000000  -0.00000000   0.00000000  -0.00000000   0.00000024  -0.00000059   0.00000000  -0.00000001   0.00000035  -0.00000056   0.00000000  -0.00000000 
  3.52690000   0.00000000  -0.00000000   0.00000000  -0.00000000   0.00000000  -0.00000000   0.00000000  -0.00000000   0.00000000  -0.00000000   0.00000000  -0.00000001   0.00000000  -0.00000000   0.00000001  -0.00000001   0.00000000  -0.00000000 
  3.64290000   0.00000000  -0.00000000   0.00000000  -0.00000000   0.00000000  -0.00000000   0.00000000  -0.00000000   0.00000000  -0.00000000   0.00000000  -0.00000000   0.00000000  -0.00000000   0.00000000  -0.00000000   0.00000000  -0.00000000 
  3.75790000   0.00000000  -0.00000000   0.00000000  -0.00000000   0.00000000  -0.00000000   0.00000000  -0.00000000   0.00000000  -0.00000000   0.00000000  -0.00000000   0.00000000  -0.00000000   0.00000000  -0.00000000   0.00000000  -0.00000000 
  3.87390000   0.00000000  -0.00000000   0.00000000  -0.00000000   0.00000000  -0.00000000   0.00000000  -0.00000000   0.00000000  -0.00000000   0.00000000  -0.00000000   0.00000000  -0.00000000   0.00000000  -0.00000000   0.00000000  -0.00000000 
  3.98990000   0.00000000  -0.00000000   0.00000000  -0.00000000   0.00000000  -0.00000000   0.00000000  -0.00000000   0.00000000  -0.00000000   0.00000000  -0.00000000   0.00000000  -0.00000000   0.00000000  -0.00000000   0.00000000  -0.00000000 
  4.10590000   0.00000000  -0.00000000   0.00000000  -0.00000000   0.00000000  -0.00000000   0.00000000  -0.00000000   0.00000000  -0.00000000   0.00000000  -0.00000000   0.00000000  -0.00000000   0.00000000  -0.00000000   0.00000000  -0.00000000 
  4.22090000   0.00000000  -0.00000000   0.00000000  -0.00000000   0.00000000  -0.00000000   0.00000000  -0.00000000   0.00000000  -0.00000000   0.00000000  -0.00000000   0.00000000  -0.00000000   0.00000000  -0.00000000   0.00000000  -0.00000000 
  4.33690000   0.00000000  -0.00000000   0.00000000  -0.00000000   0.00000000  -0.00000000   0.00000000  -0.00000000   0.00000000  -0.00000000   0.00000000  -0.00000000   0.00000000  -0.00000000   0.00000000  -0.00000000   0.00000000  -0.00000000 
  4.45290000   0.00000000  -0.00000000   0.00000000  -0.00000000   0.00000000  -0.00000000   0.00000000  -0.00000000   0.00000000  -0.00000000   0.00000000  -0.00000000   0.00000000  -0.00000000   0.00000000  -0.00000000   0.00000000  -0.00000000 
  4.56890000   0.00000000  -0.00000000   0.00000000  -0.00000000   0.00000000  -0.00000000   0.00000000  -0.00000000   0.00000000  -0.00000000   0.00000000  -0.00000000   0.00000000  -0.00000000   0.00000000  -0.00000000   0.00000000  -0.00000000 
  4.68390000   0.00000000  -0.00000000   0.00000000  -0.00000000   0.00000000  -0.00000000   0.00000000  -0.00000000   0.00000000  -0.00000000   0.00000000  -0.00000000   0.00000000  -0.00000000   0.00000000  -0.00000000   0.00000000  -0.00000000 
