-29.30200000   0.00000000  -0.00000000   0.00000000  -0.00000000 
-29.18700000   0.00000000  -0.00000000   0.00000000  -0.00000000 
-29.07200000   0.00000000  -0.00000000   0.00000000  -0.00000000 
-28.95700000   0.00000000  -0.00000000   0.00000000  -0.00000000 
-28.84200000   0.00000000  -0.00000000   0.00000000  -0.00000000 
-28.72700000   0.00000000  -0.00000000   0.00000000  -0.00000000 
-28.61200000   0.00000000  -0.00000000   0.00000000  -0.00000000 
-28.49700000   0.00000000  -0.00000000   0.00000000  -0.00000000 
-28.38200000   0.00000000  -0.00000000   0.00000000  -0.00000000 
-28.26700000   0.00000000  -0.00000000   0.00000000  -0.00000000 
-28.15200000   0.00000001  -0.00000000   0.00000000  -0.00000000 
-28.03700000   0.00000086  -0.00000000   0.00000010  -0.00000000 
-27.92200000   0.00004929  -0.00000024   0.00000577  -0.00000003 
-27.80700000   0.00148300  -0.00001650   0.00017630  -0.00000193 
-27.69200000   0.02359000  -0.00059670   0.00288800  -0.00007054 
-27.57700000   0.19890000  -0.01139000   0.02575000  -0.00138000 
-27.46200000   0.89230000  -0.11510000   0.12830000  -0.01462000 
-27.34700000   2.13700000  -0.61880000   0.37400000  -0.08577000 
-27.23200000   2.73600000  -1.77400000   0.68860000  -0.28970000 
-27.11700000   1.87400000  -2.71700000   0.90400000  -0.60210000 
-27.00200000   0.68610000  -2.22700000   0.98290000  -0.85810000 
-26.88700000   0.13400000  -0.97580000   0.99830000  -0.97030000 
-26.77200000   0.01392000  -0.22830000   0.99990000  -0.99650000 
-26.65700000   0.00076580  -0.02842000   1.00000000  -0.99980000 
-26.54200000   0.00002225  -0.00187700   1.00000000  -1.00000000 
-26.42700000   0.00000034  -0.00006552   1.00000000  -1.00000000 
-26.31200000   0.00000000  -0.00000120   1.00000000  -1.00000000 
-26.19700000   0.00000000  -0.00000001   1.00000000  -1.00000000 
-26.08200000   0.00000000  -0.00000000   1.00000000  -1.00000000 
-25.96700000   0.00000000  -0.00000000   1.00000000  -1.00000000 
-25.85200000   0.00000000  -0.00000000   1.00000000  -1.00000000 
-25.73700000   0.00000000  -0.00000000   1.00000000  -1.00000000 
-25.62200000   0.00000000  -0.00000000   1.00000000  -1.00000000 
-25.50800000   0.00000000  -0.00000000   1.00000000  -1.00000000 
-25.39300000   0.00000000  -0.00000000   1.00000000  -1.00000000 
-25.27800000   0.00000000  -0.00000000   1.00000000  -1.00000000 
-25.16300000   0.00000000  -0.00000000   1.00000000  -1.00000000 
-25.04800000   0.00000000  -0.00000000   1.00000000  -1.00000000 
-24.93300000   0.00000000  -0.00000000   1.00000000  -1.00000000 
-24.81800000   0.00000000  -0.00000000   1.00000000  -1.00000000 
-24.70300000   0.00000000  -0.00000000   1.00000000  -1.00000000 
-24.58800000   0.00000000  -0.00000000   1.00000000  -1.00000000 
-24.47300000   0.00000000  -0.00000000   1.00000000  -1.00000000 
-24.35800000   0.00000000  -0.00000000   1.00000000  -1.00000000 
-24.24300000   0.00000000  -0.00000000   1.00000000  -1.00000000 
-24.12800000   0.00000000  -0.00000000   1.00000000  -1.00000000 
-24.01300000   0.00000000  -0.00000000   1.00000000  -1.00000000 
-23.89800000   0.00000000  -0.00000000   1.00000000  -1.00000000 
-23.78300000   0.00000000  -0.00000000   1.00000000  -1.00000000 
-23.66800000   0.00000000  -0.00000000   1.00000000  -1.00000000 
-23.55300000   0.00000000  -0.00000000   1.00000000  -1.00000000 
-23.43800000   0.00000000  -0.00000000   1.00000000  -1.00000000 
-23.32300000   0.00000000  -0.00000000   1.00000000  -1.00000000 
-23.20800000   0.00000000  -0.00000000   1.00000000  -1.00000000 
-23.09300000   0.00000000  -0.00000000   1.00000000  -1.00000000 
-22.97800000   0.00000000  -0.00000000   1.00000000  -1.00000000 
-22.86300000   0.00000000  -0.00000000   1.00000000  -1.00000000 
-22.74800000   0.00000000  -0.00000000   1.00000000  -1.00000000 
-22.63300000   0.00000000  -0.00000000   1.00000000  -1.00000000 
-22.51800000   0.00000000  -0.00000000   1.00000000  -1.00000000 
-22.40300000   0.00000000  -0.00000000   1.00000000  -1.00000000 
-22.28800000   0.00000000  -0.00000000   1.00000000  -1.00000000 
-22.17300000   0.00000000  -0.00000000   1.00000000  -1.00000000 
-22.05800000   0.00000000  -0.00000000   1.00000000  -1.00000000 
-21.94300000   0.00000000  -0.00000000   1.00000000  -1.00000000 
-21.82800000   0.00000000  -0.00000000   1.00000000  -1.00000000 
-21.71300000   0.00000000  -0.00000000   1.00000000  -1.00000000 
-21.59800000   0.00000000  -0.00000000   1.00000000  -1.00000000 
-21.48300000   0.00000000  -0.00000000   1.00000000  -1.00000000 
-21.36800000   0.00000000  -0.00000000   1.00000000  -1.00000000 
-21.25300000   0.00000000  -0.00000000   1.00000000  -1.00000000 
-21.13800000   0.00000000  -0.00000000   1.00000000  -1.00000000 
-21.02300000   0.00000000  -0.00000000   1.00000000  -1.00000000 
-20.90900000   0.00000000  -0.00000000   1.00000000  -1.00000000 
-20.79400000   0.00000000  -0.00000000   1.00000000  -1.00000000 
-20.67900000   0.00000000  -0.00000000   1.00000000  -1.00000000 
-20.56400000   0.00000000  -0.00000000   1.00000000  -1.00000000 
-20.44900000   0.00000006  -0.00000002   1.00000000  -1.00000000 
-20.33400000   0.00000520  -0.00000211   1.00000000  -1.00000000 
-20.21900000   0.00022610  -0.00010540   1.00000000  -1.00000000 
-20.10400000   0.00518800  -0.00277800   1.00100000  -1.00000000 
-19.98900000   0.06299000  -0.03871000   1.00800000  -1.00500000 
-19.87400000   0.40620000  -0.28620000   1.05500000  -1.03800000 
-19.75900000   1.39600000  -1.12700000   1.21500000  -1.16700000 
-19.64400000   2.56100000  -2.36800000   1.51000000  -1.44000000 
-19.52900000   2.51500000  -2.66200000   1.79900000  -1.74600000 
-19.41400000   1.32100000  -1.60100000   1.95100000  -1.93000000 
-19.29900000   0.37050000  -0.51460000   1.99300000  -1.98900000 
-19.18400000   0.05536000  -0.08816000   1.99900000  -1.99900000 
-19.06900000   0.00439300  -0.00802600   2.00000000  -2.00000000 
-18.95400000   0.00018440  -0.00038690   2.00000000  -2.00000000 
-18.83900000   0.00000408  -0.00000984   2.00000000  -2.00000000 
-18.72400000   0.00000005  -0.00000013   2.00000000  -2.00000000 
-18.60900000   0.00000000  -0.00000000   2.00000000  -2.00000000 
-18.49400000   0.00000000  -0.00000000   2.00000000  -2.00000000 
-18.37900000   0.00000000  -0.00000000   2.00000000  -2.00000000 
-18.26400000   0.00000000  -0.00000000   2.00000000  -2.00000000 
-18.14900000   0.00000000  -0.00000000   2.00000000  -2.00000000 
-18.03400000   0.00000000  -0.00000000   2.00000000  -2.00000000 
-17.91900000   0.00000000  -0.00000000   2.00000000  -2.00000000 
-17.80400000   0.00000002  -0.00000000   2.00000000  -2.00000000 
-17.68900000   0.00000207  -0.00000027   2.00000000  -2.00000000 
-17.57400000   0.00010770  -0.00002012   2.00000000  -2.00000000 
-17.45900000   0.00299000  -0.00078120   2.00000000  -2.00000000 
-17.34400000   0.04465000  -0.01606000   2.00500000  -2.00200000 
-17.22900000   0.36160000  -0.17530000   2.04700000  -2.02200000 
-17.11400000   1.60300000  -1.02000000   2.23100000  -2.13900000 
-16.99900000   3.92100000  -3.17600000   2.68200000  -2.50500000 
-16.88400000   5.32200000  -5.30100000   3.29400000  -3.11400000 
-16.76900000   4.01600000  -4.74900000   3.75600000  -3.66000000 
-16.65400000   1.68200000  -2.28300000   3.94900000  -3.92200000 
-16.53900000   0.38860000  -0.58790000   3.99400000  -3.99000000 
-16.42500000   0.04918000  -0.08089000   4.00000000  -3.99900000 
-16.31000000   0.00337700  -0.00592700   4.00000000  -4.00000000 
-16.19500000   0.00012490  -0.00023040   4.00000000  -4.00000000 
-16.08000000   0.00001048  -0.00000473   4.00000000  -4.00000000 
-15.96500000   0.00032580  -0.00000005   4.00000000  -4.00000000 
-15.85000000   0.00698300  -0.00000039   4.00100000  -4.00000000 
-15.73500000   0.07923000  -0.00002474   4.01000000  -4.00000000 
-15.62000000   0.47760000  -0.00083650   4.06500000  -4.00000000 
-15.50500000   1.53400000  -0.01494000   4.24100000  -4.00200000 
-15.39000000   2.63400000  -0.14130000   4.54400000  -4.01800000 
-15.27500000   2.41900000  -0.71130000   4.82200000  -4.10000000 
-15.16000000   1.18800000  -1.90900000   4.95900000  -4.31900000 
-15.04500000   0.31160000  -2.74000000   4.99500000  -4.63400000 
-14.93000000   0.04352000  -2.10400000   5.00000000  -4.87600000 
-14.81500000   0.00322700  -0.86350000   5.00000000  -4.97600000 
-14.70000000   0.00014300  -0.18910000   5.00000000  -4.99700000 
-14.58500000   0.00059750  -0.02207000   5.00000000  -5.00000000 
-14.47000000   0.01136000  -0.00218300   5.00100000  -5.00000000 
-14.35500000   0.11490000  -0.01476000   5.01500000  -5.00200000 
-14.24000000   0.61800000  -0.13980000   5.08600000  -5.01800000 
-14.12500000   1.77200000  -0.70600000   5.28900000  -5.09900000 
-14.01000000   2.71800000  -1.90300000   5.60200000  -5.31800000 
-13.89500000   2.25400000  -2.75900000   5.86100000  -5.63500000 
-13.78000000   1.19400000  -2.28600000   5.99800000  -5.89800000 
-13.66500000   1.17500000  -1.69000000   6.13400000  -6.09200000 
-13.55000000   2.22400000  -2.24300000   6.38900000  -6.35000000 
-13.43500000   2.72700000  -2.76600000   6.70300000  -6.66800000 
-13.32000000   1.80900000  -1.96400000   6.91100000  -6.89400000 
-13.20500000   0.64200000  -0.75080000   6.98500000  -6.98000000 
-13.09000000   0.12150000  -0.15320000   6.99900000  -6.99800000 
-12.97500000   0.01223000  -0.01662000   7.00000000  -7.00000000 
-12.86000000   0.00065190  -0.00095620   7.00000000  -7.00000000 
-12.74500000   0.00001979  -0.00002925   7.00000000  -7.00000000 
-12.63000000   0.00007666  -0.00001511   7.00000000  -7.00000000 
-12.51500000   0.00213000  -0.00054010   7.00000000  -7.00000000 
-12.40000000   0.03141000  -0.01051000   7.00400000  -7.00100000 
-12.28500000   0.24570000  -0.10830000   7.03200000  -7.01400000 
-12.17000000   1.02300000  -0.59340000   7.15000000  -7.08200000 
-12.05500000   2.27400000  -1.73400000   7.41100000  -7.28100000 
-11.94000000   2.70300000  -2.70700000   7.72200000  -7.59200000 
-11.82600000   1.71900000  -2.26100000   7.91900000  -7.85200000 
-11.71100000   0.58410000  -1.01000000   7.98700000  -7.96900000 
-11.59600000   0.10580000  -0.24080000   7.99900000  -7.99600000 
-11.48100000   0.01019000  -0.03057000   8.00000000  -8.00000000 
-11.36600000   0.00052010  -0.00205800   8.00000000  -8.00000000 
-11.25100000   0.00001412  -0.00007330   8.00000000  -8.00000000 
-11.13600000   0.00000935  -0.00000545   8.00000000  -8.00000000 
-11.02100000   0.00036410  -0.00018440   8.00000000  -8.00000000 
-10.90600000   0.00764200  -0.00439300   8.00100000  -8.00100000 
-10.79100000   0.08491000  -0.05536000   8.01100000  -8.00700000 
-10.67600000   0.50140000  -0.37050000   8.06800000  -8.04900000 
-10.56100000   1.58000000  -1.32100000   8.25000000  -8.20100000 
-10.44600000   2.68400000  -2.52900000   8.55900000  -8.49200000 
-10.33100000   2.63200000  -2.69500000   8.86100000  -8.80200000 
-10.21600000   2.17200000  -2.08100000   9.11100000  -9.04100000 
-10.10100000   2.56900000  -2.27900000   9.40600000  -9.30300000 
 -9.98600000   2.74300000  -2.79900000   9.72200000  -9.62500000 
 -9.87100000   1.72100000  -2.14300000   9.92000000  -9.87100000 
 -9.75600000   0.58360000  -0.89360000   9.98700000  -9.97400000 
 -9.64100000   0.10580000  -0.19930000   9.99900000  -9.99700000 
 -9.52600000   0.01191000  -0.02479000  10.00000000 -10.00000000 
 -9.41100000   0.02716000  -0.02077000  10.00000000 -10.00000000 
 -9.29600000   0.21770000  -0.17120000  10.03000000 -10.02000000 
 -9.18100000   0.94650000  -0.80860000  10.14000000 -10.12000000 
 -9.06600000   2.20200000  -2.04200000  10.39000000 -10.35000000 
 -8.95100000   2.79700000  -2.80700000  10.71000000 -10.67000000 
 -8.83600000   2.25500000  -2.38100000  10.97000000 -10.95000000 
 -8.72100000   2.11700000  -2.15100000  11.21000000 -11.19000000 
 -8.60600000   2.72700000  -2.71400000  11.53000000 -11.51000000 
 -8.49100000   2.47300000  -2.53700000  11.81000000 -11.80000000 
 -8.37600000   1.24400000  -1.32900000  11.96000000 -11.95000000 
 -8.26100000   0.33680000  -0.37400000  11.99000000 -11.99000000 
 -8.14600000   0.07010000  -0.05905000  12.00000000 -12.00000000 
 -8.03100000   0.19240000  -0.04555000  12.02000000 -12.01000000 
 -7.91600000   0.87180000  -0.30270000  12.12000000 -12.04000000 
 -7.80100000   2.21500000  -1.21400000  12.38000000 -12.18000000 
 -7.68600000   3.35900000  -2.77900000  12.77000000 -12.50000000 
 -7.57100000   3.69300000  -4.00900000  13.19000000 -12.96000000 
 -7.45600000   3.51000000  -4.17200000  13.59000000 -13.44000000 
 -7.34100000   2.84600000  -3.45400000  13.92000000 -13.84000000 
 -7.22700000   2.52400000  -2.86100000  14.21000000 -14.17000000 
 -7.11200000   2.86200000  -2.97000000  14.54000000 -14.51000000 
 -6.99700000   2.44900000  -2.56200000  14.82000000 -14.80000000 
 -6.88200000   1.19900000  -1.31000000  14.96000000 -14.95000000 
 -6.76700000   0.39260000  -0.40610000  15.00000000 -15.00000000 
 -6.65200000   0.52480000  -0.36860000  15.06000000 -15.04000000 
 -6.53700000   1.54400000  -1.20000000  15.24000000 -15.18000000 
 -6.42200000   2.63700000  -2.42500000  15.55000000 -15.46000000 
 -6.30700000   2.41400000  -2.63000000  15.82000000 -15.76000000 
 -6.19200000   1.18200000  -1.52600000  15.96000000 -15.94000000 
 -6.07700000   0.30900000  -0.47280000  15.99000000 -15.99000000 
 -5.96200000   0.04302000  -0.07811000  16.00000000 -16.00000000 
 -5.84700000   0.00317900  -0.00685500  16.00000000 -16.00000000 
 -5.73200000   0.00012430  -0.00031850  16.00000000 -16.00000000 
 -5.61700000   0.00000263  -0.00000781  16.00000000 -16.00000000 
 -5.50200000   0.00000559  -0.00000071  16.00000000 -16.00000000 
 -5.38700000   0.00024700  -0.00003981  16.00000000 -16.00000000 
 -5.27200000   0.00586300  -0.00137500  16.00000000 -16.00000000 
 -5.15700000   0.07506000  -0.02522000  16.01000000 -16.00000000 
 -5.04200000   0.52400000  -0.24630000  16.07000000 -16.03000000 
 -4.92700000   2.01800000  -1.28600000  16.30000000 -16.18000000 
 -4.81200000   4.33300000  -3.60200000  16.80000000 -16.59000000 
 -4.69700000   5.22500000  -5.42200000  17.40000000 -17.22000000 
 -4.58200000   3.54500000  -4.39200000  17.81000000 -17.72000000 
 -4.46700000   1.34800000  -1.91300000  17.96000000 -17.94000000 
 -4.35200000   0.28490000  -0.44740000  18.00000000 -17.99000000 
 -4.23700000   0.03308000  -0.05599000  18.00000000 -18.00000000 
 -4.12200000   0.00208600  -0.00373700  18.00000000 -18.00000000 
 -4.00700000   0.00007070  -0.00013250  18.00000000 -18.00000000 
 -3.89200000   0.00000128  -0.00000249  18.00000000 -18.00000000 
 -3.77700000   0.00000001  -0.00000002  18.00000000 -18.00000000 
 -3.66200000   0.00000000  -0.00000000  18.00000000 -18.00000000 
 -3.54700000   0.00000000  -0.00000000  18.00000000 -18.00000000 
 -3.43200000   0.00000000  -0.00000000  18.00000000 -18.00000000 
 -3.31700000   0.00000000  -0.00000000  18.00000000 -18.00000000 
 -3.20200000   0.00000000  -0.00000000  18.00000000 -18.00000000 
 -3.08700000   0.00000000  -0.00000000  18.00000000 -18.00000000 
 -2.97200000   0.00000000  -0.00000000  18.00000000 -18.00000000 
 -2.85700000   0.00000000  -0.00000000  18.00000000 -18.00000000 
 -2.74300000   0.00000000  -0.00000000  18.00000000 -18.00000000 
 -2.62800000   0.00000000  -0.00000000  18.00000000 -18.00000000 
 -2.51300000   0.00000000  -0.00000000  18.00000000 -18.00000000 
 -2.39800000   0.00000000  -0.00000000  18.00000000 -18.00000000 
 -2.28300000   0.00000000  -0.00000000  18.00000000 -18.00000000 
 -2.16800000   0.00000000  -0.00000000  18.00000000 -18.00000000 
 -2.05300000   0.00000000  -0.00000000  18.00000000 -18.00000000 
 -1.93800000   0.00000000  -0.00000000  18.00000000 -18.00000000 
 -1.82300000   0.00000000  -0.00000000  18.00000000 -18.00000000 
 -1.70800000   0.00000000  -0.00000000  18.00000000 -18.00000000 
 -1.59300000   0.00000000  -0.00000000  18.00000000 -18.00000000 
 -1.47800000   0.00000000  -0.00000000  18.00000000 -18.00000000 
 -1.36300000   0.00000000  -0.00000000  18.00000000 -18.00000000 
 -1.24800000   0.00000000  -0.00000000  18.00000000 -18.00000000 
 -1.13300000   0.00000000  -0.00000000  18.00000000 -18.00000000 
 -1.01800000   0.00000008  -0.00000000  18.00000000 -18.00000000 
 -0.90300000   0.00000644  -0.00000000  18.00000000 -18.00000000 
 -0.78800000   0.00027110  -0.00000000  18.00000000 -18.00000000 
 -0.67300000   0.00601300  -0.00000000  18.00000000 -18.00000000 
 -0.55800000   0.07061000  -0.00000000  18.01000000 -18.00000000 
 -0.44300000   0.44040000  -0.00000014  18.06000000 -18.00000000 
 -0.32800000   1.46400000  -0.00001144  18.23000000 -18.00000000 
 -0.21300000   2.60400000  -0.00048740  18.53000000 -18.00000000 
 -0.09800000   2.53200000  -0.01097000  18.82000000 -18.00000000 
  0.01700000   1.70700000  -0.13110000  19.01000000 -18.02000000 
  0.13200000   2.13900000  -0.83290000  19.26000000 -18.11000000 
  0.24700000   4.08300000  -2.82700000  19.73000000 -18.44000000 
  0.36200000   5.18000000  -5.13600000  20.33000000 -19.03000000 
  0.47700000   3.81900000  -5.01400000  20.76000000 -19.60000000 
  0.59200000   1.61000000  -2.74100000  20.95000000 -19.92000000 
  0.70700000   0.38270000  -1.40300000  20.99000000 -20.08000000 
  0.82200000   0.05135000  -1.96400000  21.00000000 -20.31000000 
  0.93700000   0.02059000  -2.74200000  21.00000000 -20.62000000 
  1.05200000   0.16350000  -2.15500000  21.02000000 -20.87000000 
  1.16700000   0.86640000  -0.92390000  21.12000000 -20.98000000 
  1.28200000   2.60000000  -0.35540000  21.42000000 -21.02000000 
  1.39700000   4.56300000  -0.76900000  21.94000000 -21.10000000 
  1.51200000   4.83500000  -1.95600000  22.50000000 -21.33000000 
  1.62700000   3.36800000  -2.74800000  22.89000000 -21.65000000 
  1.74200000   2.55400000  -2.11100000  23.18000000 -21.89000000 
  1.85600000   3.74200000  -1.17900000  23.61000000 -22.02000000 
  1.97100000   5.72500000  -1.52900000  24.27000000 -22.20000000 
  2.08600000   7.10300000  -3.14600000  25.09000000 -22.56000000 
  2.20100000   7.40000000  -5.28400000  25.94000000 -23.17000000 
  2.31600000   6.82200000  -7.74400000  26.72000000 -24.06000000 
  2.43100000   7.09700000  -9.23700000  27.54000000 -25.12000000 
  2.54600000   9.00800000  -8.50000000  28.57000000 -26.10000000 
  2.66100000  10.36000000  -7.44700000  29.76000000 -26.95000000 
  2.77600000  10.37000000  -8.20100000  30.96000000 -27.90000000 
  2.89100000   9.10900000  -9.62000000  32.00000000 -29.00000000 
  3.00600000   5.81500000  -9.92000000  32.67000000 -30.14000000 
  3.12100000   2.27500000  -9.77000000  32.93000000 -31.27000000 
  3.23600000   0.50480000  -8.34000000  32.99000000 -32.23000000 
  3.35100000   0.06159000  -4.77800000  33.00000000 -32.78000000 
  3.46600000   0.00406200  -1.60900000  33.00000000 -32.96000000 
  3.58100000   0.00014340  -0.30510000  33.00000000 -33.00000000 
  3.69600000   0.00000269  -0.03205000  33.00000000 -33.00000000 
  3.81100000   0.00000003  -0.00184300  33.00000000 -33.00000000 
  3.92600000   0.00000000  -0.00005740  33.00000000 -33.00000000 
  4.04100000   0.00000000  -0.00000096  33.00000000 -33.00000000 
  4.15600000   0.00000000  -0.00000001  33.00000000 -33.00000000 
  4.27100000   0.00000000  -0.00000000  33.00000000 -33.00000000 
  4.38600000   0.00000000  -0.00000000  33.00000000 -33.00000000 
  4.50100000   0.00000000  -0.00000000  33.00000000 -33.00000000 
  4.61600000   0.00000000  -0.00000000  33.00000000 -33.00000000 
  4.73100000   0.00000000  -0.00000000  33.00000000 -33.00000000 
  4.84600000   0.00000000  -0.00000000  33.00000000 -33.00000000 
  4.96100000   0.00000000  -0.00000000  33.00000000 -33.00000000 
  5.07600000   0.00000000  -0.00000000  33.00000000 -33.00000000 
  5.19100000   0.00000000  -0.00000000  33.00000000 -33.00000000 
