-29.30200000   0.00000000  -0.00000000   0.00000000  -0.00000000   0.00000000  -0.00000000   0.00000000  -0.00000000   0.00000000  -0.00000000   0.00000000  -0.00000000   0.00000000  -0.00000000   0.00000000  -0.00000000   0.00000000  -0.00000000 
-29.18700000   0.00000000  -0.00000000   0.00000000  -0.00000000   0.00000000  -0.00000000   0.00000000  -0.00000000   0.00000000  -0.00000000   0.00000000  -0.00000000   0.00000000  -0.00000000   0.00000000  -0.00000000   0.00000000  -0.00000000 
-29.07200000   0.00000000  -0.00000000   0.00000000  -0.00000000   0.00000000  -0.00000000   0.00000000  -0.00000000   0.00000000  -0.00000000   0.00000000  -0.00000000   0.00000000  -0.00000000   0.00000000  -0.00000000   0.00000000  -0.00000000 
-28.95700000   0.00000000  -0.00000000   0.00000000  -0.00000000   0.00000000  -0.00000000   0.00000000  -0.00000000   0.00000000  -0.00000000   0.00000000  -0.00000000   0.00000000  -0.00000000   0.00000000  -0.00000000   0.00000000  -0.00000000 
-28.84200000   0.00000000  -0.00000000   0.00000000  -0.00000000   0.00000000  -0.00000000   0.00000000  -0.00000000   0.00000000  -0.00000000   0.00000000  -0.00000000   0.00000000  -0.00000000   0.00000000  -0.00000000   0.00000000  -0.00000000 
-28.72700000   0.00000000  -0.00000000   0.00000000  -0.00000000   0.00000000  -0.00000000   0.00000000  -0.00000000   0.00000000  -0.00000000   0.00000000  -0.00000000   0.00000000  -0.00000000   0.00000000  -0.00000000   0.00000000  -0.00000000 
-28.61200000   0.00000000  -0.00000000   0.00000000  -0.00000000   0.00000000  -0.00000000   0.00000000  -0.00000000   0.00000000  -0.00000000   0.00000000  -0.00000000   0.00000000  -0.00000000   0.00000000  -0.00000000   0.00000000  -0.00000000 
-28.49700000   0.00000000  -0.00000000   0.00000000  -0.00000000   0.00000000  -0.00000000   0.00000000  -0.00000000   0.00000000  -0.00000000   0.00000000  -0.00000000   0.00000000  -0.00000000   0.00000000  -0.00000000   0.00000000  -0.00000000 
-28.38200000   0.00000000  -0.00000000   0.00000000  -0.00000000   0.00000000  -0.00000000   0.00000000  -0.00000000   0.00000000  -0.00000000   0.00000000  -0.00000000   0.00000000  -0.00000000   0.00000000  -0.00000000   0.00000000  -0.00000000 
-28.26700000   0.00000000  -0.00000000   0.00000000  -0.00000000   0.00000000  -0.00000000   0.00000000  -0.00000000   0.00000000  -0.00000000   0.00000000  -0.00000000   0.00000000  -0.00000000   0.00000000  -0.00000000   0.00000000  -0.00000000 
-28.15200000   0.00000000  -0.00000000   0.00000000  -0.00000000   0.00000000  -0.00000000   0.00000000  -0.00000000   0.00000000  -0.00000000   0.00000000  -0.00000000   0.00000000  -0.00000000   0.00000000  -0.00000000   0.00000000  -0.00000000 
-28.03700000   0.00000005  -0.00000000   0.00000000  -0.00000000   0.00000001  -0.00000000   0.00000000  -0.00000000   0.00000000  -0.00000000   0.00000000  -0.00000000   0.00000000  -0.00000000   0.00000000  -0.00000000   0.00000000  -0.00000000 
-27.92200000   0.00000283  -0.00000001   0.00000000  -0.00000000   0.00000048  -0.00000000   0.00000012  -0.00000000   0.00000000  -0.00000000   0.00000000  -0.00000000   0.00000000  -0.00000000   0.00000000  -0.00000000   0.00000000  -0.00000000 
-27.80700000   0.00008504  -0.00000091   0.00000000  -0.00000000   0.00001459  -0.00000017   0.00000348  -0.00000004   0.00000000  -0.00000000   0.00000000  -0.00000000   0.00000000  -0.00000000   0.00000000  -0.00000000   0.00000000  -0.00000000 
-27.69200000   0.00135200  -0.00003301   0.00000006  -0.00000000   0.00023200  -0.00000616   0.00005529  -0.00000144   0.00000000  -0.00000000   0.00000000  -0.00000000   0.00000000  -0.00000000   0.00000000  -0.00000000   0.00000000  -0.00000000 
-27.57700000   0.01140000  -0.00063000   0.00000047  -0.00000003   0.00195600  -0.00011760   0.00046620  -0.00002745   0.00000000  -0.00000000   0.00000000  -0.00000000   0.00000000  -0.00000000   0.00000000  -0.00000000   0.00000000  -0.00000000 
-27.46200000   0.05116000  -0.00636900   0.00000212  -0.00000028   0.00877600  -0.00118800   0.00209200  -0.00027750   0.00000000  -0.00000000   0.00000000  -0.00000000   0.00000000  -0.00000000   0.00000000  -0.00000000   0.00000000  -0.00000000 
-27.34700000   0.12250000  -0.03423000   0.00000508  -0.00000149   0.02102000  -0.00638800   0.00500900  -0.00149100   0.00000000  -0.00000000   0.00000000  -0.00000000   0.00000000  -0.00000000   0.00000000  -0.00000000   0.00000000  -0.00000000 
-27.23200000   0.15680000  -0.09811000   0.00000650  -0.00000427   0.02691000  -0.01831000   0.00641300  -0.00427400   0.00000000  -0.00000000   0.00000000  -0.00000000   0.00000000  -0.00000000   0.00000000  -0.00000000   0.00000000  -0.00000000 
-27.11700000   0.10740000  -0.15030000   0.00000445  -0.00000654   0.01843000  -0.02804000   0.00439300  -0.00654800   0.00000000  -0.00000000   0.00000000  -0.00000000   0.00000000  -0.00000000   0.00000000  -0.00000000   0.00000000  -0.00000000 
-27.00200000   0.03934000  -0.12320000   0.00000163  -0.00000536   0.00674800  -0.02298000   0.00160900  -0.00536600   0.00000000  -0.00000000   0.00000000  -0.00000000   0.00000000  -0.00000000   0.00000000  -0.00000000   0.00000000  -0.00000000 
-26.88700000   0.00768200  -0.05398000   0.00000032  -0.00000235   0.00131800  -0.01007000   0.00031410  -0.00235200   0.00000000  -0.00000000   0.00000000  -0.00000000   0.00000000  -0.00000000   0.00000000  -0.00000000   0.00000000  -0.00000000 
-26.77200000   0.00079780  -0.01263000   0.00000003  -0.00000055   0.00013690  -0.00235600   0.00003262  -0.00055010   0.00000000  -0.00000000   0.00000000  -0.00000000   0.00000000  -0.00000000   0.00000000  -0.00000000   0.00000000  -0.00000000 
-26.65700000   0.00004390  -0.00157200   0.00000000  -0.00000007   0.00000753  -0.00029340   0.00000179  -0.00006850   0.00000000  -0.00000000   0.00000000  -0.00000000   0.00000000  -0.00000000   0.00000000  -0.00000000   0.00000000  -0.00000000 
-26.54200000   0.00000128  -0.00010380   0.00000000  -0.00000000   0.00000022  -0.00001938   0.00000005  -0.00000452   0.00000000  -0.00000000   0.00000000  -0.00000000   0.00000000  -0.00000000   0.00000000  -0.00000000   0.00000000  -0.00000000 
-26.42700000   0.00000002  -0.00000362   0.00000000  -0.00000000   0.00000000  -0.00000068   0.00000000  -0.00000016   0.00000000  -0.00000000   0.00000000  -0.00000000   0.00000000  -0.00000000   0.00000000  -0.00000000   0.00000000  -0.00000000 
-26.31200000   0.00000000  -0.00000007   0.00000000  -0.00000000   0.00000000  -0.00000001   0.00000000  -0.00000000   0.00000000  -0.00000000   0.00000000  -0.00000000   0.00000000  -0.00000000   0.00000000  -0.00000000   0.00000000  -0.00000000 
-26.19700000   0.00000000  -0.00000000   0.00000000  -0.00000000   0.00000000  -0.00000000   0.00000000  -0.00000000   0.00000000  -0.00000000   0.00000000  -0.00000000   0.00000000  -0.00000000   0.00000000  -0.00000000   0.00000000  -0.00000000 
-26.08200000   0.00000000  -0.00000000   0.00000000  -0.00000000   0.00000000  -0.00000000   0.00000000  -0.00000000   0.00000000  -0.00000000   0.00000000  -0.00000000   0.00000000  -0.00000000   0.00000000  -0.00000000   0.00000000  -0.00000000 
-25.96700000   0.00000000  -0.00000000   0.00000000  -0.00000000   0.00000000  -0.00000000   0.00000000  -0.00000000   0.00000000  -0.00000000   0.00000000  -0.00000000   0.00000000  -0.00000000   0.00000000  -0.00000000   0.00000000  -0.00000000 
-25.85200000   0.00000000  -0.00000000   0.00000000  -0.00000000   0.00000000  -0.00000000   0.00000000  -0.00000000   0.00000000  -0.00000000   0.00000000  -0.00000000   0.00000000  -0.00000000   0.00000000  -0.00000000   0.00000000  -0.00000000 
-25.73700000   0.00000000  -0.00000000   0.00000000  -0.00000000   0.00000000  -0.00000000   0.00000000  -0.00000000   0.00000000  -0.00000000   0.00000000  -0.00000000   0.00000000  -0.00000000   0.00000000  -0.00000000   0.00000000  -0.00000000 
-25.62200000   0.00000000  -0.00000000   0.00000000  -0.00000000   0.00000000  -0.00000000   0.00000000  -0.00000000   0.00000000  -0.00000000   0.00000000  -0.00000000   0.00000000  -0.00000000   0.00000000  -0.00000000   0.00000000  -0.00000000 
-25.50800000   0.00000000  -0.00000000   0.00000000  -0.00000000   0.00000000  -0.00000000   0.00000000  -0.00000000   0.00000000  -0.00000000   0.00000000  -0.00000000   0.00000000  -0.00000000   0.00000000  -0.00000000   0.00000000  -0.00000000 
-25.39300000   0.00000000  -0.00000000   0.00000000  -0.00000000   0.00000000  -0.00000000   0.00000000  -0.00000000   0.00000000  -0.00000000   0.00000000  -0.00000000   0.00000000  -0.00000000   0.00000000  -0.00000000   0.00000000  -0.00000000 
-25.27800000   0.00000000  -0.00000000   0.00000000  -0.00000000   0.00000000  -0.00000000   0.00000000  -0.00000000   0.00000000  -0.00000000   0.00000000  -0.00000000   0.00000000  -0.00000000   0.00000000  -0.00000000   0.00000000  -0.00000000 
-25.16300000   0.00000000  -0.00000000   0.00000000  -0.00000000   0.00000000  -0.00000000   0.00000000  -0.00000000   0.00000000  -0.00000000   0.00000000  -0.00000000   0.00000000  -0.00000000   0.00000000  -0.00000000   0.00000000  -0.00000000 
-25.04800000   0.00000000  -0.00000000   0.00000000  -0.00000000   0.00000000  -0.00000000   0.00000000  -0.00000000   0.00000000  -0.00000000   0.00000000  -0.00000000   0.00000000  -0.00000000   0.00000000  -0.00000000   0.00000000  -0.00000000 
-24.93300000   0.00000000  -0.00000000   0.00000000  -0.00000000   0.00000000  -0.00000000   0.00000000  -0.00000000   0.00000000  -0.00000000   0.00000000  -0.00000000   0.00000000  -0.00000000   0.00000000  -0.00000000   0.00000000  -0.00000000 
-24.81800000   0.00000000  -0.00000000   0.00000000  -0.00000000   0.00000000  -0.00000000   0.00000000  -0.00000000   0.00000000  -0.00000000   0.00000000  -0.00000000   0.00000000  -0.00000000   0.00000000  -0.00000000   0.00000000  -0.00000000 
-24.70300000   0.00000000  -0.00000000   0.00000000  -0.00000000   0.00000000  -0.00000000   0.00000000  -0.00000000   0.00000000  -0.00000000   0.00000000  -0.00000000   0.00000000  -0.00000000   0.00000000  -0.00000000   0.00000000  -0.00000000 
-24.58800000   0.00000000  -0.00000000   0.00000000  -0.00000000   0.00000000  -0.00000000   0.00000000  -0.00000000   0.00000000  -0.00000000   0.00000000  -0.00000000   0.00000000  -0.00000000   0.00000000  -0.00000000   0.00000000  -0.00000000 
-24.47300000   0.00000000  -0.00000000   0.00000000  -0.00000000   0.00000000  -0.00000000   0.00000000  -0.00000000   0.00000000  -0.00000000   0.00000000  -0.00000000   0.00000000  -0.00000000   0.00000000  -0.00000000   0.00000000  -0.00000000 
-24.35800000   0.00000000  -0.00000000   0.00000000  -0.00000000   0.00000000  -0.00000000   0.00000000  -0.00000000   0.00000000  -0.00000000   0.00000000  -0.00000000   0.00000000  -0.00000000   0.00000000  -0.00000000   0.00000000  -0.00000000 
-24.24300000   0.00000000  -0.00000000   0.00000000  -0.00000000   0.00000000  -0.00000000   0.00000000  -0.00000000   0.00000000  -0.00000000   0.00000000  -0.00000000   0.00000000  -0.00000000   0.00000000  -0.00000000   0.00000000  -0.00000000 
-24.12800000   0.00000000  -0.00000000   0.00000000  -0.00000000   0.00000000  -0.00000000   0.00000000  -0.00000000   0.00000000  -0.00000000   0.00000000  -0.00000000   0.00000000  -0.00000000   0.00000000  -0.00000000   0.00000000  -0.00000000 
-24.01300000   0.00000000  -0.00000000   0.00000000  -0.00000000   0.00000000  -0.00000000   0.00000000  -0.00000000   0.00000000  -0.00000000   0.00000000  -0.00000000   0.00000000  -0.00000000   0.00000000  -0.00000000   0.00000000  -0.00000000 
-23.89800000   0.00000000  -0.00000000   0.00000000  -0.00000000   0.00000000  -0.00000000   0.00000000  -0.00000000   0.00000000  -0.00000000   0.00000000  -0.00000000   0.00000000  -0.00000000   0.00000000  -0.00000000   0.00000000  -0.00000000 
-23.78300000   0.00000000  -0.00000000   0.00000000  -0.00000000   0.00000000  -0.00000000   0.00000000  -0.00000000   0.00000000  -0.00000000   0.00000000  -0.00000000   0.00000000  -0.00000000   0.00000000  -0.00000000   0.00000000  -0.00000000 
-23.66800000   0.00000000  -0.00000000   0.00000000  -0.00000000   0.00000000  -0.00000000   0.00000000  -0.00000000   0.00000000  -0.00000000   0.00000000  -0.00000000   0.00000000  -0.00000000   0.00000000  -0.00000000   0.00000000  -0.00000000 
-23.55300000   0.00000000  -0.00000000   0.00000000  -0.00000000   0.00000000  -0.00000000   0.00000000  -0.00000000   0.00000000  -0.00000000   0.00000000  -0.00000000   0.00000000  -0.00000000   0.00000000  -0.00000000   0.00000000  -0.00000000 
-23.43800000   0.00000000  -0.00000000   0.00000000  -0.00000000   0.00000000  -0.00000000   0.00000000  -0.00000000   0.00000000  -0.00000000   0.00000000  -0.00000000   0.00000000  -0.00000000   0.00000000  -0.00000000   0.00000000  -0.00000000 
-23.32300000   0.00000000  -0.00000000   0.00000000  -0.00000000   0.00000000  -0.00000000   0.00000000  -0.00000000   0.00000000  -0.00000000   0.00000000  -0.00000000   0.00000000  -0.00000000   0.00000000  -0.00000000   0.00000000  -0.00000000 
-23.20800000   0.00000000  -0.00000000   0.00000000  -0.00000000   0.00000000  -0.00000000   0.00000000  -0.00000000   0.00000000  -0.00000000   0.00000000  -0.00000000   0.00000000  -0.00000000   0.00000000  -0.00000000   0.00000000  -0.00000000 
-23.09300000   0.00000000  -0.00000000   0.00000000  -0.00000000   0.00000000  -0.00000000   0.00000000  -0.00000000   0.00000000  -0.00000000   0.00000000  -0.00000000   0.00000000  -0.00000000   0.00000000  -0.00000000   0.00000000  -0.00000000 
-22.97800000   0.00000000  -0.00000000   0.00000000  -0.00000000   0.00000000  -0.00000000   0.00000000  -0.00000000   0.00000000  -0.00000000   0.00000000  -0.00000000   0.00000000  -0.00000000   0.00000000  -0.00000000   0.00000000  -0.00000000 
-22.86300000   0.00000000  -0.00000000   0.00000000  -0.00000000   0.00000000  -0.00000000   0.00000000  -0.00000000   0.00000000  -0.00000000   0.00000000  -0.00000000   0.00000000  -0.00000000   0.00000000  -0.00000000   0.00000000  -0.00000000 
-22.74800000   0.00000000  -0.00000000   0.00000000  -0.00000000   0.00000000  -0.00000000   0.00000000  -0.00000000   0.00000000  -0.00000000   0.00000000  -0.00000000   0.00000000  -0.00000000   0.00000000  -0.00000000   0.00000000  -0.00000000 
-22.63300000   0.00000000  -0.00000000   0.00000000  -0.00000000   0.00000000  -0.00000000   0.00000000  -0.00000000   0.00000000  -0.00000000   0.00000000  -0.00000000   0.00000000  -0.00000000   0.00000000  -0.00000000   0.00000000  -0.00000000 
-22.51800000   0.00000000  -0.00000000   0.00000000  -0.00000000   0.00000000  -0.00000000   0.00000000  -0.00000000   0.00000000  -0.00000000   0.00000000  -0.00000000   0.00000000  -0.00000000   0.00000000  -0.00000000   0.00000000  -0.00000000 
-22.40300000   0.00000000  -0.00000000   0.00000000  -0.00000000   0.00000000  -0.00000000   0.00000000  -0.00000000   0.00000000  -0.00000000   0.00000000  -0.00000000   0.00000000  -0.00000000   0.00000000  -0.00000000   0.00000000  -0.00000000 
-22.28800000   0.00000000  -0.00000000   0.00000000  -0.00000000   0.00000000  -0.00000000   0.00000000  -0.00000000   0.00000000  -0.00000000   0.00000000  -0.00000000   0.00000000  -0.00000000   0.00000000  -0.00000000   0.00000000  -0.00000000 
-22.17300000   0.00000000  -0.00000000   0.00000000  -0.00000000   0.00000000  -0.00000000   0.00000000  -0.00000000   0.00000000  -0.00000000   0.00000000  -0.00000000   0.00000000  -0.00000000   0.00000000  -0.00000000   0.00000000  -0.00000000 
-22.05800000   0.00000000  -0.00000000   0.00000000  -0.00000000   0.00000000  -0.00000000   0.00000000  -0.00000000   0.00000000  -0.00000000   0.00000000  -0.00000000   0.00000000  -0.00000000   0.00000000  -0.00000000   0.00000000  -0.00000000 
-21.94300000   0.00000000  -0.00000000   0.00000000  -0.00000000   0.00000000  -0.00000000   0.00000000  -0.00000000   0.00000000  -0.00000000   0.00000000  -0.00000000   0.00000000  -0.00000000   0.00000000  -0.00000000   0.00000000  -0.00000000 
-21.82800000   0.00000000  -0.00000000   0.00000000  -0.00000000   0.00000000  -0.00000000   0.00000000  -0.00000000   0.00000000  -0.00000000   0.00000000  -0.00000000   0.00000000  -0.00000000   0.00000000  -0.00000000   0.00000000  -0.00000000 
-21.71300000   0.00000000  -0.00000000   0.00000000  -0.00000000   0.00000000  -0.00000000   0.00000000  -0.00000000   0.00000000  -0.00000000   0.00000000  -0.00000000   0.00000000  -0.00000000   0.00000000  -0.00000000   0.00000000  -0.00000000 
-21.59800000   0.00000000  -0.00000000   0.00000000  -0.00000000   0.00000000  -0.00000000   0.00000000  -0.00000000   0.00000000  -0.00000000   0.00000000  -0.00000000   0.00000000  -0.00000000   0.00000000  -0.00000000   0.00000000  -0.00000000 
-21.48300000   0.00000000  -0.00000000   0.00000000  -0.00000000   0.00000000  -0.00000000   0.00000000  -0.00000000   0.00000000  -0.00000000   0.00000000  -0.00000000   0.00000000  -0.00000000   0.00000000  -0.00000000   0.00000000  -0.00000000 
-21.36800000   0.00000000  -0.00000000   0.00000000  -0.00000000   0.00000000  -0.00000000   0.00000000  -0.00000000   0.00000000  -0.00000000   0.00000000  -0.00000000   0.00000000  -0.00000000   0.00000000  -0.00000000   0.00000000  -0.00000000 
-21.25300000   0.00000000  -0.00000000   0.00000000  -0.00000000   0.00000000  -0.00000000   0.00000000  -0.00000000   0.00000000  -0.00000000   0.00000000  -0.00000000   0.00000000  -0.00000000   0.00000000  -0.00000000   0.00000000  -0.00000000 
-21.13800000   0.00000000  -0.00000000   0.00000000  -0.00000000   0.00000000  -0.00000000   0.00000000  -0.00000000   0.00000000  -0.00000000   0.00000000  -0.00000000   0.00000000  -0.00000000   0.00000000  -0.00000000   0.00000000  -0.00000000 
-21.02300000   0.00000000  -0.00000000   0.00000000  -0.00000000   0.00000000  -0.00000000   0.00000000  -0.00000000   0.00000000  -0.00000000   0.00000000  -0.00000000   0.00000000  -0.00000000   0.00000000  -0.00000000   0.00000000  -0.00000000 
-20.90900000   0.00000000  -0.00000000   0.00000000  -0.00000000   0.00000000  -0.00000000   0.00000000  -0.00000000   0.00000000  -0.00000000   0.00000000  -0.00000000   0.00000000  -0.00000000   0.00000000  -0.00000000   0.00000000  -0.00000000 
-20.79400000   0.00000000  -0.00000000   0.00000000  -0.00000000   0.00000000  -0.00000000   0.00000000  -0.00000000   0.00000000  -0.00000000   0.00000000  -0.00000000   0.00000000  -0.00000000   0.00000000  -0.00000000   0.00000000  -0.00000000 
-20.67900000   0.00000000  -0.00000000   0.00000000  -0.00000000   0.00000000  -0.00000000   0.00000000  -0.00000000   0.00000000  -0.00000000   0.00000000  -0.00000000   0.00000000  -0.00000000   0.00000000  -0.00000000   0.00000000  -0.00000000 
-20.56400000   0.00000000  -0.00000000   0.00000000  -0.00000000   0.00000000  -0.00000000   0.00000000  -0.00000000   0.00000000  -0.00000000   0.00000000  -0.00000000   0.00000000  -0.00000000   0.00000000  -0.00000000   0.00000000  -0.00000000 
-20.44900000   0.00000000  -0.00000000   0.00000000  -0.00000000   0.00000000  -0.00000000   0.00000000  -0.00000000   0.00000000  -0.00000000   0.00000000  -0.00000000   0.00000000  -0.00000000   0.00000000  -0.00000000   0.00000000  -0.00000000 
-20.33400000   0.00000002  -0.00000001   0.00000000  -0.00000000   0.00000000  -0.00000000   0.00000000  -0.00000000   0.00000000  -0.00000000   0.00000000  -0.00000000   0.00000000  -0.00000000   0.00000000  -0.00000000   0.00000000  -0.00000000 
-20.21900000   0.00000082  -0.00000036   0.00000000  -0.00000000   0.00000016  -0.00000008   0.00000000  -0.00000000   0.00000000  -0.00000000   0.00000000  -0.00000000   0.00000000  -0.00000000   0.00000000  -0.00000000   0.00000000  -0.00000000 
-20.10400000   0.00001872  -0.00000936   0.00000000  -0.00000000   0.00000374  -0.00000206   0.00000006  -0.00000004   0.00000000  -0.00000000   0.00000000  -0.00000000   0.00000000  -0.00000000   0.00000000  -0.00000000   0.00000000  -0.00000000 
-19.98900000   0.00022730  -0.00013050   0.00000001  -0.00000000   0.00004546  -0.00002866   0.00000067  -0.00000059   0.00000000  -0.00000000   0.00000000  -0.00000000   0.00000000  -0.00000000   0.00000000  -0.00000000   0.00000000  -0.00000000 
-19.87400000   0.00146600  -0.00096450   0.00000004  -0.00000003   0.00029310  -0.00021190   0.00000434  -0.00000433   0.00000000  -0.00000000   0.00000000  -0.00000000   0.00000000  -0.00000000   0.00000000  -0.00000000   0.00000000  -0.00000000 
-19.75900000   0.00503700  -0.00379700   0.00000015  -0.00000013   0.00100700  -0.00083430   0.00001491  -0.00001705   0.00000000  -0.00000000   0.00000000  -0.00000000   0.00000000  -0.00000000   0.00000000  -0.00000000   0.00000000  -0.00000000 
-19.64400000   0.00924400  -0.00798200   0.00000028  -0.00000028   0.00184900  -0.00175400   0.00002737  -0.00003584   0.00000000  -0.00000000   0.00000000  -0.00000000   0.00000000  -0.00000000   0.00000000  -0.00000000   0.00000000  -0.00000000 
-19.52900000   0.00907600  -0.00897400   0.00000028  -0.00000031   0.00181500  -0.00197200   0.00002687  -0.00004030   0.00000000  -0.00000000   0.00000000  -0.00000000   0.00000000  -0.00000000   0.00000000  -0.00000000   0.00000000  -0.00000000 
-19.41400000   0.00476700  -0.00539700   0.00000014  -0.00000019   0.00095320  -0.00118600   0.00001411  -0.00002424   0.00000000  -0.00000000   0.00000000  -0.00000000   0.00000000  -0.00000000   0.00000000  -0.00000000   0.00000000  -0.00000000 
-19.29900000   0.00133700  -0.00173500   0.00000004  -0.00000006   0.00026740  -0.00038110   0.00000396  -0.00000779   0.00000000  -0.00000000   0.00000000  -0.00000000   0.00000000  -0.00000000   0.00000000  -0.00000000   0.00000000  -0.00000000 
-19.18400000   0.00019980  -0.00029720   0.00000001  -0.00000001   0.00003996  -0.00006529   0.00000059  -0.00000133   0.00000000  -0.00000000   0.00000000  -0.00000000   0.00000000  -0.00000000   0.00000000  -0.00000000   0.00000000  -0.00000000 
-19.06900000   0.00001585  -0.00002705   0.00000000  -0.00000000   0.00000317  -0.00000594   0.00000005  -0.00000012   0.00000000  -0.00000000   0.00000000  -0.00000000   0.00000000  -0.00000000   0.00000000  -0.00000000   0.00000000  -0.00000000 
-18.95400000   0.00000067  -0.00000130   0.00000000  -0.00000000   0.00000013  -0.00000029   0.00000000  -0.00000001   0.00000000  -0.00000000   0.00000000  -0.00000000   0.00000000  -0.00000000   0.00000000  -0.00000000   0.00000000  -0.00000000 
-18.83900000   0.00000001  -0.00000003   0.00000000  -0.00000000   0.00000000  -0.00000001   0.00000000  -0.00000000   0.00000000  -0.00000000   0.00000000  -0.00000000   0.00000000  -0.00000000   0.00000000  -0.00000000   0.00000000  -0.00000000 
-18.72400000   0.00000000  -0.00000000   0.00000000  -0.00000000   0.00000000  -0.00000000   0.00000000  -0.00000000   0.00000000  -0.00000000   0.00000000  -0.00000000   0.00000000  -0.00000000   0.00000000  -0.00000000   0.00000000  -0.00000000 
-18.60900000   0.00000000  -0.00000000   0.00000000  -0.00000000   0.00000000  -0.00000000   0.00000000  -0.00000000   0.00000000  -0.00000000   0.00000000  -0.00000000   0.00000000  -0.00000000   0.00000000  -0.00000000   0.00000000  -0.00000000 
-18.49400000   0.00000000  -0.00000000   0.00000000  -0.00000000   0.00000000  -0.00000000   0.00000000  -0.00000000   0.00000000  -0.00000000   0.00000000  -0.00000000   0.00000000  -0.00000000   0.00000000  -0.00000000   0.00000000  -0.00000000 
-18.37900000   0.00000000  -0.00000000   0.00000000  -0.00000000   0.00000000  -0.00000000   0.00000000  -0.00000000   0.00000000  -0.00000000   0.00000000  -0.00000000   0.00000000  -0.00000000   0.00000000  -0.00000000   0.00000000  -0.00000000 
-18.26400000   0.00000000  -0.00000000   0.00000000  -0.00000000   0.00000000  -0.00000000   0.00000000  -0.00000000   0.00000000  -0.00000000   0.00000000  -0.00000000   0.00000000  -0.00000000   0.00000000  -0.00000000   0.00000000  -0.00000000 
-18.14900000   0.00000000  -0.00000000   0.00000000  -0.00000000   0.00000000  -0.00000000   0.00000000  -0.00000000   0.00000000  -0.00000000   0.00000000  -0.00000000   0.00000000  -0.00000000   0.00000000  -0.00000000   0.00000000  -0.00000000 
-18.03400000   0.00000000  -0.00000000   0.00000000  -0.00000000   0.00000000  -0.00000000   0.00000000  -0.00000000   0.00000000  -0.00000000   0.00000000  -0.00000000   0.00000000  -0.00000000   0.00000000  -0.00000000   0.00000000  -0.00000000 
-17.91900000   0.00000000  -0.00000000   0.00000000  -0.00000000   0.00000000  -0.00000000   0.00000000  -0.00000000   0.00000000  -0.00000000   0.00000000  -0.00000000   0.00000000  -0.00000000   0.00000000  -0.00000000   0.00000000  -0.00000000 
-17.80400000   0.00000000  -0.00000000   0.00000000  -0.00000000   0.00000000  -0.00000000   0.00000000  -0.00000000   0.00000000  -0.00000000   0.00000000  -0.00000000   0.00000000  -0.00000000   0.00000000  -0.00000000   0.00000000  -0.00000000 
-17.68900000   0.00000003  -0.00000000   0.00000000  -0.00000000   0.00000001  -0.00000000   0.00000000  -0.00000000   0.00000000  -0.00000000   0.00000000  -0.00000000   0.00000000  -0.00000000   0.00000000  -0.00000000   0.00000000  -0.00000000 
-17.57400000   0.00000133  -0.00000017   0.00000000  -0.00000000   0.00000026  -0.00000004   0.00000000  -0.00000000   0.00000000  -0.00000000   0.00000000  -0.00000000   0.00000000  -0.00000000   0.00000000  -0.00000000   0.00000000  -0.00000000 
-17.45900000   0.00003545  -0.00000629   0.00000001  -0.00000001   0.00000696  -0.00000138   0.00000001  -0.00000000   0.00000000  -0.00000000   0.00000000  -0.00000000   0.00000000  -0.00000000   0.00000000  -0.00000000   0.00000000  -0.00000000 
-17.34400000   0.00049990  -0.00012420   0.00000018  -0.00000014   0.00009808  -0.00002721   0.00000010  -0.00000000   0.00000000  -0.00000000   0.00000000  -0.00000000   0.00000000  -0.00000000   0.00000000  -0.00000000   0.00000000  -0.00000000 
-17.22900000   0.00374100  -0.00129900   0.00000202  -0.00000160   0.00073390  -0.00028460   0.00000074  -0.00000001   0.00000000  -0.00000000   0.00000000  -0.00000000   0.00000000  -0.00000000   0.00000000  -0.00000000   0.00000000  -0.00000000 
-17.11400000   0.01491000  -0.00722600   0.00001190  -0.00000993   0.00292500  -0.00158300   0.00000298  -0.00000005   0.00000000  -0.00000000   0.00000000  -0.00000000   0.00000000  -0.00000000   0.00000000  -0.00000000   0.00000000  -0.00000000 
-16.99900000   0.03175000  -0.02144000   0.00003752  -0.00003292   0.00622600  -0.00469700   0.00000639  -0.00000017   0.00000000  -0.00000000   0.00000000  -0.00000000   0.00000000  -0.00000000   0.00000000  -0.00000000   0.00000000  -0.00000000 
-16.88400000   0.03617000  -0.03402000   0.00006320  -0.00005832   0.00709100  -0.00745100   0.00000734  -0.00000029   0.00000000  -0.00000000   0.00000000  -0.00000000   0.00000000  -0.00000000   0.00000000  -0.00000000   0.00000000  -0.00000000 
-16.76900000   0.02206000  -0.02889000   0.00005697  -0.00005528   0.00432400  -0.00632600   0.00000454  -0.00000027   0.00000000  -0.00000000   0.00000000  -0.00000000   0.00000000  -0.00000000   0.00000000  -0.00000000   0.00000000  -0.00000000 
-16.65400000   0.00720000  -0.01313000   0.00002747  -0.00002802   0.00141000  -0.00287400   0.00000151  -0.00000013   0.00000000  -0.00000000   0.00000000  -0.00000000   0.00000000  -0.00000000   0.00000000  -0.00000000   0.00000000  -0.00000000 
-16.53900000   0.00125500  -0.00318700   0.00000707  -0.00000759   0.00024560  -0.00069750   0.00000027  -0.00000003   0.00000000  -0.00000000   0.00000000  -0.00000000   0.00000000  -0.00000000   0.00000000  -0.00000000   0.00000000  -0.00000000 
-16.42500000   0.00011660  -0.00041210   0.00000097  -0.00000110   0.00002279  -0.00009017   0.00000003  -0.00000000   0.00000000  -0.00000000   0.00000000  -0.00000000   0.00000000  -0.00000000   0.00000000  -0.00000000   0.00000000  -0.00000000 
-16.31000000   0.00000576  -0.00002830   0.00000007  -0.00000008   0.00000112  -0.00000619   0.00000000  -0.00000000   0.00000000  -0.00000000   0.00000000  -0.00000000   0.00000000  -0.00000000   0.00000000  -0.00000000   0.00000000  -0.00000000 
-16.19500000   0.00000017  -0.00000103   0.00000000  -0.00000000   0.00000003  -0.00000022   0.00000000  -0.00000000   0.00000000  -0.00000000   0.00000000  -0.00000000   0.00000000  -0.00000000   0.00000000  -0.00000000   0.00000000  -0.00000000 
-16.08000000   0.00000132  -0.00000002   0.00000000  -0.00000000   0.00000013  -0.00000000   0.00000005  -0.00000000   0.00000000  -0.00000000   0.00000000  -0.00000000   0.00000000  -0.00000000   0.00000000  -0.00000000   0.00000000  -0.00000000 
-15.96500000   0.00005372  -0.00000000   0.00000001  -0.00000000   0.00000524  -0.00000000   0.00000206  -0.00000000   0.00000000  -0.00000000   0.00000000  -0.00000000   0.00000000  -0.00000000   0.00000000  -0.00000000   0.00000000  -0.00000000 
-15.85000000   0.00115100  -0.00000006   0.00000018  -0.00000000   0.00011240  -0.00000001   0.00004417  -0.00000000   0.00000000  -0.00000000   0.00000000  -0.00000000   0.00000000  -0.00000000   0.00000000  -0.00000000   0.00000000  -0.00000000 
-15.73500000   0.01306000  -0.00000398   0.00000202  -0.00000000   0.00127500  -0.00000046   0.00050120  -0.00000017   0.00000000  -0.00000000   0.00000000  -0.00000000   0.00000000  -0.00000000   0.00000000  -0.00000000   0.00000000  -0.00000000 
-15.62000000   0.07874000  -0.00013460   0.00001217  -0.00000002   0.00768700  -0.00001570   0.00302100  -0.00000565   0.00000000  -0.00000000   0.00000000  -0.00000000   0.00000000  -0.00000000   0.00000000  -0.00000000   0.00000000  -0.00000000 
-15.50500000   0.25300000  -0.00240400   0.00003910  -0.00000039   0.02470000  -0.00028040   0.00970600  -0.00010080   0.00000000  -0.00000000   0.00000000  -0.00000000   0.00000000  -0.00000000   0.00000000  -0.00000000   0.00000000  -0.00000000 
-15.39000000   0.43430000  -0.02275000   0.00006712  -0.00000368   0.04240000  -0.00265300   0.01666000  -0.00095380   0.00000000  -0.00000000   0.00000000  -0.00000000   0.00000000  -0.00000000   0.00000000  -0.00000000   0.00000000  -0.00000000 
-15.27500000   0.39880000  -0.11450000   0.00006164  -0.00001853   0.03893000  -0.01335000   0.01530000  -0.00480000   0.00000000  -0.00000000   0.00000000  -0.00000000   0.00000000  -0.00000000   0.00000000  -0.00000000   0.00000000  -0.00000000 
-15.16000000   0.19590000  -0.30730000   0.00003028  -0.00004974   0.01912000  -0.03585000   0.00751500  -0.01288000   0.00000000  -0.00000000   0.00000000  -0.00000000   0.00000000  -0.00000000   0.00000000  -0.00000000   0.00000000  -0.00000000 
-15.04500000   0.05137000  -0.44100000   0.00000794  -0.00007138   0.00501600  -0.05144000   0.00197100  -0.01849000   0.00000000  -0.00000000   0.00000000  -0.00000000   0.00000000  -0.00000000   0.00000000  -0.00000000   0.00000000  -0.00000000 
-14.93000000   0.00717600  -0.33860000   0.00000111  -0.00005480   0.00070060  -0.03949000   0.00027530  -0.01419000   0.00000000  -0.00000000   0.00000000  -0.00000000   0.00000000  -0.00000000   0.00000000  -0.00000000   0.00000000  -0.00000000 
-14.81500000   0.00053200  -0.13900000   0.00000008  -0.00002250   0.00005194  -0.01621000   0.00002041  -0.00582700   0.00000000  -0.00000000   0.00000000  -0.00000000   0.00000000  -0.00000000   0.00000000  -0.00000000   0.00000000  -0.00000000 
-14.70000000   0.00002116  -0.03044000   0.00000000  -0.00000493   0.00000210  -0.00355100   0.00000081  -0.00127600   0.00000000  -0.00000000   0.00000000  -0.00000000   0.00000000  -0.00000000   0.00000000  -0.00000000   0.00000000  -0.00000000 
-14.58500000   0.00001139  -0.00354800   0.00000000  -0.00000057   0.00000221  -0.00041390   0.00000028  -0.00014880   0.00000000  -0.00000000   0.00000000  -0.00000000   0.00000000  -0.00000000   0.00000000  -0.00000000   0.00000000  -0.00000000 
-14.47000000   0.00020930  -0.00023350   0.00000000  -0.00000004   0.00004137  -0.00002881   0.00000506  -0.00000951   0.00000000  -0.00000000   0.00000000  -0.00000000   0.00000000  -0.00000000   0.00000000  -0.00000000   0.00000000  -0.00000000 
-14.35500000   0.00211700  -0.00026190   0.00000004  -0.00000001   0.00041850  -0.00005889   0.00005120  -0.00000602   0.00000000  -0.00000000   0.00000000  -0.00000000   0.00000000  -0.00000000   0.00000000  -0.00000000   0.00000000  -0.00000000 
-14.24000000   0.01139000  -0.00242000   0.00000019  -0.00000004   0.00225000  -0.00055140   0.00027530  -0.00005431   0.00000000  -0.00000000   0.00000000  -0.00000000   0.00000000  -0.00000000   0.00000000  -0.00000000   0.00000000  -0.00000000 
-14.12500000   0.03265000  -0.01222000   0.00000057  -0.00000023   0.00645400  -0.00278500   0.00078960  -0.00027430   0.00000000  -0.00000000   0.00000000  -0.00000000   0.00000000  -0.00000000   0.00000000  -0.00000000   0.00000000  -0.00000000 
-14.01000000   0.05005000  -0.03293000   0.00000132  -0.00000090   0.00989300  -0.00750300   0.00121000  -0.00073900   0.00000000  -0.00000000   0.00000000  -0.00000000   0.00000000  -0.00000000   0.00000000  -0.00000000   0.00000000  -0.00000000 
-13.89500000   0.04104000  -0.04743000   0.00000791  -0.00000583   0.00811200  -0.01081000   0.00099260  -0.00106400   0.00000000  -0.00000000   0.00000000  -0.00000000   0.00000000  -0.00000000   0.00000000  -0.00000000   0.00000000  -0.00000000 
-13.78000000   0.01800000  -0.03655000   0.00005919  -0.00004443   0.00355700  -0.00832700   0.00043620  -0.00082100   0.00000000  -0.00000000   0.00000000  -0.00000000   0.00000000  -0.00000000   0.00000000  -0.00000000   0.00000000  -0.00000000 
-13.66500000   0.00421900  -0.01506000   0.00025610  -0.00020540   0.00083270  -0.00343100   0.00010630  -0.00034230   0.00000000  -0.00000000   0.00000000  -0.00000000   0.00000000  -0.00000000   0.00000000  -0.00000000   0.00000000  -0.00000000 
-13.55000000   0.00053830  -0.00332800   0.00059430  -0.00051320   0.00010380  -0.00075450   0.00002297  -0.00008546   0.00000000  -0.00000000   0.00000000  -0.00000000   0.00000000  -0.00000000   0.00000000  -0.00000000   0.00000000  -0.00000000 
-13.43500000   0.00005142  -0.00041070   0.00073750  -0.00068610   0.00000694  -0.00008862   0.00001360  -0.00002364   0.00000000  -0.00000000   0.00000000  -0.00000000   0.00000000  -0.00000000   0.00000000  -0.00000000   0.00000000  -0.00000000 
-13.32000000   0.00001232  -0.00004083   0.00048970  -0.00049080   0.00000029  -0.00000575   0.00000850  -0.00001123   0.00000000  -0.00000000   0.00000000  -0.00000000   0.00000000  -0.00000000   0.00000000  -0.00000000   0.00000000  -0.00000000 
-13.20500000   0.00000397  -0.00000722   0.00017380  -0.00018770   0.00000002  -0.00000028   0.00000301  -0.00000411   0.00000000  -0.00000000   0.00000000  -0.00000000   0.00000000  -0.00000000   0.00000000  -0.00000000   0.00000000  -0.00000000 
-13.09000000   0.00000075  -0.00000133   0.00003289  -0.00003830   0.00000000  -0.00000002   0.00000057  -0.00000083   0.00000000  -0.00000000   0.00000000  -0.00000000   0.00000000  -0.00000000   0.00000000  -0.00000000   0.00000000  -0.00000000 
-12.97500000   0.00000008  -0.00000014   0.00000331  -0.00000416   0.00000000  -0.00000000   0.00000006  -0.00000009   0.00000000  -0.00000000   0.00000000  -0.00000000   0.00000000  -0.00000000   0.00000000  -0.00000000   0.00000000  -0.00000000 
-12.86000000   0.00000000  -0.00000001   0.00000018  -0.00000024   0.00000000  -0.00000000   0.00000000  -0.00000001   0.00000000  -0.00000000   0.00000000  -0.00000000   0.00000000  -0.00000000   0.00000000  -0.00000000   0.00000000  -0.00000000 
-12.74500000   0.00000001  -0.00000000   0.00000000  -0.00000001   0.00000000  -0.00000000   0.00000000  -0.00000000   0.00000000  -0.00000000   0.00000000  -0.00000000   0.00000000  -0.00000000   0.00000000  -0.00000000   0.00000000  -0.00000000 
-12.63000000   0.00000052  -0.00000011   0.00000000  -0.00000000   0.00000009  -0.00000002   0.00000003  -0.00000000   0.00000000  -0.00000000   0.00000000  -0.00000000   0.00000000  -0.00000000   0.00000000  -0.00000000   0.00000000  -0.00000000 
-12.51500000   0.00001445  -0.00000389   0.00000000  -0.00000000   0.00000248  -0.00000079   0.00000072  -0.00000017   0.00000000  -0.00000000   0.00000000  -0.00000000   0.00000000  -0.00000000   0.00000000  -0.00000000   0.00000000  -0.00000000 
-12.40000000   0.00021310  -0.00007566   0.00000000  -0.00000000   0.00003663  -0.00001539   0.00001058  -0.00000331   0.00000000  -0.00000000   0.00000000  -0.00000000   0.00000000  -0.00000000   0.00000000  -0.00000000   0.00000000  -0.00000000 
-12.28500000   0.00166700  -0.00077980   0.00000003  -0.00000001   0.00028650  -0.00015860   0.00008273  -0.00003406   0.00000000  -0.00000000   0.00000000  -0.00000000   0.00000000  -0.00000000   0.00000000  -0.00000000   0.00000000  -0.00000000 
-12.17000000   0.00694000  -0.00427200   0.00000012  -0.00000005   0.00119300  -0.00086880   0.00034450  -0.00018660   0.00000000  -0.00000000   0.00000000  -0.00000000   0.00000000  -0.00000000   0.00000000  -0.00000000   0.00000000  -0.00000000 
-12.05500000   0.01543000  -0.01248000   0.00000027  -0.00000014   0.00265100  -0.00253800   0.00076560  -0.00054510   0.00000000  -0.00000000   0.00000000  -0.00000000   0.00000000  -0.00000000   0.00000000  -0.00000000   0.00000000  -0.00000000 
-11.94000000   0.01834000  -0.01949000   0.00000032  -0.00000022   0.00315100  -0.00396300   0.00091010  -0.00085110   0.00000000  -0.00000000   0.00000000  -0.00000000   0.00000000  -0.00000000   0.00000000  -0.00000000   0.00000000  -0.00000000 
-11.82600000   0.01166000  -0.01628000   0.00000020  -0.00000018   0.00200400  -0.00331000   0.00057870  -0.00071090   0.00000000  -0.00000000   0.00000000  -0.00000000   0.00000000  -0.00000000   0.00000000  -0.00000000   0.00000000  -0.00000000 
-11.71100000   0.00396300  -0.00727100   0.00000007  -0.00000008   0.00068110  -0.00147900   0.00019670  -0.00031750   0.00000000  -0.00000000   0.00000000  -0.00000000   0.00000000  -0.00000000   0.00000000  -0.00000000   0.00000000  -0.00000000 
-11.59600000   0.00071810  -0.00173400   0.00000001  -0.00000002   0.00012340  -0.00035260   0.00003564  -0.00007572   0.00000000  -0.00000000   0.00000000  -0.00000000   0.00000000  -0.00000000   0.00000000  -0.00000000   0.00000000  -0.00000000 
-11.48100000   0.00006917  -0.00022000   0.00000000  -0.00000000   0.00001189  -0.00004475   0.00000343  -0.00000961   0.00000000  -0.00000000   0.00000000  -0.00000000   0.00000000  -0.00000000   0.00000000  -0.00000000   0.00000000  -0.00000000 
-11.36600000   0.00000353  -0.00001482   0.00000000  -0.00000000   0.00000061  -0.00000301   0.00000018  -0.00000065   0.00000000  -0.00000000   0.00000000  -0.00000000   0.00000000  -0.00000000   0.00000000  -0.00000000   0.00000000  -0.00000000 
-11.25100000   0.00000010  -0.00000053   0.00000000  -0.00000000   0.00000002  -0.00000011   0.00000000  -0.00000002   0.00000000  -0.00000000   0.00000000  -0.00000000   0.00000000  -0.00000000   0.00000000  -0.00000000   0.00000000  -0.00000000 
-11.13600000   0.00000002  -0.00000002   0.00000000  -0.00000000   0.00000000  -0.00000000   0.00000000  -0.00000000   0.00000000  -0.00000000   0.00000000  -0.00000000   0.00000000  -0.00000000   0.00000000  -0.00000000   0.00000000  -0.00000000 
-11.02100000   0.00000077  -0.00000042   0.00000000  -0.00000000   0.00000011  -0.00000007   0.00000008  -0.00000004   0.00000000  -0.00000000   0.00000000  -0.00000000   0.00000000  -0.00000000   0.00000000  -0.00000000   0.00000000  -0.00000000 
-10.90600000   0.00001614  -0.00001003   0.00000003  -0.00000001   0.00000228  -0.00000178   0.00000172  -0.00000096   0.00000000  -0.00000000   0.00000000  -0.00000000   0.00000000  -0.00000000   0.00000000  -0.00000000   0.00000000  -0.00000000 
-10.79100000   0.00017930  -0.00012650   0.00000028  -0.00000016   0.00002531  -0.00002246   0.00001908  -0.00001216   0.00000000  -0.00000000   0.00000000  -0.00000000   0.00000000  -0.00000000   0.00000000  -0.00000000   0.00000000  -0.00000000 
-10.67600000   0.00105900  -0.00084620   0.00000180  -0.00000111   0.00014940  -0.00015030   0.00011260  -0.00008136   0.00000000  -0.00000000   0.00000000  -0.00000000   0.00000000  -0.00000000   0.00000000  -0.00000000   0.00000000  -0.00000000 
-10.56100000   0.00333100  -0.00301700   0.00000947  -0.00000521   0.00047020  -0.00053580   0.00035450  -0.00029010   0.00000000  -0.00000000   0.00000000  -0.00000000   0.00000000  -0.00000000   0.00000000  -0.00000000   0.00000000  -0.00000000 
-10.44600000   0.00560200  -0.00574500   0.00007185  -0.00003247   0.00079070  -0.00102000   0.00059640  -0.00055250   0.00000000  -0.00000000   0.00000000  -0.00000000   0.00000000  -0.00000000   0.00000000  -0.00000000   0.00000000  -0.00000000 
-10.33100000   0.00504200  -0.00585300   0.00050150  -0.00025020   0.00071140  -0.00103900   0.00053860  -0.00056380   0.00000000  -0.00000000   0.00000000  -0.00000000   0.00000000  -0.00000000   0.00000000  -0.00000000   0.00000000  -0.00000000 
-10.21600000   0.00243700  -0.00319600   0.00205800  -0.00124800   0.00034260  -0.00056650   0.00026770  -0.00031270   0.00000000  -0.00000000   0.00000000  -0.00000000   0.00000000  -0.00000000   0.00000000  -0.00000000   0.00000000  -0.00000000 
-10.10100000   0.00065070  -0.00095040   0.00456600  -0.00340000   0.00008867  -0.00016570   0.00008788  -0.00010610   0.00000000  -0.00000000   0.00000000  -0.00000000   0.00000000  -0.00000000   0.00000000  -0.00000000   0.00000000  -0.00000000 
 -9.98600000   0.00011820  -0.00017690   0.00542400  -0.00496500   0.00001291  -0.00002688   0.00003472  -0.00003845   0.00000000  -0.00000000   0.00000000  -0.00000000   0.00000000  -0.00000000   0.00000000  -0.00000000   0.00000000  -0.00000000 
 -9.87100000   0.00002716  -0.00003764   0.00344800  -0.00388000   0.00000144  -0.00000314   0.00001697  -0.00002038   0.00000000  -0.00000000   0.00000000  -0.00000000   0.00000000  -0.00000000   0.00000000  -0.00000000   0.00000000  -0.00000000 
 -9.75600000   0.00000736  -0.00001129   0.00117100  -0.00162100   0.00000022  -0.00000052   0.00000557  -0.00000809   0.00000000  -0.00000000   0.00000000  -0.00000000   0.00000000  -0.00000000   0.00000000  -0.00000000   0.00000000  -0.00000000 
 -9.64100000   0.00000133  -0.00000244   0.00021220  -0.00036160   0.00000004  -0.00000010   0.00000101  -0.00000180   0.00000000  -0.00000000   0.00000000  -0.00000000   0.00000000  -0.00000000   0.00000000  -0.00000000   0.00000000  -0.00000000 
 -9.52600000   0.00000123  -0.00000106   0.00002043  -0.00004291   0.00000015  -0.00000014   0.00000022  -0.00000030   0.00000000  -0.00000000   0.00000000  -0.00000000   0.00000000  -0.00000000   0.00000000  -0.00000000   0.00000000  -0.00000000 
 -9.41100000   0.00001697  -0.00001290   0.00000104  -0.00000270   0.00000221  -0.00000216   0.00000197  -0.00000139   0.00000000  -0.00000000   0.00000000  -0.00000000   0.00000000  -0.00000000   0.00000000  -0.00000000   0.00000000  -0.00000000 
 -9.29600000   0.00013860  -0.00011440   0.00000003  -0.00000009   0.00001804  -0.00001920   0.00001609  -0.00001226   0.00000000  -0.00000000   0.00000000  -0.00000000   0.00000000  -0.00000000   0.00000000  -0.00000000   0.00000000  -0.00000000 
 -9.18100000   0.00060250  -0.00054020   0.00000004  -0.00000003   0.00007842  -0.00009066   0.00006993  -0.00005788   0.00000000  -0.00000000   0.00000000  -0.00000000   0.00000000  -0.00000000   0.00000000  -0.00000000   0.00000000  -0.00000000 
 -9.06600000   0.00139800  -0.00136100   0.00000042  -0.00000030   0.00018200  -0.00022850   0.00016230  -0.00014590   0.00000000  -0.00000000   0.00000000  -0.00000000   0.00000000  -0.00000000   0.00000000  -0.00000000   0.00000000  -0.00000000 
 -8.95100000   0.00173500  -0.00183400   0.00000428  -0.00000319   0.00022580  -0.00030780   0.00020140  -0.00019650   0.00000000  -0.00000000   0.00000000  -0.00000000   0.00000000  -0.00000000   0.00000000  -0.00000000   0.00000000  -0.00000000 
 -8.83600000   0.00115200  -0.00132200   0.00002616  -0.00002033   0.00014990  -0.00022190   0.00013370  -0.00014170   0.00000000  -0.00000000   0.00000000  -0.00000000   0.00000000  -0.00000000   0.00000000  -0.00000000   0.00000000  -0.00000000 
 -8.72100000   0.00040940  -0.00051010   0.00008632  -0.00006997   0.00005321  -0.00008552   0.00004768  -0.00005480   0.00000000  -0.00000000   0.00000000  -0.00000000   0.00000000  -0.00000000   0.00000000  -0.00000000   0.00000000  -0.00000000 
 -8.60600000   0.00007877  -0.00010590   0.00015240  -0.00012890   0.00001010  -0.00001762   0.00000941  -0.00001161   0.00000000  -0.00000000   0.00000000  -0.00000000   0.00000000  -0.00000000   0.00000000  -0.00000000   0.00000000  -0.00000000 
 -8.49100000   0.00000914  -0.00001262   0.00014390  -0.00012700   0.00000104  -0.00000196   0.00000131  -0.00000161   0.00000000  -0.00000000   0.00000000  -0.00000000   0.00000000  -0.00000000   0.00000000  -0.00000000   0.00000000  -0.00000000 
 -8.37600000   0.00000110  -0.00000128   0.00007295  -0.00006693   0.00000007  -0.00000013   0.00000026  -0.00000028   0.00000000  -0.00000000   0.00000000  -0.00000000   0.00000000  -0.00000000   0.00000000  -0.00000000   0.00000000  -0.00000000 
 -8.26100000   0.00000022  -0.00000019   0.00002689  -0.00001944   0.00000001  -0.00000001   0.00000007  -0.00000006   0.00000000  -0.00000000   0.00000000  -0.00000000   0.00000000  -0.00000000   0.00000000  -0.00000000   0.00000000  -0.00000000 
 -8.14600000   0.00000045  -0.00000008   0.00012080  -0.00001835   0.00000001  -0.00000000   0.00000023  -0.00000004   0.00000000  -0.00000000   0.00000000  -0.00000000   0.00000000  -0.00000000   0.00000000  -0.00000000   0.00000000  -0.00000000 
 -8.03100000   0.00000543  -0.00000126   0.00101400  -0.00021330   0.00000030  -0.00000011   0.00000195  -0.00000039   0.00000000  -0.00000000   0.00000000  -0.00000000   0.00000000  -0.00000000   0.00000000  -0.00000000   0.00000000  -0.00000000 
 -7.91600000   0.00005842  -0.00002145   0.00463900  -0.00155200   0.00000481  -0.00000235   0.00000901  -0.00000290   0.00000000  -0.00000000   0.00000000  -0.00000000   0.00000000  -0.00000000   0.00000000  -0.00000000   0.00000000  -0.00000000 
 -7.80100000   0.00048150  -0.00023460   0.01132000  -0.00602100   0.00004658  -0.00002829   0.00002268  -0.00001190   0.00000000  -0.00000000   0.00000000  -0.00000000   0.00000000  -0.00000000   0.00000000  -0.00000000   0.00000000  -0.00000000 
 -7.68600000   0.00244800  -0.00148000   0.01479000  -0.01248000   0.00024780  -0.00018440   0.00003339  -0.00002902   0.00000000  -0.00000000   0.00000000  -0.00000000   0.00000000  -0.00000000   0.00000000  -0.00000000   0.00000000  -0.00000000 
 -7.57100000   0.00692500  -0.00512200   0.01035000  -0.01384000   0.00070890  -0.00064490   0.00003499  -0.00004798   0.00000000  -0.00000000   0.00000000  -0.00000000   0.00000000  -0.00000000   0.00000000  -0.00000000   0.00000000  -0.00000000 
 -7.45600000   0.01062000  -0.00958500   0.00389300  -0.00823800   0.00108800  -0.00121000   0.00004012  -0.00006499   0.00000000  -0.00000000   0.00000000  -0.00000000   0.00000000  -0.00000000   0.00000000  -0.00000000   0.00000000  -0.00000000 
 -7.34100000   0.00896100  -0.00980400   0.00080130  -0.00264600   0.00090590  -0.00123100   0.00008544  -0.00010130   0.00000000  -0.00000000   0.00000000  -0.00000000   0.00000000  -0.00000000   0.00000000  -0.00000000   0.00000000  -0.00000000 
 -7.22700000   0.00476500  -0.00597800   0.00009713  -0.00046780   0.00044140  -0.00072630   0.00022070  -0.00021010   0.00000000  -0.00000000   0.00000000  -0.00000000   0.00000000  -0.00000000   0.00000000  -0.00000000   0.00000000  -0.00000000 
 -7.11200000   0.00255200  -0.00303100   0.00000968  -0.00004972   0.00017930  -0.00032870   0.00036730  -0.00034660   0.00000000  -0.00000000   0.00000000  -0.00000000   0.00000000  -0.00000000   0.00000000  -0.00000000   0.00000000  -0.00000000 
 -6.99700000   0.00164000  -0.00174700   0.00000258  -0.00000541   0.00009223  -0.00016770   0.00033620  -0.00033180   0.00000000  -0.00000000   0.00000000  -0.00000000   0.00000000  -0.00000000   0.00000000  -0.00000000   0.00000000  -0.00000000 
 -6.88200000   0.00075930  -0.00081100   0.00001228  -0.00000719   0.00004051  -0.00007485   0.00016520  -0.00017220   0.00000000  -0.00000000   0.00000000  -0.00000000   0.00000000  -0.00000000   0.00000000  -0.00000000   0.00000000  -0.00000000 
 -6.76700000   0.00019930  -0.00022210   0.00013060  -0.00008058   0.00001053  -0.00002032   0.00004363  -0.00004799   0.00000000  -0.00000000   0.00000000  -0.00000000   0.00000000  -0.00000000   0.00000000  -0.00000000   0.00000000  -0.00000000 
 -6.65200000   0.00003734  -0.00003980   0.00078350  -0.00057240   0.00000186  -0.00000345   0.00000763  -0.00000826   0.00000000  -0.00000000   0.00000000  -0.00000000   0.00000000  -0.00000000   0.00000000  -0.00000000   0.00000000  -0.00000000 
 -6.53700000   0.00003323  -0.00002980   0.00250900  -0.00217300   0.00000139  -0.00000201   0.00000547  -0.00000505   0.00000000  -0.00000000   0.00000000  -0.00000000   0.00000000  -0.00000000   0.00000000  -0.00000000   0.00000000  -0.00000000 
 -6.42200000   0.00005344  -0.00005534   0.00429400  -0.00440500   0.00000219  -0.00000360   0.00000860  -0.00000914   0.00000000  -0.00000000   0.00000000  -0.00000000   0.00000000  -0.00000000   0.00000000  -0.00000000   0.00000000  -0.00000000 
 -6.30700000   0.00004885  -0.00005989   0.00393100  -0.00477700   0.00000200  -0.00000390   0.00000786  -0.00000989   0.00000000  -0.00000000   0.00000000  -0.00000000   0.00000000  -0.00000000   0.00000000  -0.00000000   0.00000000  -0.00000000 
 -6.19200000   0.00002392  -0.00003474   0.00192500  -0.00277100   0.00000098  -0.00000226   0.00000385  -0.00000574   0.00000000  -0.00000000   0.00000000  -0.00000000   0.00000000  -0.00000000   0.00000000  -0.00000000   0.00000000  -0.00000000 
 -6.07700000   0.00000625  -0.00001077   0.00050320  -0.00085890   0.00000026  -0.00000070   0.00000101  -0.00000178   0.00000000  -0.00000000   0.00000000  -0.00000000   0.00000000  -0.00000000   0.00000000  -0.00000000   0.00000000  -0.00000000 
 -5.96200000   0.00000087  -0.00000178   0.00007006  -0.00014190   0.00000004  -0.00000012   0.00000014  -0.00000029   0.00000000  -0.00000000   0.00000000  -0.00000000   0.00000000  -0.00000000   0.00000000  -0.00000000   0.00000000  -0.00000000 
 -5.84700000   0.00000006  -0.00000016   0.00000518  -0.00001245   0.00000000  -0.00000001   0.00000001  -0.00000003   0.00000000  -0.00000000   0.00000000  -0.00000000   0.00000000  -0.00000000   0.00000000  -0.00000000   0.00000000  -0.00000000 
 -5.73200000   0.00000000  -0.00000001   0.00000020  -0.00000058   0.00000000  -0.00000000   0.00000000  -0.00000000   0.00000000  -0.00000000   0.00000000  -0.00000000   0.00000000  -0.00000000   0.00000000  -0.00000000   0.00000000  -0.00000000 
 -5.61700000   0.00000000  -0.00000000   0.00000000  -0.00000001   0.00000000  -0.00000000   0.00000000  -0.00000000   0.00000000  -0.00000000   0.00000000  -0.00000000   0.00000000  -0.00000000   0.00000000  -0.00000000   0.00000000  -0.00000000 
 -5.50200000   0.00000003  -0.00000000   0.00000000  -0.00000000   0.00000000  -0.00000000   0.00000000  -0.00000000   0.00000000  -0.00000000   0.00000000  -0.00000000   0.00000000  -0.00000000   0.00000000  -0.00000000   0.00000000  -0.00000000 
 -5.38700000   0.00000131  -0.00000016   0.00000000  -0.00000000   0.00000013  -0.00000002   0.00000000  -0.00000000   0.00000000  -0.00000000   0.00000000  -0.00000000   0.00000000  -0.00000000   0.00000000  -0.00000000   0.00000000  -0.00000000 
 -5.27200000   0.00002995  -0.00000524   0.00000001  -0.00000001   0.00000288  -0.00000064   0.00000004  -0.00000000   0.00000000  -0.00000000   0.00000000  -0.00000000   0.00000000  -0.00000000   0.00000000  -0.00000000   0.00000000  -0.00000000 
 -5.15700000   0.00036230  -0.00009129   0.00000020  -0.00000014   0.00003488  -0.00001123   0.00000046  -0.00000001   0.00000000  -0.00000000   0.00000000  -0.00000000   0.00000000  -0.00000000   0.00000000  -0.00000000   0.00000000  -0.00000000 
 -5.04200000   0.00232700  -0.00084350   0.00000201  -0.00000151   0.00022410  -0.00010380   0.00000296  -0.00000011   0.00000000  -0.00000000   0.00000000  -0.00000000   0.00000000  -0.00000000   0.00000000  -0.00000000   0.00000000  -0.00000000 
 -4.92700000   0.00796600  -0.00414500   0.00001066  -0.00000857   0.00076700  -0.00050990   0.00001012  -0.00000055   0.00000000  -0.00000000   0.00000000  -0.00000000   0.00000000  -0.00000000   0.00000000  -0.00000000   0.00000000  -0.00000000 
 -4.81200000   0.01457000  -0.01087000   0.00003037  -0.00002602   0.00140300  -0.00133700   0.00001851  -0.00000146   0.00000000  -0.00000000   0.00000000  -0.00000000   0.00000000  -0.00000000   0.00000000  -0.00000000   0.00000000  -0.00000000 
 -4.69700000   0.01425000  -0.01524000   0.00004638  -0.00004223   0.00137200  -0.00187500   0.00001810  -0.00000204   0.00000000  -0.00000000   0.00000000  -0.00000000   0.00000000  -0.00000000   0.00000000  -0.00000000   0.00000000  -0.00000000 
 -4.58200000   0.00745400  -0.01143000   0.00003798  -0.00003668   0.00071780  -0.00140600   0.00000947  -0.00000153   0.00000000  -0.00000000   0.00000000  -0.00000000   0.00000000  -0.00000000   0.00000000  -0.00000000   0.00000000  -0.00000000 
 -4.46700000   0.00208300  -0.00458400   0.00001665  -0.00001705   0.00020060  -0.00056400   0.00000265  -0.00000061   0.00000000  -0.00000000   0.00000000  -0.00000000   0.00000000  -0.00000000   0.00000000  -0.00000000   0.00000000  -0.00000000 
 -4.35200000   0.00031010  -0.00098110   0.00000390  -0.00000423   0.00002986  -0.00012070   0.00000039  -0.00000013   0.00000000  -0.00000000   0.00000000  -0.00000000   0.00000000  -0.00000000   0.00000000  -0.00000000   0.00000000  -0.00000000 
 -4.23700000   0.00002452  -0.00011170   0.00000049  -0.00000056   0.00000236  -0.00001375   0.00000003  -0.00000001   0.00000000  -0.00000000   0.00000000  -0.00000000   0.00000000  -0.00000000   0.00000000  -0.00000000   0.00000000  -0.00000000 
 -4.12200000   0.00000102  -0.00000675   0.00000003  -0.00000004   0.00000010  -0.00000083   0.00000000  -0.00000000   0.00000000  -0.00000000   0.00000000  -0.00000000   0.00000000  -0.00000000   0.00000000  -0.00000000   0.00000000  -0.00000000 
 -4.00700000   0.00000002  -0.00000022   0.00000000  -0.00000000   0.00000000  -0.00000003   0.00000000  -0.00000000   0.00000000  -0.00000000   0.00000000  -0.00000000   0.00000000  -0.00000000   0.00000000  -0.00000000   0.00000000  -0.00000000 
 -3.89200000   0.00000000  -0.00000000   0.00000000  -0.00000000   0.00000000  -0.00000000   0.00000000  -0.00000000   0.00000000  -0.00000000   0.00000000  -0.00000000   0.00000000  -0.00000000   0.00000000  -0.00000000   0.00000000  -0.00000000 
 -3.77700000   0.00000000  -0.00000000   0.00000000  -0.00000000   0.00000000  -0.00000000   0.00000000  -0.00000000   0.00000000  -0.00000000   0.00000000  -0.00000000   0.00000000  -0.00000000   0.00000000  -0.00000000   0.00000000  -0.00000000 
 -3.66200000   0.00000000  -0.00000000   0.00000000  -0.00000000   0.00000000  -0.00000000   0.00000000  -0.00000000   0.00000000  -0.00000000   0.00000000  -0.00000000   0.00000000  -0.00000000   0.00000000  -0.00000000   0.00000000  -0.00000000 
 -3.54700000   0.00000000  -0.00000000   0.00000000  -0.00000000   0.00000000  -0.00000000   0.00000000  -0.00000000   0.00000000  -0.00000000   0.00000000  -0.00000000   0.00000000  -0.00000000   0.00000000  -0.00000000   0.00000000  -0.00000000 
 -3.43200000   0.00000000  -0.00000000   0.00000000  -0.00000000   0.00000000  -0.00000000   0.00000000  -0.00000000   0.00000000  -0.00000000   0.00000000  -0.00000000   0.00000000  -0.00000000   0.00000000  -0.00000000   0.00000000  -0.00000000 
 -3.31700000   0.00000000  -0.00000000   0.00000000  -0.00000000   0.00000000  -0.00000000   0.00000000  -0.00000000   0.00000000  -0.00000000   0.00000000  -0.00000000   0.00000000  -0.00000000   0.00000000  -0.00000000   0.00000000  -0.00000000 
 -3.20200000   0.00000000  -0.00000000   0.00000000  -0.00000000   0.00000000  -0.00000000   0.00000000  -0.00000000   0.00000000  -0.00000000   0.00000000  -0.00000000   0.00000000  -0.00000000   0.00000000  -0.00000000   0.00000000  -0.00000000 
 -3.08700000   0.00000000  -0.00000000   0.00000000  -0.00000000   0.00000000  -0.00000000   0.00000000  -0.00000000   0.00000000  -0.00000000   0.00000000  -0.00000000   0.00000000  -0.00000000   0.00000000  -0.00000000   0.00000000  -0.00000000 
 -2.97200000   0.00000000  -0.00000000   0.00000000  -0.00000000   0.00000000  -0.00000000   0.00000000  -0.00000000   0.00000000  -0.00000000   0.00000000  -0.00000000   0.00000000  -0.00000000   0.00000000  -0.00000000   0.00000000  -0.00000000 
 -2.85700000   0.00000000  -0.00000000   0.00000000  -0.00000000   0.00000000  -0.00000000   0.00000000  -0.00000000   0.00000000  -0.00000000   0.00000000  -0.00000000   0.00000000  -0.00000000   0.00000000  -0.00000000   0.00000000  -0.00000000 
 -2.74300000   0.00000000  -0.00000000   0.00000000  -0.00000000   0.00000000  -0.00000000   0.00000000  -0.00000000   0.00000000  -0.00000000   0.00000000  -0.00000000   0.00000000  -0.00000000   0.00000000  -0.00000000   0.00000000  -0.00000000 
 -2.62800000   0.00000000  -0.00000000   0.00000000  -0.00000000   0.00000000  -0.00000000   0.00000000  -0.00000000   0.00000000  -0.00000000   0.00000000  -0.00000000   0.00000000  -0.00000000   0.00000000  -0.00000000   0.00000000  -0.00000000 
 -2.51300000   0.00000000  -0.00000000   0.00000000  -0.00000000   0.00000000  -0.00000000   0.00000000  -0.00000000   0.00000000  -0.00000000   0.00000000  -0.00000000   0.00000000  -0.00000000   0.00000000  -0.00000000   0.00000000  -0.00000000 
 -2.39800000   0.00000000  -0.00000000   0.00000000  -0.00000000   0.00000000  -0.00000000   0.00000000  -0.00000000   0.00000000  -0.00000000   0.00000000  -0.00000000   0.00000000  -0.00000000   0.00000000  -0.00000000   0.00000000  -0.00000000 
 -2.28300000   0.00000000  -0.00000000   0.00000000  -0.00000000   0.00000000  -0.00000000   0.00000000  -0.00000000   0.00000000  -0.00000000   0.00000000  -0.00000000   0.00000000  -0.00000000   0.00000000  -0.00000000   0.00000000  -0.00000000 
 -2.16800000   0.00000000  -0.00000000   0.00000000  -0.00000000   0.00000000  -0.00000000   0.00000000  -0.00000000   0.00000000  -0.00000000   0.00000000  -0.00000000   0.00000000  -0.00000000   0.00000000  -0.00000000   0.00000000  -0.00000000 
 -2.05300000   0.00000000  -0.00000000   0.00000000  -0.00000000   0.00000000  -0.00000000   0.00000000  -0.00000000   0.00000000  -0.00000000   0.00000000  -0.00000000   0.00000000  -0.00000000   0.00000000  -0.00000000   0.00000000  -0.00000000 
 -1.93800000   0.00000000  -0.00000000   0.00000000  -0.00000000   0.00000000  -0.00000000   0.00000000  -0.00000000   0.00000000  -0.00000000   0.00000000  -0.00000000   0.00000000  -0.00000000   0.00000000  -0.00000000   0.00000000  -0.00000000 
 -1.82300000   0.00000000  -0.00000000   0.00000000  -0.00000000   0.00000000  -0.00000000   0.00000000  -0.00000000   0.00000000  -0.00000000   0.00000000  -0.00000000   0.00000000  -0.00000000   0.00000000  -0.00000000   0.00000000  -0.00000000 
 -1.70800000   0.00000000  -0.00000000   0.00000000  -0.00000000   0.00000000  -0.00000000   0.00000000  -0.00000000   0.00000000  -0.00000000   0.00000000  -0.00000000   0.00000000  -0.00000000   0.00000000  -0.00000000   0.00000000  -0.00000000 
 -1.59300000   0.00000000  -0.00000000   0.00000000  -0.00000000   0.00000000  -0.00000000   0.00000000  -0.00000000   0.00000000  -0.00000000   0.00000000  -0.00000000   0.00000000  -0.00000000   0.00000000  -0.00000000   0.00000000  -0.00000000 
 -1.47800000   0.00000000  -0.00000000   0.00000000  -0.00000000   0.00000000  -0.00000000   0.00000000  -0.00000000   0.00000000  -0.00000000   0.00000000  -0.00000000   0.00000000  -0.00000000   0.00000000  -0.00000000   0.00000000  -0.00000000 
 -1.36300000   0.00000000  -0.00000000   0.00000000  -0.00000000   0.00000000  -0.00000000   0.00000000  -0.00000000   0.00000000  -0.00000000   0.00000000  -0.00000000   0.00000000  -0.00000000   0.00000000  -0.00000000   0.00000000  -0.00000000 
 -1.24800000   0.00000000  -0.00000000   0.00000000  -0.00000000   0.00000000  -0.00000000   0.00000000  -0.00000000   0.00000000  -0.00000000   0.00000000  -0.00000000   0.00000000  -0.00000000   0.00000000  -0.00000000   0.00000000  -0.00000000 
 -1.13300000   0.00000000  -0.00000000   0.00000000  -0.00000000   0.00000000  -0.00000000   0.00000000  -0.00000000   0.00000000  -0.00000000   0.00000000  -0.00000000   0.00000000  -0.00000000   0.00000000  -0.00000000   0.00000000  -0.00000000 
 -1.01800000   0.00000000  -0.00000000   0.00000000  -0.00000000   0.00000000  -0.00000000   0.00000000  -0.00000000   0.00000000  -0.00000000   0.00000000  -0.00000000   0.00000000  -0.00000000   0.00000000  -0.00000000   0.00000000  -0.00000000 
 -0.90300000   0.00000020  -0.00000000   0.00000000  -0.00000000   0.00000008  -0.00000000   0.00000000  -0.00000000   0.00000000  -0.00000000   0.00000000  -0.00000000   0.00000000  -0.00000000   0.00000000  -0.00000000   0.00000000  -0.00000000 
 -0.78800000   0.00000847  -0.00000000   0.00000000  -0.00000000   0.00000317  -0.00000000   0.00000008  -0.00000000   0.00000000  -0.00000000   0.00000000  -0.00000000   0.00000000  -0.00000000   0.00000000  -0.00000000   0.00000000  -0.00000000 
 -0.67300000   0.00018790  -0.00000000   0.00000001  -0.00000000   0.00007025  -0.00000000   0.00000185  -0.00000000   0.00000000  -0.00000000   0.00000000  -0.00000000   0.00000000  -0.00000000   0.00000000  -0.00000000   0.00000000  -0.00000000 
 -0.55800000   0.00220600  -0.00000000   0.00000013  -0.00000000   0.00082480  -0.00000000   0.00002170  -0.00000000   0.00000000  -0.00000000   0.00000000  -0.00000000   0.00000000  -0.00000000   0.00000000  -0.00000000   0.00000000  -0.00000000 
 -0.44300000   0.01376000  -0.00000000   0.00000079  -0.00000000   0.00514500  -0.00000000   0.00013540  -0.00000000   0.00000000  -0.00000000   0.00000000  -0.00000000   0.00000000  -0.00000000   0.00000000  -0.00000000   0.00000000  -0.00000000 
 -0.32800000   0.04574000  -0.00000003   0.00000263  -0.00000000   0.01710000  -0.00000000   0.00045010  -0.00000000   0.00000000  -0.00000000   0.00000000  -0.00000000   0.00000000  -0.00000000   0.00000000  -0.00000000   0.00000000  -0.00000000 
 -0.21300000   0.08127000  -0.00000119   0.00000472  -0.00000002   0.03037000  -0.00000013   0.00080180  -0.00000006   0.00000000  -0.00000000   0.00000000  -0.00000000   0.00000000  -0.00000000   0.00000000  -0.00000000   0.00000000  -0.00000000 
 -0.09800000   0.07768000  -0.00002599   0.00000535  -0.00000044   0.02885000  -0.00000278   0.00079500  -0.00000130   0.00000000  -0.00000000   0.00000000  -0.00000000   0.00000000  -0.00000000   0.00000000  -0.00000000   0.00000000  -0.00000000 
  0.01700000   0.04264000  -0.00029960   0.00001221  -0.00000556   0.01468000  -0.00003194   0.00062510  -0.00001498   0.00000000  -0.00000000   0.00000000  -0.00000000   0.00000000  -0.00000000   0.00000000  -0.00000000   0.00000000  -0.00000000 
  0.13200000   0.02280000  -0.00183600   0.00005935  -0.00003701   0.00408000  -0.00019530   0.00095280  -0.00009165   0.00000000  -0.00000000   0.00000000  -0.00000000   0.00000000  -0.00000000   0.00000000  -0.00000000   0.00000000  -0.00000000 
  0.24700000   0.02455000  -0.00599500   0.00018730  -0.00013140   0.00077830  -0.00063680   0.00162000  -0.00029900   0.00000000  -0.00000000   0.00000000  -0.00000000   0.00000000  -0.00000000   0.00000000  -0.00000000   0.00000000  -0.00000000 
  0.36200000   0.02341000  -0.01049000   0.00032140  -0.00024910   0.00026440  -0.00111500   0.00162500  -0.00052150   0.00000000  -0.00000000   0.00000000  -0.00000000   0.00000000  -0.00000000   0.00000000  -0.00000000   0.00000000  -0.00000000 
  0.47700000   0.01262000  -0.01018000   0.00029650  -0.00025280   0.00013440  -0.00115400   0.00087940  -0.00049240   0.00000000  -0.00000000   0.00000000  -0.00000000   0.00000000  -0.00000000   0.00000000  -0.00000000   0.00000000  -0.00000000 
  0.59200000   0.00364700  -0.00885400   0.00014670  -0.00013730   0.00004505  -0.00169200   0.00025430  -0.00030390   0.00000000  -0.00000000   0.00000000  -0.00000000   0.00000000  -0.00000000   0.00000000  -0.00000000   0.00000000  -0.00000000 
  0.70700000   0.00056210  -0.02182000   0.00003883  -0.00003992   0.00000892  -0.00621700   0.00003925  -0.00038180   0.00000000  -0.00000000   0.00000000  -0.00000000   0.00000000  -0.00000000   0.00000000  -0.00000000   0.00000000  -0.00000000 
  0.82200000   0.00004752  -0.05671000   0.00000549  -0.00000639   0.00000802  -0.01677000   0.00000526  -0.00088330   0.00000000  -0.00000000   0.00000000  -0.00000000   0.00000000  -0.00000000   0.00000000  -0.00000000   0.00000000  -0.00000000 
  0.93700000   0.00002916  -0.08327000   0.00000053  -0.00000085   0.00012340  -0.02468000   0.00003598  -0.00128800   0.00000000  -0.00000000   0.00000000  -0.00000000   0.00000000  -0.00000000   0.00000000  -0.00000000   0.00000000  -0.00000000 
  1.05200000   0.00026510  -0.06561000   0.00000110  -0.00000029   0.00114300  -0.01945000   0.00033240  -0.00101500   0.00000000  -0.00000000   0.00000000  -0.00000000   0.00000000  -0.00000000   0.00000000  -0.00000000   0.00000000  -0.00000000 
  1.16700000   0.00143900  -0.02768000   0.00000533  -0.00000012   0.00564100  -0.00819900   0.00164200  -0.00043090   0.00000000  -0.00000000   0.00000000  -0.00000000   0.00000000  -0.00000000   0.00000000  -0.00000000   0.00000000  -0.00000000 
  1.28200000   0.00448400  -0.00651900   0.00001410  -0.00000003   0.01487000  -0.00188700   0.00434300  -0.00012720   0.00000000  -0.00000000   0.00000000  -0.00000000   0.00000000  -0.00000000   0.00000000  -0.00000000   0.00000000  -0.00000000 
  1.39700000   0.00826600  -0.00222800   0.00002015  -0.00000004   0.02104000  -0.00043580   0.00618000  -0.00016450   0.00000000  -0.00000000   0.00000000  -0.00000000   0.00000000  -0.00000000   0.00000000  -0.00000000   0.00000000  -0.00000000 
  1.51200000   0.00916800  -0.00394300   0.00001647  -0.00000009   0.01604000  -0.00057910   0.00476400  -0.00040230   0.00000000  -0.00000000   0.00000000  -0.00000000   0.00000000  -0.00000000   0.00000000  -0.00000000   0.00000000  -0.00000000 
  1.62700000   0.00614700  -0.00546900   0.00001346  -0.00000016   0.00663900  -0.00079360   0.00201800  -0.00056370   0.00000000  -0.00000000   0.00000000  -0.00000000   0.00000000  -0.00000000   0.00000000  -0.00000000   0.00000000  -0.00000000 
  1.74200000   0.00313100  -0.00410600   0.00002749  -0.00000054   0.00159600  -0.00059600   0.00053830  -0.00042340   0.00000000  -0.00000000   0.00000000  -0.00000000   0.00000000  -0.00000000   0.00000000  -0.00000000   0.00000000  -0.00000000 
  1.85600000   0.00430500  -0.00165400   0.00005256  -0.00000313   0.00065070  -0.00024690   0.00035930  -0.00017250   0.00000000  -0.00000000   0.00000000  -0.00000000   0.00000000  -0.00000000   0.00000000  -0.00000000   0.00000000  -0.00000000 
  1.97100000   0.00993700  -0.00041840   0.00005721  -0.00001142   0.00126800  -0.00015620   0.00072440  -0.00007076   0.00000000  -0.00000000   0.00000000  -0.00000000   0.00000000  -0.00000000   0.00000000  -0.00000000   0.00000000  -0.00000000 
  2.08600000   0.01458000  -0.00050160   0.00003452  -0.00002307   0.00204400  -0.00079530   0.00095750  -0.00026150   0.00000000  -0.00000000   0.00000000  -0.00000000   0.00000000  -0.00000000   0.00000000  -0.00000000   0.00000000  -0.00000000 
  2.20100000   0.01279000  -0.00183800   0.00001300  -0.00002711   0.00225000  -0.00322000   0.00076760  -0.00104200   0.00000000  -0.00000000   0.00000000  -0.00000000   0.00000000  -0.00000000   0.00000000  -0.00000000   0.00000000  -0.00000000 
  2.31600000   0.00794400  -0.00404900   0.00000964  -0.00002174   0.00235700  -0.00707700   0.00070320  -0.00228800   0.00000000  -0.00000000   0.00000000  -0.00000000   0.00000000  -0.00000000   0.00000000  -0.00000000   0.00000000  -0.00000000 
  2.43100000   0.00748300  -0.00508800   0.00003121  -0.00001470   0.00356800  -0.00844400   0.00132900  -0.00279900   0.00000000  -0.00000000   0.00000000  -0.00000000   0.00000000  -0.00000000   0.00000000  -0.00000000   0.00000000  -0.00000000 
  2.54600000   0.01236000  -0.00429500   0.00010500  -0.00000971   0.00534100  -0.00583400   0.00208100  -0.00216800   0.00000000  -0.00000000   0.00000000  -0.00000000   0.00000000  -0.00000000   0.00000000  -0.00000000   0.00000000  -0.00000000 
  2.66100000   0.01490000  -0.00503000   0.00026060  -0.00001074   0.00525500  -0.00411600   0.00187500  -0.00182300   0.00000000  -0.00000000   0.00000000  -0.00000000   0.00000000  -0.00000000   0.00000000  -0.00000000   0.00000000  -0.00000000 
  2.77600000   0.01026000  -0.01056000   0.00040140  -0.00002158   0.00337600  -0.00690300   0.00100100  -0.00281700   0.00000000  -0.00000000   0.00000000  -0.00000000   0.00000000  -0.00000000   0.00000000  -0.00000000   0.00000000  -0.00000000 
  2.89100000   0.00393100  -0.01670000   0.00034870  -0.00004490   0.00184000  -0.01059000   0.00041750  -0.00402200   0.00000000  -0.00000000   0.00000000  -0.00000000   0.00000000  -0.00000000   0.00000000  -0.00000000   0.00000000  -0.00000000 
  3.00600000   0.00085400  -0.01485000   0.00016490  -0.00009178   0.00100400  -0.00919100   0.00019330  -0.00344000   0.00000000  -0.00000000   0.00000000  -0.00000000   0.00000000  -0.00000000   0.00000000  -0.00000000   0.00000000  -0.00000000 
  3.12100000   0.00011640  -0.00714100   0.00004194  -0.00014890   0.00041300  -0.00431100   0.00007702  -0.00167300   0.00000000  -0.00000000   0.00000000  -0.00000000   0.00000000  -0.00000000   0.00000000  -0.00000000   0.00000000  -0.00000000 
  3.23600000   0.00001235  -0.00186200   0.00000572  -0.00014840   0.00010010  -0.00111400   0.00001864  -0.00053550   0.00000000  -0.00000000   0.00000000  -0.00000000   0.00000000  -0.00000000   0.00000000  -0.00000000   0.00000000  -0.00000000 
  3.35100000   0.00000111  -0.00027620   0.00000042  -0.00008195   0.00001321  -0.00017850   0.00000246  -0.00016500   0.00000000  -0.00000000   0.00000000  -0.00000000   0.00000000  -0.00000000   0.00000000  -0.00000000   0.00000000  -0.00000000 
  3.46600000   0.00000007  -0.00002871   0.00000002  -0.00002440   0.00000093  -0.00002520   0.00000017  -0.00005099   0.00000000  -0.00000000   0.00000000  -0.00000000   0.00000000  -0.00000000   0.00000000  -0.00000000   0.00000000  -0.00000000 
  3.58100000   0.00000000  -0.00000299   0.00000000  -0.00000388   0.00000003  -0.00000372   0.00000001  -0.00001069   0.00000000  -0.00000000   0.00000000  -0.00000000   0.00000000  -0.00000000   0.00000000  -0.00000000   0.00000000  -0.00000000 
  3.69600000   0.00000000  -0.00000028   0.00000000  -0.00000033   0.00000000  -0.00000040   0.00000000  -0.00000125   0.00000000  -0.00000000   0.00000000  -0.00000000   0.00000000  -0.00000000   0.00000000  -0.00000000   0.00000000  -0.00000000 
  3.81100000   0.00000000  -0.00000002   0.00000000  -0.00000001   0.00000000  -0.00000002   0.00000000  -0.00000008   0.00000000  -0.00000000   0.00000000  -0.00000000   0.00000000  -0.00000000   0.00000000  -0.00000000   0.00000000  -0.00000000 
  3.92600000   0.00000000  -0.00000000   0.00000000  -0.00000000   0.00000000  -0.00000000   0.00000000  -0.00000000   0.00000000  -0.00000000   0.00000000  -0.00000000   0.00000000  -0.00000000   0.00000000  -0.00000000   0.00000000  -0.00000000 
  4.04100000   0.00000000  -0.00000000   0.00000000  -0.00000000   0.00000000  -0.00000000   0.00000000  -0.00000000   0.00000000  -0.00000000   0.00000000  -0.00000000   0.00000000  -0.00000000   0.00000000  -0.00000000   0.00000000  -0.00000000 
  4.15600000   0.00000000  -0.00000000   0.00000000  -0.00000000   0.00000000  -0.00000000   0.00000000  -0.00000000   0.00000000  -0.00000000   0.00000000  -0.00000000   0.00000000  -0.00000000   0.00000000  -0.00000000   0.00000000  -0.00000000 
  4.27100000   0.00000000  -0.00000000   0.00000000  -0.00000000   0.00000000  -0.00000000   0.00000000  -0.00000000   0.00000000  -0.00000000   0.00000000  -0.00000000   0.00000000  -0.00000000   0.00000000  -0.00000000   0.00000000  -0.00000000 
  4.38600000   0.00000000  -0.00000000   0.00000000  -0.00000000   0.00000000  -0.00000000   0.00000000  -0.00000000   0.00000000  -0.00000000   0.00000000  -0.00000000   0.00000000  -0.00000000   0.00000000  -0.00000000   0.00000000  -0.00000000 
  4.50100000   0.00000000  -0.00000000   0.00000000  -0.00000000   0.00000000  -0.00000000   0.00000000  -0.00000000   0.00000000  -0.00000000   0.00000000  -0.00000000   0.00000000  -0.00000000   0.00000000  -0.00000000   0.00000000  -0.00000000 
  4.61600000   0.00000000  -0.00000000   0.00000000  -0.00000000   0.00000000  -0.00000000   0.00000000  -0.00000000   0.00000000  -0.00000000   0.00000000  -0.00000000   0.00000000  -0.00000000   0.00000000  -0.00000000   0.00000000  -0.00000000 
  4.73100000   0.00000000  -0.00000000   0.00000000  -0.00000000   0.00000000  -0.00000000   0.00000000  -0.00000000   0.00000000  -0.00000000   0.00000000  -0.00000000   0.00000000  -0.00000000   0.00000000  -0.00000000   0.00000000  -0.00000000 
  4.84600000   0.00000000  -0.00000000   0.00000000  -0.00000000   0.00000000  -0.00000000   0.00000000  -0.00000000   0.00000000  -0.00000000   0.00000000  -0.00000000   0.00000000  -0.00000000   0.00000000  -0.00000000   0.00000000  -0.00000000 
  4.96100000   0.00000000  -0.00000000   0.00000000  -0.00000000   0.00000000  -0.00000000   0.00000000  -0.00000000   0.00000000  -0.00000000   0.00000000  -0.00000000   0.00000000  -0.00000000   0.00000000  -0.00000000   0.00000000  -0.00000000 
  5.07600000   0.00000000  -0.00000000   0.00000000  -0.00000000   0.00000000  -0.00000000   0.00000000  -0.00000000   0.00000000  -0.00000000   0.00000000  -0.00000000   0.00000000  -0.00000000   0.00000000  -0.00000000   0.00000000  -0.00000000 
  5.19100000   0.00000000  -0.00000000   0.00000000  -0.00000000   0.00000000  -0.00000000   0.00000000  -0.00000000   0.00000000  -0.00000000   0.00000000  -0.00000000   0.00000000  -0.00000000   0.00000000  -0.00000000   0.00000000  -0.00000000 
