     #Energy           s          py          pz          px         dxy         dyz         dz2         dxz         dx2       tot  
   -29.30203     0.00000     0.00000     0.00000     0.00000     0.00000     0.00000     0.00000     0.00000     0.00000     0.00000
   -29.18703     0.00000     0.00000     0.00000     0.00000     0.00000     0.00000     0.00000     0.00000     0.00000     0.00000
   -29.07203     0.00000     0.00000     0.00000     0.00000     0.00000     0.00000     0.00000     0.00000     0.00000     0.00000
   -28.95703     0.00000     0.00000     0.00000     0.00000     0.00000     0.00000     0.00000     0.00000     0.00000     0.00000
   -28.84203     0.00000     0.00000     0.00000     0.00000     0.00000     0.00000     0.00000     0.00000     0.00000     0.00000
   -28.72703     0.00000     0.00000     0.00000     0.00000     0.00000     0.00000     0.00000     0.00000     0.00000     0.00000
   -28.61203     0.00000     0.00000     0.00000     0.00000     0.00000     0.00000     0.00000     0.00000     0.00000     0.00000
   -28.49703     0.00000     0.00000     0.00000     0.00000     0.00000     0.00000     0.00000     0.00000     0.00000     0.00000
   -28.38203     0.00000     0.00000     0.00000     0.00000     0.00000     0.00000     0.00000     0.00000     0.00000     0.00000
   -28.26703    -0.00000    -0.00000    -0.00000    -0.00000     0.00000     0.00000     0.00000     0.00000     0.00000    -0.00000
   -28.15203    -0.00000    -0.00000    -0.00000    -0.00000     0.00000     0.00000     0.00000     0.00000     0.00000    -0.00000
   -28.03703    -0.00000    -0.00000    -0.00000    -0.00000     0.00000     0.00000     0.00000     0.00000     0.00000    -0.00000
   -27.92203    -0.00000    -0.00000    -0.00000    -0.00000     0.00000     0.00000     0.00000     0.00000     0.00000    -0.00000
   -27.80703    -0.00000    -0.00000    -0.00000    -0.00000     0.00000     0.00000     0.00000     0.00000     0.00000    -0.00000
   -27.69203    -0.00000    -0.00000    -0.00000    -0.00000     0.00000     0.00000     0.00000     0.00000     0.00000    -0.00000
   -27.57703    -0.00004    -0.00000    -0.00000    -0.00002     0.00000     0.00000     0.00000     0.00000     0.00000    -0.00006
   -27.46203    -0.00043    -0.00000    -0.00000    -0.00022     0.00000     0.00000     0.00000     0.00000     0.00000    -0.00065
   -27.34703    -0.00269    -0.00003    -0.00001    -0.00136     0.00000     0.00000     0.00000     0.00000     0.00000    -0.00408
   -27.23203    -0.01006    -0.00010    -0.00002    -0.00507     0.00000     0.00000     0.00000     0.00000     0.00000    -0.01525
   -27.11703    -0.02388    -0.00025    -0.00004    -0.01205     0.00000     0.00000     0.00000     0.00000     0.00000    -0.03622
   -27.00203    -0.03911    -0.00040    -0.00007    -0.01972     0.00000     0.00000     0.00000     0.00000     0.00000    -0.05931
   -26.88703    -0.04897    -0.00051    -0.00009    -0.02470     0.00000     0.00000     0.00000     0.00000     0.00000    -0.07427
   -26.77203    -0.05268    -0.00054    -0.00010    -0.02657     0.00000     0.00000     0.00000     0.00000     0.00000    -0.07989
   -26.65703    -0.05347    -0.00055    -0.00010    -0.02697     0.00000     0.00000     0.00000     0.00000     0.00000    -0.08109
   -26.54203    -0.05356    -0.00055    -0.00010    -0.02701     0.00000     0.00000     0.00000     0.00000     0.00000    -0.08123
   -26.42703    -0.05357    -0.00055    -0.00010    -0.02702     0.00000     0.00000     0.00000     0.00000     0.00000    -0.08124
   -26.31203    -0.05357    -0.00055    -0.00010    -0.02702     0.00000     0.00000     0.00000     0.00000     0.00000    -0.08124
   -26.19703    -0.05357    -0.00055    -0.00010    -0.02702     0.00000     0.00000     0.00000     0.00000     0.00000    -0.08124
   -26.08203    -0.05357    -0.00055    -0.00010    -0.02702     0.00000     0.00000     0.00000     0.00000     0.00000    -0.08124
   -25.96703    -0.05357    -0.00055    -0.00010    -0.02702     0.00000     0.00000     0.00000     0.00000     0.00000    -0.08124
   -25.85203    -0.05357    -0.00055    -0.00010    -0.02702     0.00000     0.00000     0.00000     0.00000     0.00000    -0.08124
   -25.73703    -0.05357    -0.00055    -0.00010    -0.02702     0.00000     0.00000     0.00000     0.00000     0.00000    -0.08124
   -25.62203    -0.05357    -0.00055    -0.00010    -0.02702     0.00000     0.00000     0.00000     0.00000     0.00000    -0.08124
   -25.50803    -0.05357    -0.00055    -0.00010    -0.02702     0.00000     0.00000     0.00000     0.00000     0.00000    -0.08124
   -25.39303    -0.05357    -0.00055    -0.00010    -0.02702     0.00000     0.00000     0.00000     0.00000     0.00000    -0.08124
   -25.27803    -0.05357    -0.00055    -0.00010    -0.02702     0.00000     0.00000     0.00000     0.00000     0.00000    -0.08124
   -25.16303    -0.05357    -0.00055    -0.00010    -0.02702     0.00000     0.00000     0.00000     0.00000     0.00000    -0.08124
   -25.04803    -0.05357    -0.00055    -0.00010    -0.02702     0.00000     0.00000     0.00000     0.00000     0.00000    -0.08124
   -24.93303    -0.05357    -0.00055    -0.00010    -0.02702     0.00000     0.00000     0.00000     0.00000     0.00000    -0.08124
   -24.81803    -0.05357    -0.00055    -0.00010    -0.02702     0.00000     0.00000     0.00000     0.00000     0.00000    -0.08124
   -24.70303    -0.05357    -0.00055    -0.00010    -0.02702     0.00000     0.00000     0.00000     0.00000     0.00000    -0.08124
   -24.58803    -0.05357    -0.00055    -0.00010    -0.02702     0.00000     0.00000     0.00000     0.00000     0.00000    -0.08124
   -24.47303    -0.05357    -0.00055    -0.00010    -0.02702     0.00000     0.00000     0.00000     0.00000     0.00000    -0.08124
   -24.35803    -0.05357    -0.00055    -0.00010    -0.02702     0.00000     0.00000     0.00000     0.00000     0.00000    -0.08124
   -24.24303    -0.05357    -0.00055    -0.00010    -0.02702     0.00000     0.00000     0.00000     0.00000     0.00000    -0.08124
   -24.12803    -0.05357    -0.00055    -0.00010    -0.02702     0.00000     0.00000     0.00000     0.00000     0.00000    -0.08124
   -24.01303    -0.05357    -0.00055    -0.00010    -0.02702     0.00000     0.00000     0.00000     0.00000     0.00000    -0.08124
   -23.89803    -0.05357    -0.00055    -0.00010    -0.02702     0.00000     0.00000     0.00000     0.00000     0.00000    -0.08124
   -23.78303    -0.05357    -0.00055    -0.00010    -0.02702     0.00000     0.00000     0.00000     0.00000     0.00000    -0.08124
   -23.66803    -0.05357    -0.00055    -0.00010    -0.02702     0.00000     0.00000     0.00000     0.00000     0.00000    -0.08124
   -23.55303    -0.05357    -0.00055    -0.00010    -0.02702     0.00000     0.00000     0.00000     0.00000     0.00000    -0.08124
   -23.43803    -0.05357    -0.00055    -0.00010    -0.02702     0.00000     0.00000     0.00000     0.00000     0.00000    -0.08124
   -23.32303    -0.05357    -0.00055    -0.00010    -0.02702     0.00000     0.00000     0.00000     0.00000     0.00000    -0.08124
   -23.20803    -0.05357    -0.00055    -0.00010    -0.02702     0.00000     0.00000     0.00000     0.00000     0.00000    -0.08124
   -23.09303    -0.05357    -0.00055    -0.00010    -0.02702     0.00000     0.00000     0.00000     0.00000     0.00000    -0.08124
   -22.97803    -0.05357    -0.00055    -0.00010    -0.02702     0.00000     0.00000     0.00000     0.00000     0.00000    -0.08124
   -22.86303    -0.05357    -0.00055    -0.00010    -0.02702     0.00000     0.00000     0.00000     0.00000     0.00000    -0.08124
   -22.74803    -0.05357    -0.00055    -0.00010    -0.02702     0.00000     0.00000     0.00000     0.00000     0.00000    -0.08124
   -22.63303    -0.05357    -0.00055    -0.00010    -0.02702     0.00000     0.00000     0.00000     0.00000     0.00000    -0.08124
   -22.51803    -0.05357    -0.00055    -0.00010    -0.02702     0.00000     0.00000     0.00000     0.00000     0.00000    -0.08124
   -22.40303    -0.05357    -0.00055    -0.00010    -0.02702     0.00000     0.00000     0.00000     0.00000     0.00000    -0.08124
   -22.28803    -0.05357    -0.00055    -0.00010    -0.02702     0.00000     0.00000     0.00000     0.00000     0.00000    -0.08124
   -22.17303    -0.05357    -0.00055    -0.00010    -0.02702     0.00000     0.00000     0.00000     0.00000     0.00000    -0.08124
   -22.05803    -0.05357    -0.00055    -0.00010    -0.02702     0.00000     0.00000     0.00000     0.00000     0.00000    -0.08124
   -21.94303    -0.05357    -0.00055    -0.00010    -0.02702     0.00000     0.00000     0.00000     0.00000     0.00000    -0.08124
   -21.82803    -0.05357    -0.00055    -0.00010    -0.02702     0.00000     0.00000     0.00000     0.00000     0.00000    -0.08124
   -21.71303    -0.05357    -0.00055    -0.00010    -0.02702     0.00000     0.00000     0.00000     0.00000     0.00000    -0.08124
   -21.59803    -0.05357    -0.00055    -0.00010    -0.02702     0.00000     0.00000     0.00000     0.00000     0.00000    -0.08124
   -21.48303    -0.05357    -0.00055    -0.00010    -0.02702     0.00000     0.00000     0.00000     0.00000     0.00000    -0.08124
   -21.36803    -0.05357    -0.00055    -0.00010    -0.02702     0.00000     0.00000     0.00000     0.00000     0.00000    -0.08124
   -21.25303    -0.05357    -0.00055    -0.00010    -0.02702     0.00000     0.00000     0.00000     0.00000     0.00000    -0.08124
   -21.13803    -0.05357    -0.00055    -0.00010    -0.02702     0.00000     0.00000     0.00000     0.00000     0.00000    -0.08124
   -21.02303    -0.05357    -0.00055    -0.00010    -0.02702     0.00000     0.00000     0.00000     0.00000     0.00000    -0.08124
   -20.90903    -0.05357    -0.00055    -0.00010    -0.02702     0.00000     0.00000     0.00000     0.00000     0.00000    -0.08124
   -20.79403    -0.05357    -0.00055    -0.00010    -0.02702     0.00000     0.00000     0.00000     0.00000     0.00000    -0.08124
   -20.67903    -0.05357    -0.00055    -0.00010    -0.02702     0.00000     0.00000     0.00000     0.00000     0.00000    -0.08124
   -20.56403    -0.05357    -0.00055    -0.00010    -0.02702     0.00000     0.00000     0.00000     0.00000     0.00000    -0.08124
   -20.44903    -0.05357    -0.00055    -0.00010    -0.02702     0.00000     0.00000     0.00000     0.00000     0.00000    -0.08124
   -20.33403    -0.05357    -0.00055    -0.00010    -0.02702     0.00000     0.00000     0.00000     0.00000     0.00000    -0.08124
   -20.21903    -0.05357    -0.00055    -0.00010    -0.02702     0.00000     0.00000     0.00000     0.00000     0.00000    -0.08124
   -20.10403    -0.05367    -0.00056    -0.00010    -0.02702     0.00000     0.00000     0.00000     0.00000     0.00000    -0.08135
   -19.98903    -0.05504    -0.00063    -0.00010    -0.02710     0.00000     0.00000     0.00000     0.00000     0.00000    -0.08287
   -19.87403    -0.06579    -0.00116    -0.00010    -0.02772     0.00000     0.00000     0.00000     0.00000     0.00000    -0.09477
   -19.75903    -0.11252    -0.00350    -0.00010    -0.03040     0.00000     0.00000     0.00000     0.00000     0.00000    -0.14652
   -19.64403    -0.22814    -0.00928    -0.00010    -0.03703     0.00000     0.00000     0.00000     0.00000     0.00000    -0.27456
   -19.52903    -0.39455    -0.01761    -0.00010    -0.04658     0.00000     0.00000     0.00000     0.00000     0.00000    -0.45884
   -19.41403    -0.53560    -0.02466    -0.00010    -0.05468     0.00000     0.00000     0.00000     0.00000     0.00000    -0.61504
   -19.29903    -0.60560    -0.02816    -0.00010    -0.05869     0.00000     0.00000     0.00000     0.00000     0.00000    -0.69256
   -19.18403    -0.62554    -0.02916    -0.00010    -0.05984     0.00000     0.00000     0.00000     0.00000     0.00000    -0.71464
   -19.06903    -0.62872    -0.02932    -0.00010    -0.06002     0.00000     0.00000     0.00000     0.00000     0.00000    -0.71816
   -18.95403    -0.62900    -0.02933    -0.00010    -0.06004     0.00000     0.00000     0.00000     0.00000     0.00000    -0.71847
   -18.83903    -0.62901    -0.02933    -0.00010    -0.06004     0.00000     0.00000     0.00000     0.00000     0.00000    -0.71849
   -18.72403    -0.62901    -0.02933    -0.00010    -0.06004     0.00000     0.00000     0.00000     0.00000     0.00000    -0.71849
   -18.60903    -0.62901    -0.02933    -0.00010    -0.06004     0.00000     0.00000     0.00000     0.00000     0.00000    -0.71849
   -18.49403    -0.62901    -0.02933    -0.00010    -0.06004     0.00000     0.00000     0.00000     0.00000     0.00000    -0.71849
   -18.37903    -0.62901    -0.02933    -0.00010    -0.06004     0.00000     0.00000     0.00000     0.00000     0.00000    -0.71849
   -18.26403    -0.62901    -0.02933    -0.00010    -0.06004     0.00000     0.00000     0.00000     0.00000     0.00000    -0.71849
   -18.14903    -0.62901    -0.02933    -0.00010    -0.06004     0.00000     0.00000     0.00000     0.00000     0.00000    -0.71849
   -18.03403    -0.62901    -0.02933    -0.00010    -0.06004     0.00000     0.00000     0.00000     0.00000     0.00000    -0.71849
   -17.91903    -0.62901    -0.02933    -0.00010    -0.06004     0.00000     0.00000     0.00000     0.00000     0.00000    -0.71849
   -17.80403    -0.62901    -0.02933    -0.00010    -0.06004     0.00000     0.00000     0.00000     0.00000     0.00000    -0.71849
   -17.68903    -0.62901    -0.02933    -0.00010    -0.06004     0.00000     0.00000     0.00000     0.00000     0.00000    -0.71849
   -17.57403    -0.62901    -0.02933    -0.00010    -0.06004     0.00000     0.00000     0.00000     0.00000     0.00000    -0.71849
   -17.45903    -0.62904    -0.02934    -0.00010    -0.06004     0.00000     0.00000     0.00000     0.00000     0.00000    -0.71851
   -17.34403    -0.62955    -0.02937    -0.00010    -0.06008     0.00000     0.00000     0.00000     0.00000     0.00000    -0.71910
   -17.22903    -0.63537    -0.02982    -0.00010    -0.06050     0.00000     0.00000     0.00000     0.00000     0.00000    -0.72580
   -17.11403    -0.67181    -0.03269    -0.00010    -0.06312     0.00000     0.00000     0.00000     0.00000     0.00000    -0.76771
   -16.99903    -0.79996    -0.04292    -0.00011    -0.07218     0.00000     0.00000     0.00000     0.00000     0.00000    -0.91517
   -16.88403    -1.05936    -0.06396    -0.00012    -0.09027     0.00000     0.00000     0.00000     0.00000     0.00000    -1.21370
   -16.76903    -1.36746    -0.08932    -0.00013    -0.11144     0.00000     0.00000     0.00000     0.00000     0.00000    -1.56835
   -16.65403    -1.58344    -0.10737    -0.00014    -0.12606     0.00000     0.00000     0.00000     0.00000     0.00000    -1.81701
   -16.53903    -1.67179    -0.11487    -0.00014    -0.13196     0.00000     0.00000     0.00000     0.00000     0.00000    -1.91875
   -16.42503    -1.69241    -0.11664    -0.00014    -0.13331     0.00000     0.00000     0.00000     0.00000     0.00000    -1.94251
   -16.31003    -1.69509    -0.11688    -0.00014    -0.13348     0.00000     0.00000     0.00000     0.00000     0.00000    -1.94560
   -16.19503    -1.69529    -0.11689    -0.00014    -0.13350     0.00000     0.00000     0.00000     0.00000     0.00000    -1.94582
   -16.08003    -1.69529    -0.11689    -0.00014    -0.13350     0.00000     0.00000     0.00000     0.00000     0.00000    -1.94582
   -15.96503    -1.69529    -0.11689    -0.00014    -0.13350     0.00000     0.00000     0.00000     0.00000     0.00000    -1.94582
   -15.85003    -1.69529    -0.11689    -0.00014    -0.13350     0.00000     0.00000     0.00000     0.00000     0.00000    -1.94582
   -15.73503    -1.69529    -0.11689    -0.00014    -0.13350     0.00000     0.00000     0.00000     0.00000     0.00000    -1.94582
   -15.62003    -1.69529    -0.11689    -0.00014    -0.13350     0.00000     0.00000     0.00000     0.00000     0.00000    -1.94583
   -15.50503    -1.69529    -0.11689    -0.00016    -0.13350     0.00000     0.00000     0.00000     0.00000     0.00000    -1.94584
   -15.39003    -1.69530    -0.11689    -0.00030    -0.13350     0.00000     0.00000     0.00000     0.00000     0.00000    -1.94599
   -15.27503    -1.69533    -0.11690    -0.00108    -0.13350     0.00000     0.00000     0.00000     0.00000     0.00000    -1.94681
   -15.16003    -1.69541    -0.11691    -0.00348    -0.13352     0.00000     0.00000     0.00000     0.00000     0.00000    -1.94932
   -15.04503    -1.69555    -0.11692    -0.00774    -0.13355     0.00000     0.00000     0.00000     0.00000     0.00000    -1.95377
   -14.93003    -1.69571    -0.11694    -0.01218    -0.13359     0.00000     0.00000     0.00000     0.00000     0.00000    -1.95841
   -14.81503    -1.69580    -0.11695    -0.01490    -0.13361     0.00000     0.00000     0.00000     0.00000     0.00000    -1.96125
   -14.70003    -1.69583    -0.11695    -0.01586    -0.13362     0.00000     0.00000     0.00000     0.00000     0.00000    -1.96226
   -14.58503    -1.69584    -0.11695    -0.01606    -0.13362     0.00000     0.00000     0.00000     0.00000     0.00000    -1.96246
   -14.47003    -1.69585    -0.11695    -0.01608    -0.13363     0.00000     0.00000     0.00000     0.00000     0.00000    -1.96251
   -14.35503    -1.69607    -0.11698    -0.01608    -0.13377     0.00000     0.00000     0.00000     0.00000     0.00000    -1.96289
   -14.24003    -1.69821    -0.11721    -0.01608    -0.13516     0.00000     0.00000     0.00000     0.00000     0.00000    -1.96667
   -14.12503    -1.70995    -0.11851    -0.01608    -0.14281     0.00000     0.00000     0.00000     0.00000     0.00000    -1.98735
   -14.01003    -1.74618    -0.12250    -0.01609    -0.16639     0.00000     0.00000     0.00000     0.00000     0.00000    -2.05117
   -13.89503    -1.81100    -0.12980    -0.01610    -0.20847     0.00000     0.00000     0.00000     0.00000     0.00000    -2.16538
   -13.78003    -1.88176    -0.13911    -0.01612    -0.25342     0.00000     0.00000     0.00000     0.00000     0.00000    -2.29041
   -13.66503    -1.94056    -0.15336    -0.01612    -0.28598     0.00000     0.00000     0.00000     0.00000     0.00000    -2.39603
   -13.55003    -2.00556    -0.18296    -0.01613    -0.31175     0.00000     0.00000     0.00000     0.00000     0.00000    -2.51640
   -13.43503    -2.09245    -0.23000    -0.01613    -0.34070     0.00000     0.00000     0.00000     0.00000     0.00000    -2.67928
   -13.32003    -2.17514    -0.27588    -0.01613    -0.36744     0.00000     0.00000     0.00000     0.00000     0.00000    -2.83459
   -13.20503    -2.22264    -0.30231    -0.01614    -0.38274     0.00000     0.00000     0.00000     0.00000     0.00000    -2.92382
   -13.09003    -2.23846    -0.31111    -0.01614    -0.38783     0.00000     0.00000     0.00000     0.00000     0.00000    -2.95354
   -12.97503    -2.24143    -0.31277    -0.01614    -0.38879     0.00000     0.00000     0.00000     0.00000     0.00000    -2.95912
   -12.86003    -2.24174    -0.31294    -0.01614    -0.38889     0.00000     0.00000     0.00000     0.00000     0.00000    -2.95970
   -12.74503    -2.24175    -0.31295    -0.01614    -0.38889     0.00000     0.00000     0.00000     0.00000     0.00000    -2.95973
   -12.63003    -2.24176    -0.31295    -0.01614    -0.38889     0.00000     0.00000     0.00000     0.00000     0.00000    -2.95973
   -12.51503    -2.24176    -0.31296    -0.01614    -0.38890     0.00000     0.00000     0.00000     0.00000     0.00000    -2.95975
   -12.40003    -2.24182    -0.31310    -0.01614    -0.38897     0.00000     0.00000     0.00000     0.00000     0.00000    -2.96003
   -12.28503    -2.24252    -0.31468    -0.01614    -0.38976     0.00000     0.00000     0.00000     0.00000     0.00000    -2.96310
   -12.17003    -2.24663    -0.32402    -0.01614    -0.39442     0.00000     0.00000     0.00000     0.00000     0.00000    -2.98121
   -12.05503    -2.26027    -0.35499    -0.01615    -0.40987     0.00000     0.00000     0.00000     0.00000     0.00000    -3.04128
   -11.94003    -2.28631    -0.41408    -0.01617    -0.43934     0.00000     0.00000     0.00000     0.00000     0.00000    -3.15590
   -11.82603    -2.31543    -0.48020    -0.01619    -0.47231     0.00000     0.00000     0.00000     0.00000     0.00000    -3.28413
   -11.71103    -2.33460    -0.52373    -0.01621    -0.49402     0.00000     0.00000     0.00000     0.00000     0.00000    -3.36856
   -11.59603    -2.34193    -0.54037    -0.01621    -0.50232     0.00000     0.00000     0.00000     0.00000     0.00000    -3.40084
   -11.48103    -2.34352    -0.54398    -0.01621    -0.50412     0.00000     0.00000     0.00000     0.00000     0.00000    -3.40785
   -11.36603    -2.34372    -0.54442    -0.01621    -0.50434     0.00000     0.00000     0.00000     0.00000     0.00000    -3.40869
   -11.25103    -2.34373    -0.54445    -0.01621    -0.50435     0.00000     0.00000     0.00000     0.00000     0.00000    -3.40874
   -11.13603    -2.34373    -0.54445    -0.01621    -0.50435     0.00000     0.00000     0.00000     0.00000     0.00000    -3.40874
   -11.02103    -2.34373    -0.54445    -0.01621    -0.50436     0.00000     0.00000     0.00000     0.00000     0.00000    -3.40875
   -10.90603    -2.34376    -0.54446    -0.01621    -0.50443     0.00000     0.00000     0.00000     0.00000     0.00000    -3.40886
   -10.79103    -2.34412    -0.54460    -0.01621    -0.50531     0.00000     0.00000     0.00000     0.00000     0.00000    -3.41025
   -10.67603    -2.34673    -0.54561    -0.01622    -0.51160     0.00000     0.00000     0.00000     0.00000     0.00000    -3.42016
   -10.56103    -2.35708    -0.54964    -0.01622    -0.53659     0.00000     0.00000     0.00000     0.00000     0.00000    -3.45953
   -10.44603    -2.38057    -0.55897    -0.01624    -0.59347     0.00000     0.00000     0.00000     0.00000     0.00000    -3.54925
   -10.33103    -2.41181    -0.57323    -0.01626    -0.67067     0.00000     0.00000     0.00000     0.00000     0.00000    -3.67198
   -10.21603    -2.43699    -0.59492    -0.01627    -0.74139     0.00000     0.00000     0.00000     0.00000     0.00000    -3.78958
   -10.10103    -2.45101    -0.63759    -0.01628    -0.80630     0.00000     0.00000     0.00000     0.00000     0.00000    -3.91118
    -9.98603    -2.45926    -0.70787    -0.01629    -0.88221     0.00000     0.00000     0.00000     0.00000     0.00000    -4.06562
    -9.87103    -2.46536    -0.78116    -0.01629    -0.95617     0.00000     0.00000     0.00000     0.00000     0.00000    -4.21899
    -9.75603    -2.46894    -0.82666    -0.01630    -1.00164     0.00000     0.00000     0.00000     0.00000     0.00000    -4.31353
    -9.64103    -2.47021    -0.84306    -0.01630    -1.01800     0.00000     0.00000     0.00000     0.00000     0.00000    -4.34757
    -9.52603    -2.47048    -0.84642    -0.01630    -1.02134     0.00000     0.00000     0.00000     0.00000     0.00000    -4.35454
    -9.41103    -2.47062    -0.84708    -0.01630    -1.02184     0.00000     0.00000     0.00000     0.00000     0.00000    -4.35583
    -9.29603    -2.47161    -0.84972    -0.01630    -1.02300     0.00000     0.00000     0.00000     0.00000     0.00000    -4.36063
    -9.18103    -2.47672    -0.86318    -0.01632    -1.02887     0.00000     0.00000     0.00000     0.00000     0.00000    -4.38508
    -9.06603    -2.49155    -0.90235    -0.01636    -1.04595     0.00000     0.00000     0.00000     0.00000     0.00000    -4.45621
    -8.95103    -2.51652    -0.96922    -0.01643    -1.07514     0.00000     0.00000     0.00000     0.00000     0.00000    -4.57730
    -8.83603    -2.54151    -1.04233    -0.01650    -1.10727     0.00000     0.00000     0.00000     0.00000     0.00000    -4.70760
    -8.72103    -2.55723    -1.11175    -0.01654    -1.13850     0.00000     0.00000     0.00000     0.00000     0.00000    -4.82402
    -8.60603    -2.56519    -1.19440    -0.01655    -1.17668     0.00000     0.00000     0.00000     0.00000     0.00000    -4.95283
    -8.49103    -2.57018    -1.28690    -0.01656    -1.21977     0.00000     0.00000     0.00000     0.00000     0.00000    -5.09341
    -8.37603    -2.57337    -1.35544    -0.01656    -1.25174     0.00000     0.00000     0.00000     0.00000     0.00000    -5.19711
    -8.26103    -2.57475    -1.38566    -0.01656    -1.26584     0.00000     0.00000     0.00000     0.00000     0.00000    -5.24281
    -8.14603    -2.57509    -1.39331    -0.01656    -1.26943     0.00000     0.00000     0.00000     0.00000     0.00000    -5.25440
    -8.03103    -2.57517    -1.39476    -0.01657    -1.27026     0.00000     0.00000     0.00000     0.00000     0.00000    -5.25676
    -7.91603    -2.57539    -1.39775    -0.01675    -1.27284     0.00000     0.00000     0.00000     0.00000     0.00000    -5.26272
    -7.80103    -2.57631    -1.41020    -0.01854    -1.28376     0.00000     0.00000     0.00000     0.00000     0.00000    -5.28881
    -7.68603    -2.57855    -1.44063    -0.03020    -1.31046     0.00000     0.00000     0.00000     0.00000     0.00000    -5.35984
    -7.57103    -2.58176    -1.48395    -0.07462    -1.34868     0.00000     0.00000     0.00000     0.00000     0.00000    -5.48901
    -7.45603    -2.58451    -1.52040    -0.17296    -1.38276     0.00000     0.00000     0.00000     0.00000     0.00000    -5.66063
    -7.34103    -2.58626    -1.53866    -0.30085    -1.41224     0.00000     0.00000     0.00000     0.00000     0.00000    -5.83800
    -7.22703    -2.58820    -1.54465    -0.39911    -1.46810     0.00000     0.00000     0.00000     0.00000     0.00000    -6.00006
    -7.11203    -2.59164    -1.54718    -0.44340    -1.58023     0.00000     0.00000     0.00000     0.00000     0.00000    -6.16246
    -6.99703    -2.59595    -1.54935    -0.45503    -1.72193     0.00000     0.00000     0.00000     0.00000     0.00000    -6.32227
    -6.88203    -2.59918    -1.55100    -0.45690    -1.82808     0.00000     0.00000     0.00000     0.00000     0.00000    -6.43515
    -6.76703    -2.60060    -1.55286    -0.45714    -1.87452     0.00000     0.00000     0.00000     0.00000     0.00000    -6.48513
    -6.65203    -2.60103    -1.56203    -0.45718    -1.88643     0.00000     0.00000     0.00000     0.00000     0.00000    -6.50667
    -6.53703    -2.60141    -1.59988    -0.45721    -1.88938     0.00000     0.00000     0.00000     0.00000     0.00000    -6.54788
    -6.42203    -2.60222    -1.69052    -0.45728    -1.89272     0.00000     0.00000     0.00000     0.00000     0.00000    -6.64274
    -6.30703    -2.60334    -1.81704    -0.45737    -1.89722     0.00000     0.00000     0.00000     0.00000     0.00000    -6.77497
    -6.19203    -2.60426    -1.92103    -0.45745    -1.90091     0.00000     0.00000     0.00000     0.00000     0.00000    -6.88365
    -6.07703    -2.60470    -1.97105    -0.45749    -1.90269     0.00000     0.00000     0.00000     0.00000     0.00000    -6.93592
    -5.96203    -2.60482    -1.98483    -0.45750    -1.90318     0.00000     0.00000     0.00000     0.00000     0.00000    -6.95033
    -5.84703    -2.60484    -1.98696    -0.45750    -1.90325     0.00000     0.00000     0.00000     0.00000     0.00000    -6.95255
    -5.73203    -2.60484    -1.98714    -0.45750    -1.90326     0.00000     0.00000     0.00000     0.00000     0.00000    -6.95274
    -5.61703    -2.60484    -1.98715    -0.45750    -1.90326     0.00000     0.00000     0.00000     0.00000     0.00000    -6.95275
    -5.50203    -2.60484    -1.98715    -0.45750    -1.90326     0.00000     0.00000     0.00000     0.00000     0.00000    -6.95275
    -5.38703    -2.60484    -1.98715    -0.45750    -1.90326     0.00000     0.00000     0.00000     0.00000     0.00000    -6.95275
    -5.27203    -2.60484    -1.98715    -0.45754    -1.90326     0.00000     0.00000     0.00000     0.00000     0.00000    -6.95279
    -5.15703    -2.60484    -1.98715    -0.45826    -1.90326     0.00000     0.00000     0.00000     0.00000     0.00000    -6.95351
    -5.04203    -2.60484    -1.98715    -0.46559    -1.90326     0.00000     0.00000     0.00000     0.00000     0.00000    -6.96085
    -4.92703    -2.60485    -1.98716    -0.50699    -1.90327     0.00000     0.00000     0.00000     0.00000     0.00000    -7.00227
    -4.81203    -2.60485    -1.98720    -0.63898    -1.90331     0.00000     0.00000     0.00000     0.00000     0.00000    -7.13433
    -4.69703    -2.60487    -1.98727    -0.88258    -1.90337     0.00000     0.00000     0.00000     0.00000     0.00000    -7.37809
    -4.58203    -2.60488    -1.98735    -1.14745    -1.90343     0.00000     0.00000     0.00000     0.00000     0.00000    -7.64311
    -4.46703    -2.60489    -1.98740    -1.31756    -1.90347     0.00000     0.00000     0.00000     0.00000     0.00000    -7.81332
    -4.35203    -2.60490    -1.98742    -1.38123    -1.90348     0.00000     0.00000     0.00000     0.00000     0.00000    -7.87703
    -4.23703    -2.60490    -1.98743    -1.39480    -1.90349     0.00000     0.00000     0.00000     0.00000     0.00000    -7.89061
    -4.12203    -2.60490    -1.98743    -1.39641    -1.90349     0.00000     0.00000     0.00000     0.00000     0.00000    -7.89222
    -4.00703    -2.60490    -1.98743    -1.39651    -1.90349     0.00000     0.00000     0.00000     0.00000     0.00000    -7.89232
    -3.89203    -2.60490    -1.98743    -1.39651    -1.90349     0.00000     0.00000     0.00000     0.00000     0.00000    -7.89233
    -3.77703    -2.60490    -1.98743    -1.39651    -1.90349     0.00000     0.00000     0.00000     0.00000     0.00000    -7.89233
    -3.66203    -2.60490    -1.98743    -1.39651    -1.90349     0.00000     0.00000     0.00000     0.00000     0.00000    -7.89233
    -3.54703    -2.60490    -1.98743    -1.39651    -1.90349     0.00000     0.00000     0.00000     0.00000     0.00000    -7.89233
    -3.43203    -2.60490    -1.98743    -1.39651    -1.90349     0.00000     0.00000     0.00000     0.00000     0.00000    -7.89233
    -3.31703    -2.60490    -1.98743    -1.39651    -1.90349     0.00000     0.00000     0.00000     0.00000     0.00000    -7.89233
    -3.20203    -2.60490    -1.98743    -1.39651    -1.90349     0.00000     0.00000     0.00000     0.00000     0.00000    -7.89233
    -3.08703    -2.60490    -1.98743    -1.39651    -1.90349     0.00000     0.00000     0.00000     0.00000     0.00000    -7.89233
    -2.97203    -2.60490    -1.98743    -1.39651    -1.90349     0.00000     0.00000     0.00000     0.00000     0.00000    -7.89233
    -2.85703    -2.60490    -1.98743    -1.39651    -1.90349     0.00000     0.00000     0.00000     0.00000     0.00000    -7.89233
    -2.74303    -2.60490    -1.98743    -1.39651    -1.90349     0.00000     0.00000     0.00000     0.00000     0.00000    -7.89233
    -2.62803    -2.60490    -1.98743    -1.39651    -1.90349     0.00000     0.00000     0.00000     0.00000     0.00000    -7.89233
    -2.51303    -2.60490    -1.98743    -1.39651    -1.90349     0.00000     0.00000     0.00000     0.00000     0.00000    -7.89233
    -2.39803    -2.60490    -1.98743    -1.39651    -1.90349     0.00000     0.00000     0.00000     0.00000     0.00000    -7.89233
    -2.28303    -2.60490    -1.98743    -1.39651    -1.90349     0.00000     0.00000     0.00000     0.00000     0.00000    -7.89233
    -2.16803    -2.60490    -1.98743    -1.39651    -1.90349     0.00000     0.00000     0.00000     0.00000     0.00000    -7.89233
    -2.05303    -2.60490    -1.98743    -1.39651    -1.90349     0.00000     0.00000     0.00000     0.00000     0.00000    -7.89233
    -1.93803    -2.60490    -1.98743    -1.39651    -1.90349     0.00000     0.00000     0.00000     0.00000     0.00000    -7.89233
    -1.82303    -2.60490    -1.98743    -1.39651    -1.90349     0.00000     0.00000     0.00000     0.00000     0.00000    -7.89233
    -1.70803    -2.60490    -1.98743    -1.39651    -1.90349     0.00000     0.00000     0.00000     0.00000     0.00000    -7.89233
    -1.59303    -2.60490    -1.98743    -1.39651    -1.90349     0.00000     0.00000     0.00000     0.00000     0.00000    -7.89233
    -1.47803    -2.60490    -1.98743    -1.39651    -1.90349     0.00000     0.00000     0.00000     0.00000     0.00000    -7.89233
    -1.36303    -2.60490    -1.98743    -1.39651    -1.90349     0.00000     0.00000     0.00000     0.00000     0.00000    -7.89233
    -1.24803    -2.60490    -1.98743    -1.39651    -1.90349     0.00000     0.00000     0.00000     0.00000     0.00000    -7.89233
    -1.13303    -2.60490    -1.98743    -1.39651    -1.90349     0.00000     0.00000     0.00000     0.00000     0.00000    -7.89233
    -1.01803    -2.60490    -1.98743    -1.39651    -1.90349     0.00000     0.00000     0.00000     0.00000     0.00000    -7.89233
    -0.90303    -2.60490    -1.98743    -1.39651    -1.90349     0.00000     0.00000     0.00000     0.00000     0.00000    -7.89233
    -0.78803    -2.60490    -1.98743    -1.39651    -1.90349     0.00000     0.00000     0.00000     0.00000     0.00000    -7.89233
    -0.67303    -2.60490    -1.98743    -1.39651    -1.90349     0.00000     0.00000     0.00000     0.00000     0.00000    -7.89233
    -0.55803    -2.60490    -1.98743    -1.39651    -1.90349     0.00000     0.00000     0.00000     0.00000     0.00000    -7.89233
    -0.44303    -2.60490    -1.98743    -1.39651    -1.90349     0.00000     0.00000     0.00000     0.00000     0.00000    -7.89233
    -0.32803    -2.60490    -1.98743    -1.39652    -1.90349     0.00000     0.00000     0.00000     0.00000     0.00000    -7.89233
    -0.21303    -2.60490    -1.98743    -1.39653    -1.90349     0.00000     0.00000     0.00000     0.00000     0.00000    -7.89234
    -0.09803    -2.60490    -1.98743    -1.39682    -1.90349     0.00000     0.00000     0.00000     0.00000     0.00000    -7.89264
     0.01697    -2.60490    -1.98743    -1.40047    -1.90349     0.00000     0.00000     0.00000     0.00000     0.00000    -7.89629
     0.13197    -2.60491    -1.98743    -1.42525    -1.90352     0.00000     0.00000     0.00000     0.00000     0.00000    -7.92110
     0.24697    -2.60494    -1.98744    -1.51923    -1.90361     0.00000     0.00000     0.00000     0.00000     0.00000    -8.01522
     0.36197    -2.60501    -1.98745    -1.72358    -1.90381     0.00000     0.00000     0.00000     0.00000     0.00000    -8.21985
     0.47697    -2.60510    -1.98747    -1.98358    -1.90407     0.00000     0.00000     0.00000     0.00000     0.00000    -8.48021
     0.59197    -2.60522    -1.98749    -2.17871    -1.90439     0.00000     0.00000     0.00000     0.00000     0.00000    -8.67581
     0.70697    -2.60563    -1.98750    -2.26437    -1.90527     0.00000     0.00000     0.00000     0.00000     0.00000    -8.76277
     0.82197    -2.60684    -1.98751    -2.28617    -1.90782     0.00000     0.00000     0.00000     0.00000     0.00000    -8.78834
     0.93697    -2.60903    -1.98754    -2.28979    -1.91242     0.00000     0.00000     0.00000     0.00000     0.00000    -8.79878
     1.05197    -2.61136    -1.98756    -2.29067    -1.91732     0.00000     0.00000     0.00000     0.00000     0.00000    -8.80691
     1.16697    -2.61284    -1.98760    -2.29109    -1.92040     0.00000     0.00000     0.00000     0.00000     0.00000    -8.81193
     1.28197    -2.61361    -1.98776    -2.29124    -1.92167     0.00000     0.00000     0.00000     0.00000     0.00000    -8.81428
     1.39697    -2.61501    -1.98860    -2.29128    -1.92271     0.00000     0.00000     0.00000     0.00000     0.00000    -8.81760
     1.51197    -2.61890    -1.99112    -2.29131    -1.92519     0.00000     0.00000     0.00000     0.00000     0.00000    -8.82653
     1.62697    -2.62566    -1.99552    -2.29136    -1.92946     0.00000     0.00000     0.00000     0.00000     0.00000    -8.84200
     1.74197    -2.63258    -2.00012    -2.29141    -1.93385     0.00000     0.00000     0.00000     0.00000     0.00000    -8.85797
     1.85597    -2.63691    -2.00358    -2.29144    -1.93668     0.00000     0.00000     0.00000     0.00000     0.00000    -8.86861
     1.97097    -2.63912    -2.00762    -2.29150    -1.93845     0.00000     0.00000     0.00000     0.00000     0.00000    -8.87668
     2.08597    -2.64133    -2.01513    -2.29190    -1.94091     0.00000     0.00000     0.00000     0.00000     0.00000    -8.88927
     2.20097    -2.64473    -2.02555    -2.29366    -1.94529     0.00000     0.00000     0.00000     0.00000     0.00000    -8.90923
     2.31597    -2.64940    -2.03510    -2.29817    -1.95183     0.00000     0.00000     0.00000     0.00000     0.00000    -8.93449
     2.43097    -2.65490    -2.04165    -2.30488    -1.95939     0.00000     0.00000     0.00000     0.00000     0.00000    -8.96082
     2.54597    -2.66026    -2.04599    -2.31089    -1.96564     0.00000     0.00000     0.00000     0.00000     0.00000    -8.98278
     2.66097    -2.66516    -2.04984    -2.31473    -1.96936     0.00000     0.00000     0.00000     0.00000     0.00000    -8.99909
     2.77597    -2.67066    -2.05487    -2.31844    -1.97148     0.00000     0.00000     0.00000     0.00000     0.00000    -9.01545
     2.89097    -2.67698    -2.06118    -2.32432    -1.97347     0.00000     0.00000     0.00000     0.00000     0.00000    -9.03595
     3.00597    -2.68258    -2.06738    -2.33172    -1.97594     0.00000     0.00000     0.00000     0.00000     0.00000    -9.05762
     3.12097    -2.68662    -2.07275    -2.33854    -1.97910     0.00000     0.00000     0.00000     0.00000     0.00000    -9.07701
     3.23597    -2.68971    -2.07732    -2.34365    -1.98292     0.00000     0.00000     0.00000     0.00000     0.00000    -9.09361
     3.35097    -2.69206    -2.08052    -2.34676    -1.98640     0.00000     0.00000     0.00000     0.00000     0.00000    -9.10574
     3.46597    -2.69334    -2.08204    -2.34808    -1.98845     0.00000     0.00000     0.00000     0.00000     0.00000    -9.11192
     3.58097    -2.69378    -2.08249    -2.34843    -1.98917     0.00000     0.00000     0.00000     0.00000     0.00000    -9.11387
     3.69597    -2.69387    -2.08257    -2.34848    -1.98931     0.00000     0.00000     0.00000     0.00000     0.00000    -9.11423
     3.81097    -2.69388    -2.08257    -2.34849    -1.98933     0.00000     0.00000     0.00000     0.00000     0.00000    -9.11426
     3.92597    -2.69388    -2.08257    -2.34849    -1.98933     0.00000     0.00000     0.00000     0.00000     0.00000    -9.11427
     4.04097    -2.69388    -2.08257    -2.34849    -1.98933     0.00000     0.00000     0.00000     0.00000     0.00000    -9.11427
     4.15597    -2.69388    -2.08257    -2.34849    -1.98933     0.00000     0.00000     0.00000     0.00000     0.00000    -9.11427
     4.27097    -2.69388    -2.08257    -2.34849    -1.98933     0.00000     0.00000     0.00000     0.00000     0.00000    -9.11427
     4.38597    -2.69388    -2.08257    -2.34849    -1.98933     0.00000     0.00000     0.00000     0.00000     0.00000    -9.11427
     4.50097    -2.69388    -2.08257    -2.34849    -1.98933     0.00000     0.00000     0.00000     0.00000     0.00000    -9.11427
     4.61597    -2.69388    -2.08257    -2.34849    -1.98933     0.00000     0.00000     0.00000     0.00000     0.00000    -9.11427
     4.73097    -2.69388    -2.08257    -2.34849    -1.98933     0.00000     0.00000     0.00000     0.00000     0.00000    -9.11427
     4.84597    -2.69388    -2.08257    -2.34849    -1.98933     0.00000     0.00000     0.00000     0.00000     0.00000    -9.11427
     4.96097    -2.69388    -2.08257    -2.34849    -1.98933     0.00000     0.00000     0.00000     0.00000     0.00000    -9.11427
     5.07597    -2.69388    -2.08257    -2.34849    -1.98933     0.00000     0.00000     0.00000     0.00000     0.00000    -9.11427
     5.19097    -2.69388    -2.08257    -2.34849    -1.98933     0.00000     0.00000     0.00000     0.00000     0.00000    -9.11427
