     #Energy           s          py          pz          px         dxy         dyz         dz2         dxz         dx2       tot  
   -29.30203     0.00000     0.00000     0.00000     0.00000     0.00000     0.00000     0.00000     0.00000     0.00000     0.00000
   -29.18703     0.00000     0.00000     0.00000     0.00000     0.00000     0.00000     0.00000     0.00000     0.00000     0.00000
   -29.07203     0.00000     0.00000     0.00000     0.00000     0.00000     0.00000     0.00000     0.00000     0.00000     0.00000
   -28.95703     0.00000     0.00000     0.00000     0.00000     0.00000     0.00000     0.00000     0.00000     0.00000     0.00000
   -28.84203     0.00000     0.00000     0.00000     0.00000     0.00000     0.00000     0.00000     0.00000     0.00000     0.00000
   -28.72703     0.00000     0.00000     0.00000     0.00000     0.00000     0.00000     0.00000     0.00000     0.00000     0.00000
   -28.61203     0.00000     0.00000     0.00000     0.00000     0.00000     0.00000     0.00000     0.00000     0.00000     0.00000
   -28.49703     0.00000     0.00000     0.00000     0.00000     0.00000     0.00000     0.00000     0.00000     0.00000     0.00000
   -28.38203     0.00000     0.00000     0.00000     0.00000     0.00000     0.00000     0.00000     0.00000     0.00000     0.00000
   -28.26703     0.00000     0.00000     0.00000     0.00000     0.00000     0.00000     0.00000     0.00000     0.00000     0.00000
   -28.15203     0.00000     0.00000     0.00000     0.00000     0.00000     0.00000     0.00000     0.00000     0.00000     0.00000
   -28.03703     0.00000     0.00000     0.00000     0.00000     0.00000     0.00000     0.00000     0.00000     0.00000     0.00000
   -27.92203     0.00001     0.00000     0.00000     0.00000     0.00000     0.00000     0.00000     0.00000     0.00000     0.00001
   -27.80703     0.00017     0.00000     0.00003     0.00001     0.00000     0.00000     0.00000     0.00000     0.00000     0.00021
   -27.69203     0.00275     0.00000     0.00050     0.00009     0.00000     0.00000     0.00000     0.00000     0.00000     0.00334
   -27.57703     0.02320     0.00001     0.00420     0.00072     0.00000     0.00000     0.00000     0.00000     0.00000     0.02813
   -27.46203     0.10410     0.00006     0.01886     0.00322     0.00000     0.00000     0.00000     0.00000     0.00000     0.12623
   -27.34703     0.24921     0.00014     0.04515     0.00772     0.00000     0.00000     0.00000     0.00000     0.00000     0.30221
   -27.23203     0.31909     0.00018     0.05780     0.00988     0.00000     0.00000     0.00000     0.00000     0.00000     0.38695
   -27.11703     0.21857     0.00012     0.03959     0.00677     0.00000     0.00000     0.00000     0.00000     0.00000     0.26505
   -27.00203     0.08004     0.00004     0.01450     0.00248     0.00000     0.00000     0.00000     0.00000     0.00000     0.09706
   -26.88703     0.01563     0.00001     0.00283     0.00048     0.00000     0.00000     0.00000     0.00000     0.00000     0.01895
   -26.77203     0.00162     0.00000     0.00029     0.00005     0.00000     0.00000     0.00000     0.00000     0.00000     0.00197
   -26.65703     0.00009     0.00000     0.00002     0.00000     0.00000     0.00000     0.00000     0.00000     0.00000     0.00011
   -26.54203     0.00000     0.00000     0.00000     0.00000     0.00000     0.00000     0.00000     0.00000     0.00000     0.00000
   -26.42703     0.00000     0.00000     0.00000     0.00000     0.00000     0.00000     0.00000     0.00000     0.00000     0.00000
   -26.31203     0.00000     0.00000     0.00000     0.00000     0.00000     0.00000     0.00000     0.00000     0.00000     0.00000
   -26.19703     0.00000     0.00000     0.00000     0.00000     0.00000     0.00000     0.00000     0.00000     0.00000     0.00000
   -26.08203     0.00000     0.00000     0.00000     0.00000     0.00000     0.00000     0.00000     0.00000     0.00000     0.00000
   -25.96703     0.00000     0.00000     0.00000     0.00000     0.00000     0.00000     0.00000     0.00000     0.00000     0.00000
   -25.85203     0.00000     0.00000     0.00000     0.00000     0.00000     0.00000     0.00000     0.00000     0.00000     0.00000
   -25.73703     0.00000     0.00000     0.00000     0.00000     0.00000     0.00000     0.00000     0.00000     0.00000     0.00000
   -25.62203     0.00000     0.00000     0.00000     0.00000     0.00000     0.00000     0.00000     0.00000     0.00000     0.00000
   -25.50803     0.00000     0.00000     0.00000     0.00000     0.00000     0.00000     0.00000     0.00000     0.00000     0.00000
   -25.39303     0.00000     0.00000     0.00000     0.00000     0.00000     0.00000     0.00000     0.00000     0.00000     0.00000
   -25.27803     0.00000     0.00000     0.00000     0.00000     0.00000     0.00000     0.00000     0.00000     0.00000     0.00000
   -25.16303     0.00000     0.00000     0.00000     0.00000     0.00000     0.00000     0.00000     0.00000     0.00000     0.00000
   -25.04803     0.00000     0.00000     0.00000     0.00000     0.00000     0.00000     0.00000     0.00000     0.00000     0.00000
   -24.93303     0.00000     0.00000     0.00000     0.00000     0.00000     0.00000     0.00000     0.00000     0.00000     0.00000
   -24.81803     0.00000     0.00000     0.00000     0.00000     0.00000     0.00000     0.00000     0.00000     0.00000     0.00000
   -24.70303     0.00000     0.00000     0.00000     0.00000     0.00000     0.00000     0.00000     0.00000     0.00000     0.00000
   -24.58803     0.00000     0.00000     0.00000     0.00000     0.00000     0.00000     0.00000     0.00000     0.00000     0.00000
   -24.47303     0.00000     0.00000     0.00000     0.00000     0.00000     0.00000     0.00000     0.00000     0.00000     0.00000
   -24.35803     0.00000     0.00000     0.00000     0.00000     0.00000     0.00000     0.00000     0.00000     0.00000     0.00000
   -24.24303     0.00000     0.00000     0.00000     0.00000     0.00000     0.00000     0.00000     0.00000     0.00000     0.00000
   -24.12803     0.00000     0.00000     0.00000     0.00000     0.00000     0.00000     0.00000     0.00000     0.00000     0.00000
   -24.01303     0.00000     0.00000     0.00000     0.00000     0.00000     0.00000     0.00000     0.00000     0.00000     0.00000
   -23.89803     0.00000     0.00000     0.00000     0.00000     0.00000     0.00000     0.00000     0.00000     0.00000     0.00000
   -23.78303     0.00000     0.00000     0.00000     0.00000     0.00000     0.00000     0.00000     0.00000     0.00000     0.00000
   -23.66803     0.00000     0.00000     0.00000     0.00000     0.00000     0.00000     0.00000     0.00000     0.00000     0.00000
   -23.55303     0.00000     0.00000     0.00000     0.00000     0.00000     0.00000     0.00000     0.00000     0.00000     0.00000
   -23.43803     0.00000     0.00000     0.00000     0.00000     0.00000     0.00000     0.00000     0.00000     0.00000     0.00000
   -23.32303     0.00000     0.00000     0.00000     0.00000     0.00000     0.00000     0.00000     0.00000     0.00000     0.00000
   -23.20803     0.00000     0.00000     0.00000     0.00000     0.00000     0.00000     0.00000     0.00000     0.00000     0.00000
   -23.09303     0.00000     0.00000     0.00000     0.00000     0.00000     0.00000     0.00000     0.00000     0.00000     0.00000
   -22.97803     0.00000     0.00000     0.00000     0.00000     0.00000     0.00000     0.00000     0.00000     0.00000     0.00000
   -22.86303     0.00000     0.00000     0.00000     0.00000     0.00000     0.00000     0.00000     0.00000     0.00000     0.00000
   -22.74803     0.00000     0.00000     0.00000     0.00000     0.00000     0.00000     0.00000     0.00000     0.00000     0.00000
   -22.63303     0.00000     0.00000     0.00000     0.00000     0.00000     0.00000     0.00000     0.00000     0.00000     0.00000
   -22.51803     0.00000     0.00000     0.00000     0.00000     0.00000     0.00000     0.00000     0.00000     0.00000     0.00000
   -22.40303     0.00000     0.00000     0.00000     0.00000     0.00000     0.00000     0.00000     0.00000     0.00000     0.00000
   -22.28803     0.00000     0.00000     0.00000     0.00000     0.00000     0.00000     0.00000     0.00000     0.00000     0.00000
   -22.17303     0.00000     0.00000     0.00000     0.00000     0.00000     0.00000     0.00000     0.00000     0.00000     0.00000
   -22.05803     0.00000     0.00000     0.00000     0.00000     0.00000     0.00000     0.00000     0.00000     0.00000     0.00000
   -21.94303     0.00000     0.00000     0.00000     0.00000     0.00000     0.00000     0.00000     0.00000     0.00000     0.00000
   -21.82803     0.00000     0.00000     0.00000     0.00000     0.00000     0.00000     0.00000     0.00000     0.00000     0.00000
   -21.71303     0.00000     0.00000     0.00000     0.00000     0.00000     0.00000     0.00000     0.00000     0.00000     0.00000
   -21.59803     0.00000     0.00000     0.00000     0.00000     0.00000     0.00000     0.00000     0.00000     0.00000     0.00000
   -21.48303     0.00000     0.00000     0.00000     0.00000     0.00000     0.00000     0.00000     0.00000     0.00000     0.00000
   -21.36803     0.00000     0.00000     0.00000     0.00000     0.00000     0.00000     0.00000     0.00000     0.00000     0.00000
   -21.25303     0.00000     0.00000     0.00000     0.00000     0.00000     0.00000     0.00000     0.00000     0.00000     0.00000
   -21.13803     0.00000     0.00000     0.00000     0.00000     0.00000     0.00000     0.00000     0.00000     0.00000     0.00000
   -21.02303     0.00000     0.00000     0.00000     0.00000     0.00000     0.00000     0.00000     0.00000     0.00000     0.00000
   -20.90903     0.00000     0.00000     0.00000     0.00000     0.00000     0.00000     0.00000     0.00000     0.00000     0.00000
   -20.79403     0.00000     0.00000     0.00000     0.00000     0.00000     0.00000     0.00000     0.00000     0.00000     0.00000
   -20.67903     0.00000     0.00000     0.00000     0.00000     0.00000     0.00000     0.00000     0.00000     0.00000     0.00000
   -20.56403     0.00000     0.00000     0.00000     0.00000     0.00000     0.00000     0.00000     0.00000     0.00000     0.00000
   -20.44903     0.00000     0.00000     0.00000     0.00000     0.00000     0.00000     0.00000     0.00000     0.00000     0.00000
   -20.33403     0.00000     0.00000     0.00000     0.00000     0.00000     0.00000     0.00000     0.00000     0.00000     0.00000
   -20.21903     0.00001     0.00000     0.00000     0.00000     0.00000     0.00000     0.00000     0.00000     0.00000     0.00001
   -20.10403     0.00015     0.00001     0.00001     0.00001     0.00000     0.00000     0.00000     0.00000     0.00000     0.00017
   -19.98903     0.00177     0.00010     0.00009     0.00006     0.00000     0.00000     0.00000     0.00000     0.00000     0.00202
   -19.87403     0.01143     0.00063     0.00056     0.00041     0.00000     0.00000     0.00000     0.00000     0.00000     0.01303
   -19.75903     0.03927     0.00215     0.00193     0.00141     0.00000     0.00000     0.00000     0.00000     0.00000     0.04476
   -19.64403     0.07208     0.00394     0.00354     0.00260     0.00000     0.00000     0.00000     0.00000     0.00000     0.08216
   -19.52903     0.07077     0.00387     0.00347     0.00255     0.00000     0.00000     0.00000     0.00000     0.00000     0.08067
   -19.41403     0.03717     0.00203     0.00182     0.00134     0.00000     0.00000     0.00000     0.00000     0.00000     0.04236
   -19.29903     0.01042     0.00057     0.00051     0.00038     0.00000     0.00000     0.00000     0.00000     0.00000     0.01188
   -19.18403     0.00156     0.00009     0.00008     0.00006     0.00000     0.00000     0.00000     0.00000     0.00000     0.00178
   -19.06903     0.00012     0.00001     0.00001     0.00000     0.00000     0.00000     0.00000     0.00000     0.00000     0.00014
   -18.95403     0.00001     0.00000     0.00000     0.00000     0.00000     0.00000     0.00000     0.00000     0.00000     0.00001
   -18.83903     0.00000     0.00000     0.00000     0.00000     0.00000     0.00000     0.00000     0.00000     0.00000     0.00000
   -18.72403     0.00000     0.00000     0.00000     0.00000     0.00000     0.00000     0.00000     0.00000     0.00000     0.00000
   -18.60903     0.00000     0.00000     0.00000     0.00000     0.00000     0.00000     0.00000     0.00000     0.00000     0.00000
   -18.49403     0.00000     0.00000     0.00000     0.00000     0.00000     0.00000     0.00000     0.00000     0.00000     0.00000
   -18.37903     0.00000     0.00000     0.00000     0.00000     0.00000     0.00000     0.00000     0.00000     0.00000     0.00000
   -18.26403     0.00000     0.00000     0.00000     0.00000     0.00000     0.00000     0.00000     0.00000     0.00000     0.00000
   -18.14903     0.00000     0.00000     0.00000     0.00000     0.00000     0.00000     0.00000     0.00000     0.00000     0.00000
   -18.03403     0.00000     0.00000     0.00000     0.00000     0.00000     0.00000     0.00000     0.00000     0.00000     0.00000
   -17.91903     0.00000     0.00000     0.00000     0.00000     0.00000     0.00000     0.00000     0.00000     0.00000     0.00000
   -17.80403     0.00000     0.00000     0.00000     0.00000     0.00000     0.00000     0.00000     0.00000     0.00000     0.00000
   -17.68903     0.00000     0.00000     0.00000     0.00000     0.00000     0.00000     0.00000     0.00000     0.00000     0.00000
   -17.57403     0.00001     0.00000     0.00000     0.00000     0.00000     0.00000     0.00000     0.00000     0.00000     0.00001
   -17.45903     0.00018     0.00001     0.00001     0.00001     0.00000     0.00000     0.00000     0.00000     0.00000     0.00021
   -17.34403     0.00275     0.00011     0.00017     0.00010     0.00000     0.00000     0.00000     0.00000     0.00000     0.00313
   -17.22903     0.02233     0.00095     0.00130     0.00079     0.00000     0.00000     0.00000     0.00000     0.00000     0.02537
   -17.11403     0.09952     0.00450     0.00516     0.00354     0.00000     0.00000     0.00000     0.00000     0.00000     0.11271
   -16.99903     0.24489     0.01183     0.01098     0.00871     0.00000     0.00000     0.00000     0.00000     0.00000     0.27641
   -16.88403     0.33447     0.01728     0.01250     0.01190     0.00000     0.00000     0.00000     0.00000     0.00000     0.37615
   -16.76903     0.25398     0.01396     0.00762     0.00904     0.00000     0.00000     0.00000     0.00000     0.00000     0.28459
   -16.65403     0.10697     0.00621     0.00248     0.00381     0.00000     0.00000     0.00000     0.00000     0.00000     0.11946
   -16.53903     0.02485     0.00151     0.00043     0.00088     0.00000     0.00000     0.00000     0.00000     0.00000     0.02767
   -16.42503     0.00316     0.00020     0.00004     0.00011     0.00000     0.00000     0.00000     0.00000     0.00000     0.00351
   -16.31003     0.00022     0.00001     0.00000     0.00001     0.00000     0.00000     0.00000     0.00000     0.00000     0.00024
   -16.19503     0.00001     0.00000     0.00000     0.00000     0.00000     0.00000     0.00000     0.00000     0.00000     0.00001
   -16.08003     0.00000     0.00000     0.00000     0.00000     0.00000     0.00000     0.00000     0.00000     0.00000     0.00000
   -15.96503     0.00011     0.00000     0.00001     0.00000     0.00000     0.00000     0.00000     0.00000     0.00000     0.00012
   -15.85003     0.00231     0.00000     0.00024     0.00007     0.00000     0.00000     0.00000     0.00000     0.00000     0.00263
   -15.73503     0.02624     0.00001     0.00277     0.00081     0.00000     0.00000     0.00000     0.00000     0.00000     0.02982
   -15.62003     0.15815     0.00007     0.01668     0.00488     0.00000     0.00000     0.00000     0.00000     0.00000     0.17979
   -15.50503     0.50810     0.00024     0.05361     0.01566     0.00000     0.00000     0.00000     0.00000     0.00000     0.57761
   -15.39003     0.87228     0.00041     0.09202     0.02689     0.00000     0.00000     0.00000     0.00000     0.00000     0.99159
   -15.27503     0.80096     0.00037     0.08450     0.02469     0.00000     0.00000     0.00000     0.00000     0.00000     0.91052
   -15.16003     0.39348     0.00018     0.04150     0.01213     0.00000     0.00000     0.00000     0.00000     0.00000     0.44729
   -15.04503     0.10318     0.00005     0.01089     0.00318     0.00000     0.00000     0.00000     0.00000     0.00000     0.11730
   -14.93003     0.01441     0.00001     0.00152     0.00044     0.00000     0.00000     0.00000     0.00000     0.00000     0.01639
   -14.81503     0.00107     0.00000     0.00011     0.00003     0.00000     0.00000     0.00000     0.00000     0.00000     0.00121
   -14.70003     0.00004     0.00000     0.00000     0.00000     0.00000     0.00000     0.00000     0.00000     0.00000     0.00005
   -14.58503     0.00005     0.00000     0.00000     0.00000     0.00000     0.00000     0.00000     0.00000     0.00000     0.00006
   -14.47003     0.00100     0.00001     0.00008     0.00006     0.00000     0.00000     0.00000     0.00000     0.00000     0.00115
   -14.35503     0.01009     0.00007     0.00084     0.00060     0.00000     0.00000     0.00000     0.00000     0.00000     0.01160
   -14.24003     0.05425     0.00039     0.00453     0.00323     0.00000     0.00000     0.00000     0.00000     0.00000     0.06240
   -14.12503     0.15558     0.00111     0.01300     0.00927     0.00000     0.00000     0.00000     0.00000     0.00000     0.17896
   -14.01003     0.23865     0.00172     0.01992     0.01421     0.00000     0.00000     0.00000     0.00000     0.00000     0.27450
   -13.89503     0.19844     0.00164     0.01634     0.01167     0.00000     0.00000     0.00000     0.00000     0.00000     0.22809
   -13.78003     0.10939     0.00262     0.00716     0.00530     0.00000     0.00000     0.00000     0.00000     0.00000     0.12447
   -13.66503     0.12284     0.00886     0.00168     0.00204     0.00000     0.00000     0.00000     0.00000     0.00000     0.13542
   -13.55003     0.24101     0.02025     0.00022     0.00210     0.00000     0.00000     0.00000     0.00000     0.00000     0.26357
   -13.43503     0.29616     0.02511     0.00002     0.00243     0.00000     0.00000     0.00000     0.00000     0.00000     0.32372
   -13.32003     0.19654     0.01667     0.00001     0.00161     0.00000     0.00000     0.00000     0.00000     0.00000     0.21482
   -13.20503     0.06975     0.00592     0.00000     0.00057     0.00000     0.00000     0.00000     0.00000     0.00000     0.07624
   -13.09003     0.01320     0.00112     0.00000     0.00011     0.00000     0.00000     0.00000     0.00000     0.00000     0.01443
   -12.97503     0.00133     0.00011     0.00000     0.00001     0.00000     0.00000     0.00000     0.00000     0.00000     0.00145
   -12.86003     0.00007     0.00001     0.00000     0.00000     0.00000     0.00000     0.00000     0.00000     0.00000     0.00008
   -12.74503     0.00000     0.00000     0.00000     0.00000     0.00000     0.00000     0.00000     0.00000     0.00000     0.00000
   -12.63003     0.00001     0.00000     0.00000     0.00000     0.00000     0.00000     0.00000     0.00000     0.00000     0.00001
   -12.51503     0.00029     0.00001     0.00000     0.00001     0.00000     0.00000     0.00000     0.00000     0.00000     0.00032
   -12.40003     0.00429     0.00014     0.00007     0.00017     0.00000     0.00000     0.00000     0.00000     0.00000     0.00467
   -12.28503     0.03355     0.00108     0.00052     0.00133     0.00000     0.00000     0.00000     0.00000     0.00000     0.03649
   -12.17003     0.13972     0.00451     0.00216     0.00554     0.00000     0.00000     0.00000     0.00000     0.00000     0.15194
   -12.05503     0.31057     0.01001     0.00481     0.01232     0.00000     0.00000     0.00000     0.00000     0.00000     0.33772
   -11.94003     0.36916     0.01190     0.00572     0.01465     0.00000     0.00000     0.00000     0.00000     0.00000     0.40143
   -11.82603     0.23475     0.00757     0.00364     0.00931     0.00000     0.00000     0.00000     0.00000     0.00000     0.25527
   -11.71103     0.07977     0.00257     0.00124     0.00317     0.00000     0.00000     0.00000     0.00000     0.00000     0.08674
   -11.59603     0.01446     0.00047     0.00022     0.00057     0.00000     0.00000     0.00000     0.00000     0.00000     0.01572
   -11.48103     0.00139     0.00004     0.00002     0.00006     0.00000     0.00000     0.00000     0.00000     0.00000     0.00151
   -11.36603     0.00007     0.00000     0.00000     0.00000     0.00000     0.00000     0.00000     0.00000     0.00000     0.00008
   -11.25103     0.00000     0.00000     0.00000     0.00000     0.00000     0.00000     0.00000     0.00000     0.00000     0.00000
   -11.13603     0.00000     0.00000     0.00000     0.00000     0.00000     0.00000     0.00000     0.00000     0.00000     0.00000
   -11.02103     0.00009     0.00000     0.00000     0.00000     0.00000     0.00000     0.00000     0.00000     0.00000     0.00009
   -10.90603     0.00179     0.00004     0.00000     0.00006     0.00000     0.00000     0.00000     0.00000     0.00000     0.00190
   -10.79103     0.01985     0.00048     0.00005     0.00071     0.00000     0.00000     0.00000     0.00000     0.00000     0.02109
   -10.67603     0.11723     0.00283     0.00027     0.00418     0.00000     0.00000     0.00000     0.00000     0.00000     0.12451
   -10.56103     0.36891     0.00893     0.00084     0.01316     0.00000     0.00000     0.00000     0.00000     0.00000     0.39185
   -10.44603     0.62097     0.01518     0.00141     0.02220     0.00000     0.00000     0.00000     0.00000     0.00000     0.65977
   -10.33103     0.56251     0.01497     0.00127     0.02047     0.00000     0.00000     0.00000     0.00000     0.00000     0.59923
   -10.21603     0.28685     0.01266     0.00062     0.01197     0.00000     0.00000     0.00000     0.00000     0.00000     0.31210
   -10.10103     0.10974     0.01538     0.00017     0.00778     0.00000     0.00000     0.00000     0.00000     0.00000     0.13307
    -9.98603     0.05786     0.01652     0.00004     0.00665     0.00000     0.00000     0.00000     0.00000     0.00000     0.08107
    -9.87103     0.03146     0.01037     0.00001     0.00404     0.00000     0.00000     0.00000     0.00000     0.00000     0.04589
    -9.75603     0.01048     0.00352     0.00000     0.00137     0.00000     0.00000     0.00000     0.00000     0.00000     0.01537
    -9.64103     0.00191     0.00064     0.00000     0.00025     0.00000     0.00000     0.00000     0.00000     0.00000     0.00280
    -9.52603     0.00065     0.00008     0.00000     0.00003     0.00000     0.00000     0.00000     0.00000     0.00000     0.00075
    -9.41103     0.00716     0.00025     0.00000     0.00010     0.00000     0.00000     0.00000     0.00000     0.00000     0.00751
    -9.29603     0.05840     0.00202     0.00003     0.00077     0.00000     0.00000     0.00000     0.00000     0.00000     0.06123
    -9.18103     0.25396     0.00879     0.00014     0.00336     0.00000     0.00000     0.00000     0.00000     0.00000     0.26625
    -9.06603     0.59056     0.02043     0.00032     0.00782     0.00000     0.00000     0.00000     0.00000     0.00000     0.61914
    -8.95103     0.74798     0.02580     0.00040     0.00988     0.00000     0.00000     0.00000     0.00000     0.00000     0.78406
    -8.83603     0.59074     0.01988     0.00027     0.00762     0.00000     0.00000     0.00000     0.00000     0.00000     0.61850
    -8.72103     0.52053     0.01614     0.00010     0.00622     0.00000     0.00000     0.00000     0.00000     0.00000     0.54298
    -8.60603     0.64757     0.01910     0.00002     0.00739     0.00000     0.00000     0.00000     0.00000     0.00000     0.67407
    -8.49103     0.58398     0.01709     0.00000     0.00661     0.00000     0.00000     0.00000     0.00000     0.00000     0.60769
    -8.37603     0.29357     0.00858     0.00000     0.00332     0.00000     0.00000     0.00000     0.00000     0.00000     0.30547
    -8.26103     0.07924     0.00233     0.00000     0.00090     0.00000     0.00000     0.00000     0.00000     0.00000     0.08247
    -8.14603     0.01259     0.00063     0.00000     0.00016     0.00000     0.00000     0.00000     0.00000     0.00000     0.01339
    -8.03103     0.01136     0.00258     0.00002     0.00029     0.00000     0.00000     0.00000     0.00000     0.00000     0.01424
    -7.91603     0.04809     0.01167     0.00011     0.00129     0.00000     0.00000     0.00000     0.00000     0.00000     0.06116
    -7.80103     0.11805     0.02849     0.00062     0.00315     0.00000     0.00000     0.00000     0.00000     0.00000     0.15031
    -7.68603     0.15814     0.03722     0.00270     0.00412     0.00000     0.00000     0.00000     0.00000     0.00000     0.20218
    -7.57103     0.12336     0.02611     0.00728     0.00296     0.00000     0.00000     0.00000     0.00000     0.00000     0.15971
    -7.45603     0.08000     0.01018     0.01099     0.00157     0.00000     0.00000     0.00000     0.00000     0.00000     0.10274
    -7.34103     0.12905     0.00385     0.00899     0.00278     0.00000     0.00000     0.00000     0.00000     0.00000     0.14467
    -7.22703     0.33733     0.00593     0.00400     0.00807     0.00000     0.00000     0.00000     0.00000     0.00000     0.35533
    -7.11203     0.56587     0.00973     0.00105     0.01379     0.00000     0.00000     0.00000     0.00000     0.00000     0.59044
    -6.99703     0.51868     0.00893     0.00023     0.01267     0.00000     0.00000     0.00000     0.00000     0.00000     0.54050
    -6.88203     0.25619     0.00443     0.00006     0.00625     0.00000     0.00000     0.00000     0.00000     0.00000     0.26694
    -6.76703     0.08166     0.00165     0.00002     0.00186     0.00000     0.00000     0.00000     0.00000     0.00000     0.08519
    -6.65203     0.09798     0.00317     0.00001     0.00156     0.00000     0.00000     0.00000     0.00000     0.00000     0.10273
    -6.53703     0.28450     0.00965     0.00002     0.00429     0.00000     0.00000     0.00000     0.00000     0.00000     0.29846
    -6.42203     0.48565     0.01650     0.00004     0.00731     0.00000     0.00000     0.00000     0.00000     0.00000     0.50950
    -6.30703     0.44457     0.01510     0.00004     0.00669     0.00000     0.00000     0.00000     0.00000     0.00000     0.46639
    -6.19203     0.21767     0.00739     0.00002     0.00328     0.00000     0.00000     0.00000     0.00000     0.00000     0.22835
    -6.07703     0.05690     0.00193     0.00000     0.00086     0.00000     0.00000     0.00000     0.00000     0.00000     0.05970
    -5.96203     0.00792     0.00027     0.00000     0.00012     0.00000     0.00000     0.00000     0.00000     0.00000     0.00831
    -5.84703     0.00059     0.00002     0.00000     0.00001     0.00000     0.00000     0.00000     0.00000     0.00000     0.00061
    -5.73203     0.00002     0.00000     0.00000     0.00000     0.00000     0.00000     0.00000     0.00000     0.00000     0.00002
    -5.61703     0.00000     0.00000     0.00000     0.00000     0.00000     0.00000     0.00000     0.00000     0.00000     0.00000
    -5.50203     0.00000     0.00000     0.00000     0.00000     0.00000     0.00000     0.00000     0.00000     0.00000     0.00000
    -5.38703     0.00000     0.00000     0.00000     0.00000     0.00000     0.00000     0.00000     0.00000     0.00000     0.00000
    -5.27203     0.00006     0.00000     0.00003     0.00000     0.00000     0.00000     0.00000     0.00000     0.00000     0.00009
    -5.15703     0.00071     0.00000     0.00042     0.00000     0.00000     0.00000     0.00000     0.00000     0.00000     0.00113
    -5.04203     0.00457     0.00001     0.00294     0.00002     0.00000     0.00000     0.00000     0.00000     0.00000     0.00754
    -4.92703     0.01566     0.00003     0.01151     0.00008     0.00000     0.00000     0.00000     0.00000     0.00000     0.02728
    -4.81203     0.02868     0.00006     0.02523     0.00015     0.00000     0.00000     0.00000     0.00000     0.00000     0.05412
    -4.69703     0.02812     0.00008     0.03107     0.00015     0.00000     0.00000     0.00000     0.00000     0.00000     0.05942
    -4.58203     0.01477     0.00006     0.02151     0.00008     0.00000     0.00000     0.00000     0.00000     0.00000     0.03642
    -4.46703     0.00415     0.00002     0.00833     0.00002     0.00000     0.00000     0.00000     0.00000     0.00000     0.01253
    -4.35203     0.00062     0.00001     0.00179     0.00000     0.00000     0.00000     0.00000     0.00000     0.00000     0.00242
    -4.23703     0.00005     0.00000     0.00021     0.00000     0.00000     0.00000     0.00000     0.00000     0.00000     0.00026
    -4.12203     0.00000     0.00000     0.00001     0.00000     0.00000     0.00000     0.00000     0.00000     0.00000     0.00002
    -4.00703     0.00000     0.00000     0.00000     0.00000     0.00000     0.00000     0.00000     0.00000     0.00000     0.00000
    -3.89203     0.00000     0.00000     0.00000     0.00000     0.00000     0.00000     0.00000     0.00000     0.00000     0.00000
    -3.77703     0.00000     0.00000     0.00000     0.00000     0.00000     0.00000     0.00000     0.00000     0.00000     0.00000
    -3.66203     0.00000     0.00000     0.00000     0.00000     0.00000     0.00000     0.00000     0.00000     0.00000     0.00000
    -3.54703     0.00000     0.00000     0.00000     0.00000     0.00000     0.00000     0.00000     0.00000     0.00000     0.00000
    -3.43203     0.00000     0.00000     0.00000     0.00000     0.00000     0.00000     0.00000     0.00000     0.00000     0.00000
    -3.31703     0.00000     0.00000     0.00000     0.00000     0.00000     0.00000     0.00000     0.00000     0.00000     0.00000
    -3.20203     0.00000     0.00000     0.00000     0.00000     0.00000     0.00000     0.00000     0.00000     0.00000     0.00000
    -3.08703     0.00000     0.00000     0.00000     0.00000     0.00000     0.00000     0.00000     0.00000     0.00000     0.00000
    -2.97203     0.00000     0.00000     0.00000     0.00000     0.00000     0.00000     0.00000     0.00000     0.00000     0.00000
    -2.85703     0.00000     0.00000     0.00000     0.00000     0.00000     0.00000     0.00000     0.00000     0.00000     0.00000
    -2.74303     0.00000     0.00000     0.00000     0.00000     0.00000     0.00000     0.00000     0.00000     0.00000     0.00000
    -2.62803     0.00000     0.00000     0.00000     0.00000     0.00000     0.00000     0.00000     0.00000     0.00000     0.00000
    -2.51303     0.00000     0.00000     0.00000     0.00000     0.00000     0.00000     0.00000     0.00000     0.00000     0.00000
    -2.39803     0.00000     0.00000     0.00000     0.00000     0.00000     0.00000     0.00000     0.00000     0.00000     0.00000
    -2.28303     0.00000     0.00000     0.00000     0.00000     0.00000     0.00000     0.00000     0.00000     0.00000     0.00000
    -2.16803     0.00000     0.00000     0.00000     0.00000     0.00000     0.00000     0.00000     0.00000     0.00000     0.00000
    -2.05303     0.00000     0.00000     0.00000     0.00000     0.00000     0.00000     0.00000     0.00000     0.00000     0.00000
    -1.93803     0.00000     0.00000     0.00000     0.00000     0.00000     0.00000     0.00000     0.00000     0.00000     0.00000
    -1.82303     0.00000     0.00000     0.00000     0.00000     0.00000     0.00000     0.00000     0.00000     0.00000     0.00000
    -1.70803     0.00000     0.00000     0.00000     0.00000     0.00000     0.00000     0.00000     0.00000     0.00000     0.00000
    -1.59303     0.00000     0.00000     0.00000     0.00000     0.00000     0.00000     0.00000     0.00000     0.00000     0.00000
    -1.47803     0.00000     0.00000     0.00000     0.00000     0.00000     0.00000     0.00000     0.00000     0.00000     0.00000
    -1.36303     0.00000     0.00000     0.00000     0.00000     0.00000     0.00000     0.00000     0.00000     0.00000     0.00000
    -1.24803     0.00000     0.00000     0.00000     0.00000     0.00000     0.00000     0.00000     0.00000     0.00000     0.00000
    -1.13303     0.00000     0.00000     0.00000     0.00000     0.00000     0.00000     0.00000     0.00000     0.00000     0.00000
    -1.01803     0.00000     0.00000     0.00000     0.00000     0.00000     0.00000     0.00000     0.00000     0.00000     0.00000
    -0.90303     0.00000     0.00000     0.00000     0.00000     0.00000     0.00000     0.00000     0.00000     0.00000     0.00000
    -0.78803     0.00002     0.00000     0.00001     0.00000     0.00000     0.00000     0.00000     0.00000     0.00000     0.00003
    -0.67303     0.00042     0.00000     0.00014     0.00000     0.00000     0.00000     0.00000     0.00000     0.00000     0.00057
    -0.55803     0.00497     0.00001     0.00163     0.00004     0.00000     0.00000     0.00000     0.00000     0.00000     0.00666
    -0.44303     0.03103     0.00009     0.01018     0.00024     0.00000     0.00000     0.00000     0.00000     0.00000     0.04154
    -0.32803     0.10314     0.00029     0.03383     0.00080     0.00000     0.00000     0.00000     0.00000     0.00000     0.13805
    -0.21303     0.18320     0.00052     0.06011     0.00142     0.00000     0.00000     0.00000     0.00000     0.00000     0.24525
    -0.09803     0.17471     0.00050     0.05764     0.00142     0.00000     0.00000     0.00000     0.00000     0.00000     0.23426
     0.01697     0.09329     0.00027     0.03327     0.00120     0.00000     0.00000     0.00000     0.00000     0.00000     0.12803
     0.13197     0.04135     0.00018     0.02562     0.00201     0.00000     0.00000     0.00000     0.00000     0.00000     0.06916
     0.24697     0.03634     0.00038     0.04310     0.00347     0.00000     0.00000     0.00000     0.00000     0.00000     0.08329
     0.36197     0.03356     0.00063     0.05704     0.00349     0.00000     0.00000     0.00000     0.00000     0.00000     0.09473
     0.47697     0.01808     0.00058     0.04429     0.00189     0.00000     0.00000     0.00000     0.00000     0.00000     0.06484
     0.59197     0.00524     0.00029     0.01950     0.00055     0.00000     0.00000     0.00000     0.00000     0.00000     0.02558
     0.70697     0.00081     0.00008     0.00479     0.00009     0.00000     0.00000     0.00000     0.00000     0.00000     0.00576
     0.82197     0.00007     0.00001     0.00066     0.00001     0.00000     0.00000     0.00000     0.00000     0.00000     0.00075
     0.93697     0.00006     0.00001     0.00033     0.00006     0.00000     0.00000     0.00000     0.00000     0.00000     0.00045
     1.05197     0.00058     0.00007     0.00260     0.00054     0.00000     0.00000     0.00000     0.00000     0.00000     0.00379
     1.16697     0.00342     0.00064     0.01284     0.00289     0.00000     0.00000     0.00000     0.00000     0.00000     0.01980
     1.28197     0.01196     0.00321     0.03397     0.00871     0.00000     0.00000     0.00000     0.00000     0.00000     0.05785
     1.39697     0.02510     0.00882     0.04840     0.01535     0.00000     0.00000     0.00000     0.00000     0.00000     0.09768
     1.51197     0.03133     0.01328     0.03740     0.01629     0.00000     0.00000     0.00000     0.00000     0.00000     0.09830
     1.62697     0.02281     0.01199     0.01587     0.01086     0.00000     0.00000     0.00000     0.00000     0.00000     0.06152
     1.74197     0.01091     0.01047     0.00393     0.00616     0.00000     0.00000     0.00000     0.00000     0.00000     0.03146
     1.85597     0.01005     0.01371     0.00136     0.00638     0.00000     0.00000     0.00000     0.00000     0.00000     0.03149
     1.97097     0.02126     0.01603     0.00237     0.00942     0.00000     0.00000     0.00000     0.00000     0.00000     0.04908
     2.08597     0.03332     0.01441     0.00389     0.01292     0.00000     0.00000     0.00000     0.00000     0.00000     0.06455
     2.20097     0.03497     0.01295     0.00441     0.01421     0.00000     0.00000     0.00000     0.00000     0.00000     0.06654
     2.31597     0.02830     0.01270     0.00490     0.01186     0.00000     0.00000     0.00000     0.00000     0.00000     0.05776
     2.43097     0.02535     0.01366     0.00798     0.01065     0.00000     0.00000     0.00000     0.00000     0.00000     0.05763
     2.54597     0.03284     0.01541     0.01231     0.01198     0.00000     0.00000     0.00000     0.00000     0.00000     0.07254
     2.66097     0.03722     0.01443     0.01236     0.01057     0.00000     0.00000     0.00000     0.00000     0.00000     0.07459
     2.77597     0.02605     0.01188     0.00829     0.00661     0.00000     0.00000     0.00000     0.00000     0.00000     0.05283
     2.89097     0.01088     0.00993     0.00482     0.00388     0.00000     0.00000     0.00000     0.00000     0.00000     0.02950
     3.00597     0.00308     0.00648     0.00269     0.00219     0.00000     0.00000     0.00000     0.00000     0.00000     0.01444
     3.12097     0.00072     0.00254     0.00110     0.00085     0.00000     0.00000     0.00000     0.00000     0.00000     0.00521
     3.23597     0.00013     0.00055     0.00026     0.00019     0.00000     0.00000     0.00000     0.00000     0.00000     0.00113
     3.35097     0.00002     0.00006     0.00003     0.00002     0.00000     0.00000     0.00000     0.00000     0.00000     0.00014
     3.46597     0.00000     0.00000     0.00000     0.00000     0.00000     0.00000     0.00000     0.00000     0.00000     0.00001
     3.58097     0.00000     0.00000     0.00000     0.00000     0.00000     0.00000     0.00000     0.00000     0.00000     0.00000
     3.69597     0.00000     0.00000     0.00000     0.00000     0.00000     0.00000     0.00000     0.00000     0.00000     0.00000
     3.81097     0.00000     0.00000     0.00000     0.00000     0.00000     0.00000     0.00000     0.00000     0.00000     0.00000
     3.92597     0.00000     0.00000     0.00000     0.00000     0.00000     0.00000     0.00000     0.00000     0.00000     0.00000
     4.04097     0.00000     0.00000     0.00000     0.00000     0.00000     0.00000     0.00000     0.00000     0.00000     0.00000
     4.15597     0.00000     0.00000     0.00000     0.00000     0.00000     0.00000     0.00000     0.00000     0.00000     0.00000
     4.27097     0.00000     0.00000     0.00000     0.00000     0.00000     0.00000     0.00000     0.00000     0.00000     0.00000
     4.38597     0.00000     0.00000     0.00000     0.00000     0.00000     0.00000     0.00000     0.00000     0.00000     0.00000
     4.50097     0.00000     0.00000     0.00000     0.00000     0.00000     0.00000     0.00000     0.00000     0.00000     0.00000
     4.61597     0.00000     0.00000     0.00000     0.00000     0.00000     0.00000     0.00000     0.00000     0.00000     0.00000
     4.73097     0.00000     0.00000     0.00000     0.00000     0.00000     0.00000     0.00000     0.00000     0.00000     0.00000
     4.84597     0.00000     0.00000     0.00000     0.00000     0.00000     0.00000     0.00000     0.00000     0.00000     0.00000
     4.96097     0.00000     0.00000     0.00000     0.00000     0.00000     0.00000     0.00000     0.00000     0.00000     0.00000
     5.07597     0.00000     0.00000     0.00000     0.00000     0.00000     0.00000     0.00000     0.00000     0.00000     0.00000
     5.19097     0.00000     0.00000     0.00000     0.00000     0.00000     0.00000     0.00000     0.00000     0.00000     0.00000
