     #Energy           s          py          pz          px         dxy         dyz         dz2         dxz         dx2       tot  
   -29.30203     0.00000     0.00000     0.00000     0.00000     0.00000     0.00000     0.00000     0.00000     0.00000     0.00000
   -29.18703     0.00000     0.00000     0.00000     0.00000     0.00000     0.00000     0.00000     0.00000     0.00000     0.00000
   -29.07203     0.00000     0.00000     0.00000     0.00000     0.00000     0.00000     0.00000     0.00000     0.00000     0.00000
   -28.95703     0.00000     0.00000     0.00000     0.00000     0.00000     0.00000     0.00000     0.00000     0.00000     0.00000
   -28.84203     0.00000     0.00000     0.00000     0.00000     0.00000     0.00000     0.00000     0.00000     0.00000     0.00000
   -28.72703     0.00000     0.00000     0.00000     0.00000     0.00000     0.00000     0.00000     0.00000     0.00000     0.00000
   -28.61203     0.00000     0.00000     0.00000     0.00000     0.00000     0.00000     0.00000     0.00000     0.00000     0.00000
   -28.49703     0.00000     0.00000     0.00000     0.00000     0.00000     0.00000     0.00000     0.00000     0.00000     0.00000
   -28.38203     0.00000     0.00000     0.00000     0.00000     0.00000     0.00000     0.00000     0.00000     0.00000     0.00000
   -28.26703    -0.00000    -0.00000    -0.00000    -0.00000     0.00000     0.00000     0.00000     0.00000     0.00000    -0.00000
   -28.15203    -0.00000    -0.00000    -0.00000    -0.00000     0.00000     0.00000     0.00000     0.00000     0.00000    -0.00000
   -28.03703    -0.00000    -0.00000    -0.00000    -0.00000     0.00000     0.00000     0.00000     0.00000     0.00000    -0.00000
   -27.92203    -0.00000    -0.00000    -0.00000    -0.00000     0.00000     0.00000     0.00000     0.00000     0.00000    -0.00000
   -27.80703    -0.00000    -0.00000    -0.00000    -0.00000     0.00000     0.00000     0.00000     0.00000     0.00000    -0.00000
   -27.69203    -0.00007    -0.00000    -0.00001    -0.00000     0.00000     0.00000     0.00000     0.00000     0.00000    -0.00008
   -27.57703    -0.00128    -0.00000    -0.00025    -0.00004     0.00000     0.00000     0.00000     0.00000     0.00000    -0.00158
   -27.46203    -0.01296    -0.00001    -0.00256    -0.00043     0.00000     0.00000     0.00000     0.00000     0.00000    -0.01595
   -27.34703    -0.06964    -0.00004    -0.01374    -0.00230     0.00000     0.00000     0.00000     0.00000     0.00000    -0.08572
   -27.23203    -0.19958    -0.00012    -0.03937    -0.00658     0.00000     0.00000     0.00000     0.00000     0.00000    -0.24565
   -27.11703    -0.30581    -0.00019    -0.06030    -0.01008     0.00000     0.00000     0.00000     0.00000     0.00000    -0.37638
   -27.00203    -0.25064    -0.00015    -0.04942    -0.00826     0.00000     0.00000     0.00000     0.00000     0.00000    -0.30847
   -26.88703    -0.10982    -0.00007    -0.02166    -0.00362     0.00000     0.00000     0.00000     0.00000     0.00000    -0.13517
   -26.77203    -0.02569    -0.00002    -0.00507    -0.00085     0.00000     0.00000     0.00000     0.00000     0.00000    -0.03162
   -26.65703    -0.00320    -0.00000    -0.00063    -0.00011     0.00000     0.00000     0.00000     0.00000     0.00000    -0.00394
   -26.54203    -0.00021    -0.00000    -0.00004    -0.00001     0.00000     0.00000     0.00000     0.00000     0.00000    -0.00026
   -26.42703    -0.00001    -0.00000    -0.00000    -0.00000     0.00000     0.00000     0.00000     0.00000     0.00000    -0.00001
   -26.31203    -0.00000    -0.00000    -0.00000    -0.00000     0.00000     0.00000     0.00000     0.00000     0.00000    -0.00000
   -26.19703    -0.00000    -0.00000    -0.00000    -0.00000     0.00000     0.00000     0.00000     0.00000     0.00000    -0.00000
   -26.08203    -0.00000    -0.00000    -0.00000    -0.00000     0.00000     0.00000     0.00000     0.00000     0.00000    -0.00000
   -25.96703    -0.00000    -0.00000    -0.00000    -0.00000     0.00000     0.00000     0.00000     0.00000     0.00000    -0.00000
   -25.85203     0.00000     0.00000     0.00000     0.00000     0.00000     0.00000     0.00000     0.00000     0.00000     0.00000
   -25.73703     0.00000     0.00000     0.00000     0.00000     0.00000     0.00000     0.00000     0.00000     0.00000     0.00000
   -25.62203     0.00000     0.00000     0.00000     0.00000     0.00000     0.00000     0.00000     0.00000     0.00000     0.00000
   -25.50803     0.00000     0.00000     0.00000     0.00000     0.00000     0.00000     0.00000     0.00000     0.00000     0.00000
   -25.39303     0.00000     0.00000     0.00000     0.00000     0.00000     0.00000     0.00000     0.00000     0.00000     0.00000
   -25.27803     0.00000     0.00000     0.00000     0.00000     0.00000     0.00000     0.00000     0.00000     0.00000     0.00000
   -25.16303     0.00000     0.00000     0.00000     0.00000     0.00000     0.00000     0.00000     0.00000     0.00000     0.00000
   -25.04803     0.00000     0.00000     0.00000     0.00000     0.00000     0.00000     0.00000     0.00000     0.00000     0.00000
   -24.93303     0.00000     0.00000     0.00000     0.00000     0.00000     0.00000     0.00000     0.00000     0.00000     0.00000
   -24.81803     0.00000     0.00000     0.00000     0.00000     0.00000     0.00000     0.00000     0.00000     0.00000     0.00000
   -24.70303     0.00000     0.00000     0.00000     0.00000     0.00000     0.00000     0.00000     0.00000     0.00000     0.00000
   -24.58803     0.00000     0.00000     0.00000     0.00000     0.00000     0.00000     0.00000     0.00000     0.00000     0.00000
   -24.47303     0.00000     0.00000     0.00000     0.00000     0.00000     0.00000     0.00000     0.00000     0.00000     0.00000
   -24.35803     0.00000     0.00000     0.00000     0.00000     0.00000     0.00000     0.00000     0.00000     0.00000     0.00000
   -24.24303     0.00000     0.00000     0.00000     0.00000     0.00000     0.00000     0.00000     0.00000     0.00000     0.00000
   -24.12803     0.00000     0.00000     0.00000     0.00000     0.00000     0.00000     0.00000     0.00000     0.00000     0.00000
   -24.01303     0.00000     0.00000     0.00000     0.00000     0.00000     0.00000     0.00000     0.00000     0.00000     0.00000
   -23.89803     0.00000     0.00000     0.00000     0.00000     0.00000     0.00000     0.00000     0.00000     0.00000     0.00000
   -23.78303     0.00000     0.00000     0.00000     0.00000     0.00000     0.00000     0.00000     0.00000     0.00000     0.00000
   -23.66803     0.00000     0.00000     0.00000     0.00000     0.00000     0.00000     0.00000     0.00000     0.00000     0.00000
   -23.55303     0.00000     0.00000     0.00000     0.00000     0.00000     0.00000     0.00000     0.00000     0.00000     0.00000
   -23.43803     0.00000     0.00000     0.00000     0.00000     0.00000     0.00000     0.00000     0.00000     0.00000     0.00000
   -23.32303     0.00000     0.00000     0.00000     0.00000     0.00000     0.00000     0.00000     0.00000     0.00000     0.00000
   -23.20803     0.00000     0.00000     0.00000     0.00000     0.00000     0.00000     0.00000     0.00000     0.00000     0.00000
   -23.09303     0.00000     0.00000     0.00000     0.00000     0.00000     0.00000     0.00000     0.00000     0.00000     0.00000
   -22.97803     0.00000     0.00000     0.00000     0.00000     0.00000     0.00000     0.00000     0.00000     0.00000     0.00000
   -22.86303     0.00000     0.00000     0.00000     0.00000     0.00000     0.00000     0.00000     0.00000     0.00000     0.00000
   -22.74803     0.00000     0.00000     0.00000     0.00000     0.00000     0.00000     0.00000     0.00000     0.00000     0.00000
   -22.63303     0.00000     0.00000     0.00000     0.00000     0.00000     0.00000     0.00000     0.00000     0.00000     0.00000
   -22.51803     0.00000     0.00000     0.00000     0.00000     0.00000     0.00000     0.00000     0.00000     0.00000     0.00000
   -22.40303     0.00000     0.00000     0.00000     0.00000     0.00000     0.00000     0.00000     0.00000     0.00000     0.00000
   -22.28803     0.00000     0.00000     0.00000     0.00000     0.00000     0.00000     0.00000     0.00000     0.00000     0.00000
   -22.17303     0.00000     0.00000     0.00000     0.00000     0.00000     0.00000     0.00000     0.00000     0.00000     0.00000
   -22.05803     0.00000     0.00000     0.00000     0.00000     0.00000     0.00000     0.00000     0.00000     0.00000     0.00000
   -21.94303     0.00000     0.00000     0.00000     0.00000     0.00000     0.00000     0.00000     0.00000     0.00000     0.00000
   -21.82803     0.00000     0.00000     0.00000     0.00000     0.00000     0.00000     0.00000     0.00000     0.00000     0.00000
   -21.71303     0.00000     0.00000     0.00000     0.00000     0.00000     0.00000     0.00000     0.00000     0.00000     0.00000
   -21.59803     0.00000     0.00000     0.00000     0.00000     0.00000     0.00000     0.00000     0.00000     0.00000     0.00000
   -21.48303     0.00000     0.00000     0.00000     0.00000     0.00000     0.00000     0.00000     0.00000     0.00000     0.00000
   -21.36803     0.00000     0.00000     0.00000     0.00000     0.00000     0.00000     0.00000     0.00000     0.00000     0.00000
   -21.25303     0.00000     0.00000     0.00000     0.00000     0.00000     0.00000     0.00000     0.00000     0.00000     0.00000
   -21.13803     0.00000     0.00000     0.00000     0.00000     0.00000     0.00000     0.00000     0.00000     0.00000     0.00000
   -21.02303     0.00000     0.00000     0.00000     0.00000     0.00000     0.00000     0.00000     0.00000     0.00000     0.00000
   -20.90903     0.00000     0.00000     0.00000     0.00000     0.00000     0.00000     0.00000     0.00000     0.00000     0.00000
   -20.79403    -0.00000    -0.00000    -0.00000    -0.00000     0.00000     0.00000     0.00000     0.00000     0.00000    -0.00000
   -20.67903    -0.00000    -0.00000    -0.00000    -0.00000     0.00000     0.00000     0.00000     0.00000     0.00000    -0.00000
   -20.56403    -0.00000    -0.00000    -0.00000    -0.00000     0.00000     0.00000     0.00000     0.00000     0.00000    -0.00000
   -20.44903    -0.00000    -0.00000    -0.00000    -0.00000     0.00000     0.00000     0.00000     0.00000     0.00000    -0.00000
   -20.33403    -0.00000    -0.00000    -0.00000    -0.00000     0.00000     0.00000     0.00000     0.00000     0.00000    -0.00000
   -20.21903    -0.00000    -0.00000    -0.00000    -0.00000     0.00000     0.00000     0.00000     0.00000     0.00000    -0.00000
   -20.10403    -0.00008    -0.00000    -0.00000    -0.00000     0.00000     0.00000     0.00000     0.00000     0.00000    -0.00009
   -19.98903    -0.00108    -0.00006    -0.00006    -0.00004     0.00000     0.00000     0.00000     0.00000     0.00000    -0.00124
   -19.87403    -0.00799    -0.00044    -0.00041    -0.00030     0.00000     0.00000     0.00000     0.00000     0.00000    -0.00914
   -19.75903    -0.03147    -0.00174    -0.00160    -0.00117     0.00000     0.00000     0.00000     0.00000     0.00000    -0.03598
   -19.64403    -0.06615    -0.00366    -0.00337    -0.00245     0.00000     0.00000     0.00000     0.00000     0.00000    -0.07563
   -19.52903    -0.07437    -0.00412    -0.00379    -0.00275     0.00000     0.00000     0.00000     0.00000     0.00000    -0.08503
   -19.41403    -0.04473    -0.00248    -0.00228    -0.00166     0.00000     0.00000     0.00000     0.00000     0.00000    -0.05114
   -19.29903    -0.01438    -0.00080    -0.00073    -0.00053     0.00000     0.00000     0.00000     0.00000     0.00000    -0.01644
   -19.18403    -0.00246    -0.00014    -0.00013    -0.00009     0.00000     0.00000     0.00000     0.00000     0.00000    -0.00282
   -19.06903    -0.00022    -0.00001    -0.00001    -0.00001     0.00000     0.00000     0.00000     0.00000     0.00000    -0.00026
   -18.95403    -0.00001    -0.00000    -0.00000    -0.00000     0.00000     0.00000     0.00000     0.00000     0.00000    -0.00001
   -18.83903    -0.00000    -0.00000    -0.00000    -0.00000     0.00000     0.00000     0.00000     0.00000     0.00000    -0.00000
   -18.72403    -0.00000    -0.00000    -0.00000    -0.00000     0.00000     0.00000     0.00000     0.00000     0.00000    -0.00000
   -18.60903    -0.00000    -0.00000    -0.00000    -0.00000     0.00000     0.00000     0.00000     0.00000     0.00000    -0.00000
   -18.49403    -0.00000    -0.00000    -0.00000    -0.00000     0.00000     0.00000     0.00000     0.00000     0.00000    -0.00000
   -18.37903    -0.00000    -0.00000    -0.00000    -0.00000     0.00000     0.00000     0.00000     0.00000     0.00000    -0.00000
   -18.26403     0.00000     0.00000     0.00000     0.00000     0.00000     0.00000     0.00000     0.00000     0.00000     0.00000
   -18.14903     0.00000     0.00000     0.00000     0.00000     0.00000     0.00000     0.00000     0.00000     0.00000     0.00000
   -18.03403    -0.00000    -0.00000    -0.00000    -0.00000     0.00000     0.00000     0.00000     0.00000     0.00000    -0.00000
   -17.91903    -0.00000    -0.00000    -0.00000    -0.00000     0.00000     0.00000     0.00000     0.00000     0.00000    -0.00000
   -17.80403    -0.00000    -0.00000    -0.00000    -0.00000     0.00000     0.00000     0.00000     0.00000     0.00000    -0.00000
   -17.68903    -0.00000    -0.00000    -0.00000    -0.00000     0.00000     0.00000     0.00000     0.00000     0.00000    -0.00000
   -17.57403    -0.00000    -0.00000    -0.00000    -0.00000     0.00000     0.00000     0.00000     0.00000     0.00000    -0.00000
   -17.45903    -0.00005    -0.00000    -0.00000    -0.00000     0.00000     0.00000     0.00000     0.00000     0.00000    -0.00005
   -17.34403    -0.00100    -0.00005    -0.00005    -0.00004     0.00000     0.00000     0.00000     0.00000     0.00000    -0.00113
   -17.22903    -0.01092    -0.00054    -0.00051    -0.00039     0.00000     0.00000     0.00000     0.00000     0.00000    -0.01235
   -17.11403    -0.06366    -0.00319    -0.00282    -0.00228     0.00000     0.00000     0.00000     0.00000     0.00000    -0.07195
   -16.99903    -0.19857    -0.01014    -0.00836    -0.00711     0.00000     0.00000     0.00000     0.00000     0.00000    -0.22417
   -16.88403    -0.33203    -0.01726    -0.01325    -0.01188     0.00000     0.00000     0.00000     0.00000     0.00000    -0.37441
   -16.76903    -0.29801    -0.01575    -0.01124    -0.01066     0.00000     0.00000     0.00000     0.00000     0.00000    -0.33566
   -16.65403    -0.14352    -0.00771    -0.00510    -0.00513     0.00000     0.00000     0.00000     0.00000     0.00000    -0.16147
   -16.53903    -0.03703    -0.00202    -0.00124    -0.00132     0.00000     0.00000     0.00000     0.00000     0.00000    -0.04162
   -16.42503    -0.00510    -0.00028    -0.00016    -0.00018     0.00000     0.00000     0.00000     0.00000     0.00000    -0.00573
   -16.31003    -0.00037    -0.00002    -0.00001    -0.00001     0.00000     0.00000     0.00000     0.00000     0.00000    -0.00042
   -16.19503    -0.00001    -0.00000    -0.00000    -0.00000     0.00000     0.00000     0.00000     0.00000     0.00000    -0.00002
   -16.08003    -0.00000    -0.00000    -0.00000    -0.00000     0.00000     0.00000     0.00000     0.00000     0.00000    -0.00000
   -15.96503    -0.00000    -0.00000    -0.00000    -0.00000     0.00000     0.00000     0.00000     0.00000     0.00000    -0.00000
   -15.85003    -0.00000    -0.00000    -0.00000    -0.00000     0.00000     0.00000     0.00000     0.00000     0.00000    -0.00000
   -15.73503    -0.00001    -0.00000    -0.00000    -0.00000     0.00000     0.00000     0.00000     0.00000     0.00000    -0.00001
   -15.62003    -0.00027    -0.00000    -0.00003    -0.00001     0.00000     0.00000     0.00000     0.00000     0.00000    -0.00031
   -15.50503    -0.00479    -0.00000    -0.00060    -0.00016     0.00000     0.00000     0.00000     0.00000     0.00000    -0.00556
   -15.39003    -0.04531    -0.00002    -0.00569    -0.00154     0.00000     0.00000     0.00000     0.00000     0.00000    -0.05257
   -15.27503    -0.22806    -0.00012    -0.02866    -0.00773     0.00000     0.00000     0.00000     0.00000     0.00000    -0.26457
   -15.16003    -0.61207    -0.00032    -0.07694    -0.02075     0.00000     0.00000     0.00000     0.00000     0.00000    -0.71008
   -15.04503    -0.87835    -0.00045    -0.11039    -0.02978     0.00000     0.00000     0.00000     0.00000     0.00000    -1.01898
   -14.93003    -0.67439    -0.00035    -0.08475    -0.02286     0.00000     0.00000     0.00000     0.00000     0.00000    -0.78235
   -14.81503    -0.27678    -0.00014    -0.03479    -0.00939     0.00000     0.00000     0.00000     0.00000     0.00000    -0.32109
   -14.70003    -0.06063    -0.00003    -0.00762    -0.00206     0.00000     0.00000     0.00000     0.00000     0.00000    -0.07033
   -14.58503    -0.00707    -0.00000    -0.00089    -0.00024     0.00000     0.00000     0.00000     0.00000     0.00000    -0.00820
   -14.47003    -0.00051    -0.00000    -0.00006    -0.00002     0.00000     0.00000     0.00000     0.00000     0.00000    -0.00059
   -14.35503    -0.00131    -0.00001    -0.00012    -0.00008     0.00000     0.00000     0.00000     0.00000     0.00000    -0.00152
   -14.24003    -0.01234    -0.00008    -0.00116    -0.00073     0.00000     0.00000     0.00000     0.00000     0.00000    -0.01431
   -14.12503    -0.06230    -0.00042    -0.00587    -0.00366     0.00000     0.00000     0.00000     0.00000     0.00000    -0.07226
   -14.01003    -0.16799    -0.00115    -0.01582    -0.00987     0.00000     0.00000     0.00000     0.00000     0.00000    -0.19482
   -13.89503    -0.24393    -0.00182    -0.02278    -0.01423     0.00000     0.00000     0.00000     0.00000     0.00000    -0.28276
   -13.78003    -0.20540    -0.00287    -0.01755    -0.01110     0.00000     0.00000     0.00000     0.00000     0.00000    -0.23693
   -13.66503    -0.16627    -0.00807    -0.00724    -0.00524     0.00000     0.00000     0.00000     0.00000     0.00000    -0.18682
   -13.55003    -0.24077    -0.01900    -0.00160    -0.00282     0.00000     0.00000     0.00000     0.00000     0.00000    -0.26420
   -13.43503    -0.30136    -0.02527    -0.00020    -0.00256     0.00000     0.00000     0.00000     0.00000     0.00000    -0.32939
   -13.32003    -0.21431    -0.01807    -0.00002    -0.00176     0.00000     0.00000     0.00000     0.00000     0.00000    -0.23416
   -13.20503    -0.08192    -0.00691    -0.00001    -0.00067     0.00000     0.00000     0.00000     0.00000     0.00000    -0.08950
   -13.09003    -0.01671    -0.00141    -0.00000    -0.00014     0.00000     0.00000     0.00000     0.00000     0.00000    -0.01826
   -12.97503    -0.00181    -0.00015    -0.00000    -0.00001     0.00000     0.00000     0.00000     0.00000     0.00000    -0.00198
   -12.86003    -0.00010    -0.00001    -0.00000    -0.00000     0.00000     0.00000     0.00000     0.00000     0.00000    -0.00011
   -12.74503    -0.00000    -0.00000    -0.00000    -0.00000     0.00000     0.00000     0.00000     0.00000     0.00000    -0.00000
   -12.63003    -0.00000    -0.00000    -0.00000    -0.00000     0.00000     0.00000     0.00000     0.00000     0.00000    -0.00000
   -12.51503    -0.00007    -0.00000    -0.00000    -0.00000     0.00000     0.00000     0.00000     0.00000     0.00000    -0.00008
   -12.40003    -0.00145    -0.00005    -0.00003    -0.00005     0.00000     0.00000     0.00000     0.00000     0.00000    -0.00158
   -12.28503    -0.01495    -0.00049    -0.00029    -0.00057     0.00000     0.00000     0.00000     0.00000     0.00000    -0.01629
   -12.17003    -0.08190    -0.00267    -0.00161    -0.00310     0.00000     0.00000     0.00000     0.00000     0.00000    -0.08927
   -12.05503    -0.23923    -0.00779    -0.00470    -0.00906     0.00000     0.00000     0.00000     0.00000     0.00000    -0.26079
   -11.94003    -0.37362    -0.01216    -0.00734    -0.01415     0.00000     0.00000     0.00000     0.00000     0.00000    -0.40727
   -11.82603    -0.31200    -0.01016    -0.00613    -0.01182     0.00000     0.00000     0.00000     0.00000     0.00000    -0.34011
   -11.71103    -0.13935    -0.00454    -0.00274    -0.00528     0.00000     0.00000     0.00000     0.00000     0.00000    -0.15191
   -11.59603    -0.03323    -0.00108    -0.00065    -0.00126     0.00000     0.00000     0.00000     0.00000     0.00000    -0.03623
   -11.48103    -0.00422    -0.00014    -0.00008    -0.00016     0.00000     0.00000     0.00000     0.00000     0.00000    -0.00460
   -11.36603    -0.00028    -0.00001    -0.00001    -0.00001     0.00000     0.00000     0.00000     0.00000     0.00000    -0.00031
   -11.25103    -0.00001    -0.00000    -0.00000    -0.00000     0.00000     0.00000     0.00000     0.00000     0.00000    -0.00001
   -11.13603    -0.00000    -0.00000    -0.00000    -0.00000     0.00000     0.00000     0.00000     0.00000     0.00000    -0.00000
   -11.02103    -0.00004    -0.00000    -0.00000    -0.00000     0.00000     0.00000     0.00000     0.00000     0.00000    -0.00005
   -10.90603    -0.00102    -0.00002    -0.00000    -0.00004     0.00000     0.00000     0.00000     0.00000     0.00000    -0.00109
   -10.79103    -0.01292    -0.00031    -0.00004    -0.00046     0.00000     0.00000     0.00000     0.00000     0.00000    -0.01373
   -10.67603    -0.08643    -0.00207    -0.00028    -0.00309     0.00000     0.00000     0.00000     0.00000     0.00000    -0.09186
   -10.56103    -0.30815    -0.00738    -0.00098    -0.01101     0.00000     0.00000     0.00000     0.00000     0.00000    -0.32752
   -10.44603    -0.58692    -0.01413    -0.00187    -0.02099     0.00000     0.00000     0.00000     0.00000     0.00000    -0.62391
   -10.33103    -0.59989    -0.01506    -0.00191    -0.02166     0.00000     0.00000     0.00000     0.00000     0.00000    -0.63852
   -10.21603    -0.33716    -0.01165    -0.00104    -0.01326     0.00000     0.00000     0.00000     0.00000     0.00000    -0.36311
   -10.10103    -0.12647    -0.01280    -0.00032    -0.00783     0.00000     0.00000     0.00000     0.00000     0.00000    -0.14741
    -9.98603    -0.06103    -0.01573    -0.00007    -0.00702     0.00000     0.00000     0.00000     0.00000     0.00000    -0.08384
    -9.87103    -0.03742    -0.01205    -0.00002    -0.00512     0.00000     0.00000     0.00000     0.00000     0.00000    -0.05460
    -9.75603    -0.01518    -0.00502    -0.00001    -0.00212     0.00000     0.00000     0.00000     0.00000     0.00000    -0.02233
    -9.64103    -0.00339    -0.00112    -0.00000    -0.00047     0.00000     0.00000     0.00000     0.00000     0.00000    -0.00498
    -9.52603    -0.00071    -0.00014    -0.00000    -0.00006     0.00000     0.00000     0.00000     0.00000     0.00000    -0.00091
    -9.41103    -0.00517    -0.00019    -0.00000    -0.00007     0.00000     0.00000     0.00000     0.00000     0.00000    -0.00544
    -9.29603    -0.04572    -0.00158    -0.00003    -0.00061     0.00000     0.00000     0.00000     0.00000     0.00000    -0.04794
    -9.18103    -0.21596    -0.00745    -0.00016    -0.00286     0.00000     0.00000     0.00000     0.00000     0.00000    -0.22644
    -9.06603    -0.54527    -0.01879    -0.00042    -0.00723     0.00000     0.00000     0.00000     0.00000     0.00000    -0.57171
    -8.95103    -0.74773    -0.02570    -0.00056    -0.00989     0.00000     0.00000     0.00000     0.00000     0.00000    -0.78388
    -8.83603    -0.62350    -0.02100    -0.00040    -0.00807     0.00000     0.00000     0.00000     0.00000     0.00000    -0.65297
    -8.72103    -0.53181    -0.01662    -0.00016    -0.00637     0.00000     0.00000     0.00000     0.00000     0.00000    -0.55496
    -8.60603    -0.64634    -0.01913    -0.00003    -0.00732     0.00000     0.00000     0.00000     0.00000     0.00000    -0.67282
    -8.49103    -0.60012    -0.01758    -0.00001    -0.00672     0.00000     0.00000     0.00000     0.00000     0.00000    -0.62443
    -8.37603    -0.31416    -0.00919    -0.00000    -0.00352     0.00000     0.00000     0.00000     0.00000     0.00000    -0.32687
    -8.26103    -0.08838    -0.00259    -0.00000    -0.00099     0.00000     0.00000     0.00000     0.00000     0.00000    -0.09196
    -8.14603    -0.01344    -0.00043    -0.00000    -0.00015     0.00000     0.00000     0.00000     0.00000     0.00000    -0.01402
    -8.03103    -0.00362    -0.00057    -0.00000    -0.00008     0.00000     0.00000     0.00000     0.00000     0.00000    -0.00427
    -7.91603    -0.01875    -0.00395    -0.00005    -0.00048     0.00000     0.00000     0.00000     0.00000     0.00000    -0.02323
    -7.80103    -0.07290    -0.01532    -0.00036    -0.00185     0.00000     0.00000     0.00000     0.00000     0.00000    -0.09043
    -7.68603    -0.15321    -0.03177    -0.00186    -0.00385     0.00000     0.00000     0.00000     0.00000     0.00000    -0.19069
    -7.57103    -0.17854    -0.03529    -0.00596    -0.00433     0.00000     0.00000     0.00000     0.00000     0.00000    -0.22412
    -7.45603    -0.13348    -0.02131    -0.01084    -0.00296     0.00000     0.00000     0.00000     0.00000     0.00000    -0.16859
    -7.34103    -0.14122    -0.00838    -0.01079    -0.00306     0.00000     0.00000     0.00000     0.00000     0.00000    -0.16345
    -7.22703    -0.31909    -0.00648    -0.00586    -0.00755     0.00000     0.00000     0.00000     0.00000     0.00000    -0.33898
    -7.11203    -0.55363    -0.00966    -0.00185    -0.01340     0.00000     0.00000     0.00000     0.00000     0.00000    -0.57854
    -6.99703    -0.53542    -0.00927    -0.00045    -0.01301     0.00000     0.00000     0.00000     0.00000     0.00000    -0.55815
    -6.88203    -0.27891    -0.00484    -0.00012    -0.00678     0.00000     0.00000     0.00000     0.00000     0.00000    -0.29065
    -6.76703    -0.08515    -0.00162    -0.00003    -0.00200     0.00000     0.00000     0.00000     0.00000     0.00000    -0.08880
    -6.65203    -0.06729    -0.00224    -0.00001    -0.00111     0.00000     0.00000     0.00000     0.00000     0.00000    -0.07065
    -6.53703    -0.21288    -0.00776    -0.00003    -0.00318     0.00000     0.00000     0.00000     0.00000     0.00000    -0.22385
    -6.42203    -0.42985    -0.01571    -0.00005    -0.00641     0.00000     0.00000     0.00000     0.00000     0.00000    -0.45202
    -6.30703    -0.46599    -0.01703    -0.00005    -0.00695     0.00000     0.00000     0.00000     0.00000     0.00000    -0.49003
    -6.19203    -0.27034    -0.00988    -0.00003    -0.00403     0.00000     0.00000     0.00000     0.00000     0.00000    -0.28428
    -6.07703    -0.08379    -0.00306    -0.00001    -0.00125     0.00000     0.00000     0.00000     0.00000     0.00000    -0.08811
    -5.96203    -0.01384    -0.00051    -0.00000    -0.00021     0.00000     0.00000     0.00000     0.00000     0.00000    -0.01456
    -5.84703    -0.00121    -0.00004    -0.00000    -0.00002     0.00000     0.00000     0.00000     0.00000     0.00000    -0.00128
    -5.73203    -0.00006    -0.00000    -0.00000    -0.00000     0.00000     0.00000     0.00000     0.00000     0.00000    -0.00006
    -5.61703    -0.00000    -0.00000    -0.00000    -0.00000     0.00000     0.00000     0.00000     0.00000     0.00000    -0.00000
    -5.50203    -0.00000    -0.00000    -0.00000    -0.00000     0.00000     0.00000     0.00000     0.00000     0.00000    -0.00000
    -5.38703    -0.00000    -0.00000    -0.00000    -0.00000     0.00000     0.00000     0.00000     0.00000     0.00000    -0.00000
    -5.27203    -0.00001    -0.00000    -0.00001    -0.00000     0.00000     0.00000     0.00000     0.00000     0.00000    -0.00002
    -5.15703    -0.00018    -0.00000    -0.00015    -0.00000     0.00000     0.00000     0.00000     0.00000     0.00000    -0.00033
    -5.04203    -0.00164    -0.00000    -0.00148    -0.00000     0.00000     0.00000     0.00000     0.00000     0.00000    -0.00313
    -4.92703    -0.00808    -0.00002    -0.00776    -0.00002     0.00000     0.00000     0.00000     0.00000     0.00000    -0.01588
    -4.81203    -0.02121    -0.00005    -0.02183    -0.00006     0.00000     0.00000     0.00000     0.00000     0.00000    -0.04315
    -4.69703    -0.02975    -0.00008    -0.03302    -0.00008     0.00000     0.00000     0.00000     0.00000     0.00000    -0.06294
    -4.58203    -0.02234    -0.00007    -0.02687    -0.00006     0.00000     0.00000     0.00000     0.00000     0.00000    -0.04934
    -4.46703    -0.00897    -0.00003    -0.01176    -0.00002     0.00000     0.00000     0.00000     0.00000     0.00000    -0.02079
    -4.35203    -0.00192    -0.00001    -0.00276    -0.00001     0.00000     0.00000     0.00000     0.00000     0.00000    -0.00470
    -4.23703    -0.00022    -0.00000    -0.00035    -0.00000     0.00000     0.00000     0.00000     0.00000     0.00000    -0.00057
    -4.12203    -0.00001    -0.00000    -0.00002    -0.00000     0.00000     0.00000     0.00000     0.00000     0.00000    -0.00004
    -4.00703    -0.00000    -0.00000    -0.00000    -0.00000     0.00000     0.00000     0.00000     0.00000     0.00000    -0.00000
    -3.89203    -0.00000    -0.00000    -0.00000    -0.00000     0.00000     0.00000     0.00000     0.00000     0.00000    -0.00000
    -3.77703    -0.00000    -0.00000    -0.00000    -0.00000     0.00000     0.00000     0.00000     0.00000     0.00000    -0.00000
    -3.66203    -0.00000    -0.00000    -0.00000    -0.00000     0.00000     0.00000     0.00000     0.00000     0.00000    -0.00000
    -3.54703    -0.00000    -0.00000    -0.00000    -0.00000     0.00000     0.00000     0.00000     0.00000     0.00000    -0.00000
    -3.43203     0.00000     0.00000     0.00000     0.00000     0.00000     0.00000     0.00000     0.00000     0.00000     0.00000
    -3.31703     0.00000     0.00000     0.00000     0.00000     0.00000     0.00000     0.00000     0.00000     0.00000     0.00000
    -3.20203     0.00000     0.00000     0.00000     0.00000     0.00000     0.00000     0.00000     0.00000     0.00000     0.00000
    -3.08703     0.00000     0.00000     0.00000     0.00000     0.00000     0.00000     0.00000     0.00000     0.00000     0.00000
    -2.97203     0.00000     0.00000     0.00000     0.00000     0.00000     0.00000     0.00000     0.00000     0.00000     0.00000
    -2.85703     0.00000     0.00000     0.00000     0.00000     0.00000     0.00000     0.00000     0.00000     0.00000     0.00000
    -2.74303     0.00000     0.00000     0.00000     0.00000     0.00000     0.00000     0.00000     0.00000     0.00000     0.00000
    -2.62803     0.00000     0.00000     0.00000     0.00000     0.00000     0.00000     0.00000     0.00000     0.00000     0.00000
    -2.51303     0.00000     0.00000     0.00000     0.00000     0.00000     0.00000     0.00000     0.00000     0.00000     0.00000
    -2.39803     0.00000     0.00000     0.00000     0.00000     0.00000     0.00000     0.00000     0.00000     0.00000     0.00000
    -2.28303     0.00000     0.00000     0.00000     0.00000     0.00000     0.00000     0.00000     0.00000     0.00000     0.00000
    -2.16803     0.00000     0.00000     0.00000     0.00000     0.00000     0.00000     0.00000     0.00000     0.00000     0.00000
    -2.05303     0.00000     0.00000     0.00000     0.00000     0.00000     0.00000     0.00000     0.00000     0.00000     0.00000
    -1.93803     0.00000     0.00000     0.00000     0.00000     0.00000     0.00000     0.00000     0.00000     0.00000     0.00000
    -1.82303     0.00000     0.00000     0.00000     0.00000     0.00000     0.00000     0.00000     0.00000     0.00000     0.00000
    -1.70803     0.00000     0.00000     0.00000     0.00000     0.00000     0.00000     0.00000     0.00000     0.00000     0.00000
    -1.59303     0.00000     0.00000     0.00000     0.00000     0.00000     0.00000     0.00000     0.00000     0.00000     0.00000
    -1.47803     0.00000     0.00000     0.00000     0.00000     0.00000     0.00000     0.00000     0.00000     0.00000     0.00000
    -1.36303     0.00000     0.00000     0.00000     0.00000     0.00000     0.00000     0.00000     0.00000     0.00000     0.00000
    -1.24803     0.00000     0.00000     0.00000     0.00000     0.00000     0.00000     0.00000     0.00000     0.00000     0.00000
    -1.13303     0.00000     0.00000     0.00000     0.00000     0.00000     0.00000     0.00000     0.00000     0.00000     0.00000
    -1.01803     0.00000     0.00000     0.00000     0.00000     0.00000     0.00000     0.00000     0.00000     0.00000     0.00000
    -0.90303     0.00000     0.00000     0.00000     0.00000     0.00000     0.00000     0.00000     0.00000     0.00000     0.00000
    -0.78803    -0.00000    -0.00000    -0.00000    -0.00000     0.00000     0.00000     0.00000     0.00000     0.00000    -0.00000
    -0.67303    -0.00000    -0.00000    -0.00000    -0.00000     0.00000     0.00000     0.00000     0.00000     0.00000    -0.00000
    -0.55803    -0.00000    -0.00000    -0.00000    -0.00000     0.00000     0.00000     0.00000     0.00000     0.00000    -0.00000
    -0.44303    -0.00000    -0.00000    -0.00000    -0.00000     0.00000     0.00000     0.00000     0.00000     0.00000    -0.00000
    -0.32803    -0.00000    -0.00000    -0.00000    -0.00000     0.00000     0.00000     0.00000     0.00000     0.00000    -0.00000
    -0.21303    -0.00000    -0.00000    -0.00001    -0.00000     0.00000     0.00000     0.00000     0.00000     0.00000    -0.00001
    -0.09803    -0.00007    -0.00000    -0.00012    -0.00000     0.00000     0.00000     0.00000     0.00000     0.00000    -0.00020
     0.01697    -0.00083    -0.00001    -0.00145    -0.00005     0.00000     0.00000     0.00000     0.00000     0.00000    -0.00234
     0.13197    -0.00507    -0.00007    -0.00928    -0.00030     0.00000     0.00000     0.00000     0.00000     0.00000    -0.01472
     0.24697    -0.01653    -0.00025    -0.03175    -0.00097     0.00000     0.00000     0.00000     0.00000     0.00000    -0.04950
     0.36197    -0.02886    -0.00048    -0.05812    -0.00169     0.00000     0.00000     0.00000     0.00000     0.00000    -0.08915
     0.47697    -0.02769    -0.00050    -0.05726    -0.00159     0.00000     0.00000     0.00000     0.00000     0.00000    -0.08703
     0.59197    -0.02143    -0.00033    -0.03234    -0.00091     0.00000     0.00000     0.00000     0.00000     0.00000    -0.05501
     0.70697    -0.04504    -0.00038    -0.02064    -0.00087     0.00000     0.00000     0.00000     0.00000     0.00000    -0.06693
     0.82197    -0.11478    -0.00085    -0.03488    -0.00184     0.00000     0.00000     0.00000     0.00000     0.00000    -0.15235
     0.93697    -0.16835    -0.00124    -0.04963    -0.00266     0.00000     0.00000     0.00000     0.00000     0.00000    -0.22188
     1.05197    -0.13265    -0.00098    -0.03903    -0.00210     0.00000     0.00000     0.00000     0.00000     0.00000    -0.17477
     1.16697    -0.05606    -0.00050    -0.01645    -0.00096     0.00000     0.00000     0.00000     0.00000     0.00000    -0.07397
     1.28197    -0.01408    -0.00092    -0.00379    -0.00086     0.00000     0.00000     0.00000     0.00000     0.00000    -0.01964
     1.39697    -0.00896    -0.00406    -0.00089    -0.00326     0.00000     0.00000     0.00000     0.00000     0.00000    -0.01716
     1.51197    -0.01966    -0.01064    -0.00119    -0.00849     0.00000     0.00000     0.00000     0.00000     0.00000    -0.03998
     1.62697    -0.02746    -0.01496    -0.00163    -0.01192     0.00000     0.00000     0.00000     0.00000     0.00000    -0.05598
     1.74197    -0.02062    -0.01157    -0.00123    -0.00905     0.00000     0.00000     0.00000     0.00000     0.00000    -0.04248
     1.85597    -0.00830    -0.00699    -0.00051    -0.00435     0.00000     0.00000     0.00000     0.00000     0.00000    -0.02015
     1.97097    -0.00196    -0.01021    -0.00036    -0.00373     0.00000     0.00000     0.00000     0.00000     0.00000    -0.01626
     2.08597    -0.00159    -0.01903    -0.00192    -0.00711     0.00000     0.00000     0.00000     0.00000     0.00000    -0.02964
     2.20097    -0.00589    -0.02318    -0.00776    -0.01213     0.00000     0.00000     0.00000     0.00000     0.00000    -0.04896
     2.31597    -0.01465    -0.02057    -0.01701    -0.01706     0.00000     0.00000     0.00000     0.00000     0.00000    -0.06930
     2.43097    -0.02294    -0.01620    -0.02014    -0.01777     0.00000     0.00000     0.00000     0.00000     0.00000    -0.07704
     2.54597    -0.02577    -0.01159    -0.01370    -0.01353     0.00000     0.00000     0.00000     0.00000     0.00000    -0.06459
     2.66097    -0.02656    -0.01008    -0.00958    -0.01198     0.00000     0.00000     0.00000     0.00000     0.00000    -0.05820
     2.77597    -0.03331    -0.01317    -0.01644    -0.01631     0.00000     0.00000     0.00000     0.00000     0.00000    -0.07923
     2.89097    -0.04215    -0.01496    -0.02556    -0.01876     0.00000     0.00000     0.00000     0.00000     0.00000    -0.10144
     3.00597    -0.03718    -0.01383    -0.02250    -0.01412     0.00000     0.00000     0.00000     0.00000     0.00000    -0.08763
     3.12097    -0.02240    -0.01403    -0.01096    -0.00825     0.00000     0.00000     0.00000     0.00000     0.00000    -0.05565
     3.23597    -0.01253    -0.01318    -0.00320    -0.00533     0.00000     0.00000     0.00000     0.00000     0.00000    -0.03424
     3.35097    -0.00695    -0.00817    -0.00069    -0.00321     0.00000     0.00000     0.00000     0.00000     0.00000    -0.01902
     3.46597    -0.00268    -0.00295    -0.00013    -0.00124     0.00000     0.00000     0.00000     0.00000     0.00000    -0.00700
     3.58097    -0.00059    -0.00060    -0.00002    -0.00027     0.00000     0.00000     0.00000     0.00000     0.00000    -0.00147
     3.69597    -0.00007    -0.00007    -0.00000    -0.00003     0.00000     0.00000     0.00000     0.00000     0.00000    -0.00017
     3.81097    -0.00000    -0.00000    -0.00000    -0.00000     0.00000     0.00000     0.00000     0.00000     0.00000    -0.00001
     3.92597    -0.00000    -0.00000    -0.00000    -0.00000     0.00000     0.00000     0.00000     0.00000     0.00000    -0.00000
     4.04097    -0.00000    -0.00000    -0.00000    -0.00000     0.00000     0.00000     0.00000     0.00000     0.00000    -0.00000
     4.15597    -0.00000    -0.00000    -0.00000    -0.00000     0.00000     0.00000     0.00000     0.00000     0.00000    -0.00000
     4.27097    -0.00000    -0.00000    -0.00000    -0.00000     0.00000     0.00000     0.00000     0.00000     0.00000    -0.00000
     4.38597    -0.00000    -0.00000    -0.00000    -0.00000     0.00000     0.00000     0.00000     0.00000     0.00000    -0.00000
     4.50097     0.00000     0.00000     0.00000     0.00000     0.00000     0.00000     0.00000     0.00000     0.00000     0.00000
     4.61597     0.00000     0.00000     0.00000     0.00000     0.00000     0.00000     0.00000     0.00000     0.00000     0.00000
     4.73097     0.00000     0.00000     0.00000     0.00000     0.00000     0.00000     0.00000     0.00000     0.00000     0.00000
     4.84597     0.00000     0.00000     0.00000     0.00000     0.00000     0.00000     0.00000     0.00000     0.00000     0.00000
     4.96097     0.00000     0.00000     0.00000     0.00000     0.00000     0.00000     0.00000     0.00000     0.00000     0.00000
     5.07597     0.00000     0.00000     0.00000     0.00000     0.00000     0.00000     0.00000     0.00000     0.00000     0.00000
     5.19097     0.00000     0.00000     0.00000     0.00000     0.00000     0.00000     0.00000     0.00000     0.00000     0.00000
