001 4020.3 0.055
002 3368.3 1.000
003 3141.4 0.002
004 3128.0 0.001
005 3127.4 0.001
006 3116.9 0.001
007 3107.9 0.001
008 1584.0 0.005
009 1574.8 0.017
010 1486.5 0.008
011 1441.2 0.003
012 1341.4 0.004
013 1303.2 0.001
014 1239.6 0.002
015 1170.6 0.002
016 1168.3 0.000
017 1136.9 0.048
018 1079.4 0.002
019 1027.8 0.001
020  994.8 0.004
021  992.7 0.000
022  961.9 0.003
023  913.9 0.002
024  818.1 0.000
025  817.2 0.008
026  796.7 0.010
027  702.4 0.003
028  662.3 0.001
029  602.5 0.000
030  515.7 0.004
031  414.2 0.014
032  411.8 0.000
033  387.6 0.003
034  386.4 0.003
035  379.8 0.021
036  376.0 0.006
037  370.2 0.014
038  360.8 0.002
039  356.5 0.010
040  355.2 0.016
041  354.5 0.001
042  353.7 0.005
043  351.2 0.028
044  348.2 0.004
045  347.5 0.020
046  345.7 0.012
047  334.0 0.006
048  330.8 0.000
049  328.9 0.006
050  323.7 0.006
051  319.7 0.003
052  315.5 0.005
053  308.6 0.019
054  305.0 0.010
