 BORN EFFECTIVE CHARGES (in e, cummulative output)
 -------------------------------------------------
 ion    1
    1    -0.14686    -1.13028    -0.36754
    2    -0.69315    -1.59860    -0.64802
    3     0.35504     0.50757    -2.36759
 ion    2
    1     3.24713     3.36711     2.41195
    2     2.48272     6.24307     1.51398
    3    -0.66888     1.35017    -0.35304
 ion    3
    1     3.07128     2.97407    -1.09518
    2     4.04522     7.43293     0.35791
    3     2.40589     0.59876    -1.09650
 ion    4
    1     4.21886     3.15749    -0.15167
    2     2.88084     6.27138    -1.87708
    3     0.25455     1.51144     0.11998
 ion    5
    1     2.89875     2.91523    -1.51278
    2     2.40485     7.69376    -0.56420
    3     1.95481     0.42870     1.31244
 ion    6
    1    -1.52617    -1.58093     0.17601
    2    -2.01035    -3.19820     0.30571
    3    -1.01619    -1.68833    -2.95456
 ion    7
    1    -0.76424    -0.76422    -0.20686
    2    -1.87521    -1.16855    -0.45509
    3    -0.05626     0.10211    -2.66332
 ion    8
    1    -1.45365    -1.55230     0.40937
    2    -2.12231    -3.24509     0.62138
    3    -0.81066    -1.23554    -2.17495
 ion    9
    1     6.06362     8.49807     0.03430
    2     8.54518    16.94878     0.04678
    3    -0.03584     0.00550     2.31011
 ion   10
    1     0.76709    -1.29872     0.19954
    2    -2.54417    -0.56301     0.11046
    3     0.19705     0.17964    -1.18379
 ion   11
    1     0.84458    -1.22046     0.23103
    2    -2.55961    -0.69691     0.25572
    3     0.07394     0.01220    -0.30047
 ion   12
    1     6.86774     9.00417    -0.14567
    2     8.65381    17.16566    -0.21287
    3    -0.01424    -0.04046     2.99619
 ion   13
    1     6.53737     8.64429     0.01379
    2     8.51793    16.95910    -0.00857
    3    -0.05884     0.11264     2.24139
 ion   14
    1     6.70269     9.42569    -0.03257
    2     8.46276    16.98802     0.11766
    3     0.01951     0.10635     2.30760
 ion   15
    1    -1.55807    -2.61934    -0.08639
    2    -2.92375    -4.73403    -0.15080
    3    -0.06656    -0.00201     1.95965
 ion   16
    1    -1.69332    -2.74780     0.02483
    2    -2.82576    -4.72090     0.03347
    3    -0.00822     0.05362     1.62388
 ion   17
    1    -1.74974    -2.68051     0.04278
    2    -2.93293    -4.49753     0.10102
    3    -0.14685    -0.14248     1.97544
 ion   18
    1    -1.54409    -2.72221     0.15451
    2    -2.61154    -4.80632     0.28549
    3    -0.03839     0.17612     2.12166
 ion   19
    1    -0.04059    -0.52123    -0.10636
    2    -0.54471    -0.66111    -0.17304
    3     0.13386    -0.04145     1.31198
 ion   20
    1    -0.68166    -0.55651    -0.00597
    2    -1.24880    -0.87086    -0.04838
    3    -0.09690     0.28408     0.52996
 ion   21
    1     0.66722    -1.36839     0.18776
    2    -3.19309    -0.59731     0.18580
    3     0.19102    -0.01712    -0.14777
 ion   22
    1     0.08590     0.02231     0.12272
    2    -0.26461     0.21305     0.31371
    3     0.96395    -0.57159     2.55382
 ion   23
    1     1.08384     2.66976    -0.01511
    2     1.61766     5.55184    -0.09685
    3     0.07140     0.17745    -0.14900
 ion   24
    1    -1.85614    -0.50332    -0.05440
    2    -1.86380     1.37781     0.12945
    3    -0.07300    -0.02853     0.59075
 ion   25
    1     1.33643     0.73714    -0.11494
    2     1.74628    -0.98627    -0.42717
    3    -0.13220    -0.13431     1.31106
 ion   26
    1     2.08448     1.80821     0.15500
    2     2.61332     3.84744     0.19265
    3    -0.03714    -0.06120     0.23377
 ion   27
    1    -6.14970     1.26406    -0.11432
    2     4.87973     4.31020    -0.28780
    3    -0.11033     0.07780    -6.53021
 ion   28
    1    -5.27018     5.51514    -0.10311
    2    13.15160   -11.36665    -0.36519
    3    -0.12794    -0.01493    -6.47053
 ion   29
    1    -5.84458     1.01905    -0.12443
    2     5.57243     4.34127    -0.40558
    3    -0.05156     0.12651    -6.42210
 ion   30
    1    -4.41281     5.27494    -0.12572
    2    13.46927   -11.60072    -0.31956
    3    -0.14141    -0.01444    -6.53286
 ion   31
    1     0.76881    -1.15257     0.24400
    2    -3.15900    -0.64387     0.19512
    3     0.15005     0.19669    -0.42801
 ion   32
    1    -0.14474    -0.96507     0.05937
    2    -0.21453    -1.42242     0.14187
    3    -0.38365     0.02271     0.17188
 ion   33
    1    -2.74418    -3.66065     0.39200
    2    -4.12674    -7.05415    -0.09045
    3    -0.38708    -0.05490    -1.28838
 ion   34
    1     0.47015     0.30355     0.03122
    2     0.15109     0.90582     0.03275
    3     0.42685    -0.18037     0.22466
 ion   35
    1     0.32650    -0.14628     0.01089
    2    -0.27751     0.29494    -0.09874
    3     0.32397    -0.26952     0.14825
 ion   36
    1     0.44943     0.25897     0.00996
    2     0.12566     0.83499     0.01761
    3     0.17706    -0.24139     0.55189
 ion   37
    1     0.30873    -0.21532     0.08326
    2    -0.37052     0.22091     0.03329
    3     0.16712    -0.10139     0.57066
 ion   38
    1     0.46078     0.10659     0.29822
    2    -0.07504     0.20416    -0.05877
    3    -0.55315     0.32086    -0.71118
 ion   39
    1     0.40279     0.16069     0.13482
    2    -0.00451     0.56515     0.02576
    3    -0.61913     0.05196     0.98962
 ion   40
    1     0.30144    -0.01898     0.24614
    2    -0.67770     0.04125    -0.32708
    3    -1.29406     0.75730    -0.21287
 ion   41
    1     0.55152     0.27019    -0.04008
    2     0.23175     0.99097    -0.15393
    3    -0.37062     0.73248     0.73360
 ion   42
    1    -0.85715    -1.08388    -0.59285
    2    -1.52116    -2.12749     0.50702
    3    -0.66214     0.03222     0.37825
 ion   43
    1    -1.34340    -1.90703    -0.15614
    2    -2.35348    -4.32740     0.71685
    3    -0.46997    -0.61650    -0.68837
 ion   44
    1    -1.14605    -1.71264    -0.17192
    2    -2.48928    -2.47202     0.01308
    3    -0.37622    -0.28217     0.17310
 ion   45
    1    -0.34492    -0.88072    -0.36549
    2    -1.17906    -3.08065     0.10544
    3    -0.62784    -1.13292    -0.90089
 ion   46
    1    -1.15884    -0.55912     0.05898
    2    -0.34104    -2.81208    -0.00408
    3    -0.04231    -0.24335    -0.41191
 ion   47
    1    -1.69350    -0.40144    -0.22935
    2    -1.09669    -2.47262     0.07105
    3     0.12883     0.19115    -0.26643
 ion   48
    1     0.16370     0.74028    -0.41407
    2     0.40474     1.21590    -1.97763
    3    -2.58164     1.48790     3.66021
 ion   49
    1    -2.33401    -1.47972    -0.03185
    2    -1.95564    -3.81202    -0.04953
    3     0.29060    -0.25796    -0.18529
 ion   50
    1     0.68705    -0.19081     0.33786
    2    -0.11846     0.03748    -0.05301
    3     0.29125     0.77188     0.56757
 ion   51
    1     0.28869    -0.00637     0.09416
    2    -0.27707     0.19770    -0.16844
    3    -0.07044    -0.13562    -0.35475
 ion   52
    1     0.19681     0.08168    -0.18260
    2    -0.33303     0.52117    -0.32746
    3    -0.36406     0.11050    -0.46420
 ion   53
    1     0.39371     0.05307     0.08432
    2    -0.07606     0.48309     0.17943
    3    -0.25856     0.19273    -0.57698
 ion   54
    1     0.40128     0.14343    -0.02351
    2     0.02249     0.69593    -0.08329
    3    -0.10389     0.08978    -0.30210
 ion   55
    1     0.34125     0.18404     0.12274
    2    -0.13202     0.70487     0.14108
    3    -0.13062     0.04193    -0.43641
 ion   56
    1     0.31468    -0.14193     0.19367
    2    -0.36204     0.22197    -0.03455
    3     0.04610    -0.03949    -0.45060
 ion   57
    1     0.40079    -0.15497     0.06962
    2    -0.33329     0.23441    -0.15908
    3    -0.40945     0.09762    -0.76165
 ion   58
    1     0.42159    -0.11195     0.08627
    2    -0.40472     0.43480    -0.04876
    3    -0.43844     0.30194    -0.78631
 ion   59
    1     0.37670    -0.19114     0.01645
    2    -0.22615     0.34033    -0.27994
    3    -0.14997     0.26898    -0.80041
 ion   60
    1    -2.72690    -3.84418    -0.37382
    2    -3.97181    -7.10453     0.19631
    3     0.41588    -0.26254    -1.36219
 ion   61
    1    -2.60007    -3.91733    -0.18471
    2    -4.01400    -7.03955     0.19460
    3     0.37110    -0.39456    -1.28282
 ion   62
    1    -2.71428    -3.78421    -0.32969
    2    -4.05590    -7.17349     0.16886
    3     0.57462    -0.01830    -1.33350
 ion   63
    1    -2.37016    -4.00012    -0.07211
    2    -4.03815    -6.90375     0.18066
    3     0.42853    -0.28578    -1.36056
 ion   64
    1     0.65515     0.13719     0.23737
    2    -0.09012     0.88212    -0.13259
    3     0.04676     0.06155    -0.27933
 ion   65
    1    -2.36286    -4.07124     0.07170
    2    -3.93570    -6.92734    -0.19258
    3    -0.26267     0.10424    -1.36809
 ion   66
    1     0.51922     0.56613     1.14733
    2     0.50177     0.85422     1.11452
    3    -2.74831     1.54946     3.25350
 ion   67
    1     0.55675     0.57194     1.16488
    2     0.53014     0.72189     1.13983
    3    -2.65522     1.57624     3.30281
 ion   68
    1    -2.61638    -3.93531     0.21319
    2    -3.99147    -7.02169    -0.15367
    3    -0.18543     0.28610    -1.24784
 ion   69
    1    -2.73243    -3.80523     0.43240
    2    -3.99546    -7.12850    -0.15725
    3    -0.24799     0.15180    -1.35188
 ion   70
    1     0.29001    -0.20176    -0.06285
    2    -0.39029     0.31044     0.20550
    3     0.13010    -0.26314    -0.83738
 ion   71
    1     0.42013    -0.18037    -0.05774
    2    -0.42037     0.31836     0.11128
    3     0.40582    -0.26900    -0.81657
 ion   72
    1     0.46509    -0.15265    -0.08494
    2    -0.27744     0.32807     0.15357
    3     0.51446    -0.12737    -0.75244
 ion   73
    1     0.29819    -0.13625    -0.18559
    2    -0.53367     0.35319     0.04548
    3     0.05751     0.03056    -0.37599
 ion   74
    1     0.46650     0.13964     0.02487
    2    -0.02336     0.70070     0.08586
    3    -0.12513    -0.55116    -0.39239
 ion   75
    1     0.20783    -0.23382     0.43855
    2    -0.57989     0.53559     0.15919
    3    -0.16453    -0.58251     1.00870
 ion   76
    1     0.47380     0.00148    -0.14799
    2     0.02985     0.38201    -0.27365
    3    -0.05017    -0.60723    -1.03356
 ion   77
    1     0.32055     0.06984     0.04683
    2    -0.17874     0.61593     0.14975
    3     0.49076     0.24196    -0.92075
 ion   78
    1     0.23900    -0.17860     0.01932
    2    -0.42867    -0.04594     0.38192
    3     0.29895     0.16651     0.21382
 ion   79
    1     0.67774     0.03402    -0.28693
    2     0.04662     0.52420     0.09031
    3    -0.37391    -0.51068     1.02804
 ion   80
    1     0.55392    -0.12630    -0.25948
    2    -0.15539     0.28927     0.00601
    3    -0.39512     0.07732     0.37359
 ion   81
    1     0.47383     0.00080    -0.25547
    2    -0.14194     1.12270     0.36717
    3    -0.05374     0.76365     1.56970
 ion   82
    1     0.09914     0.83232    -0.36491
    2     0.43873     1.14502    -1.89824
    3    -2.62083     1.47564     3.52442
 ion   83
    1     0.65839     0.50655    -1.18147
    2     0.88654     0.70749    -1.04940
    3     2.48222    -1.46536     3.33235
 ion   84
    1     0.60522     0.44888    -1.12545
    2     0.89067     0.61127    -0.95295
    3     2.41990    -1.36303     3.31135
 ion   85
    1     0.20185     0.60701     0.35358
    2     0.80093     0.98480     2.13123
    3     2.34621    -1.34105     3.50104
 ion   86
    1     0.43343     0.25063    -0.08064
    2     0.14847     0.81276    -0.04778
    3    -0.33558     0.02372     0.45442
 ion   87
    1     0.36017    -0.06569    -0.17269
    2    -0.31616     0.32651    -0.05490
    3    -0.26885     0.12997     0.16449
 ion   88
    1     0.50963     0.26838    -0.06312
    2     0.17673     0.86701    -0.02788
    3    -0.13090     0.16333     0.41484
 ion   89
    1     0.38165    -0.14713    -0.14834
    2    -0.37609     0.13694    -0.01596
    3    -0.07383    -0.06874     0.63293
 ion   90
    1     0.38092     0.24331    -0.09634
    2    -0.16914     0.87669     0.13663
    3     0.01182    -0.06142     0.80014
 ion   91
    1     0.29975     0.05070    -0.04822
    2    -0.08096     0.61774     0.36708
    3     1.03671    -0.12314    -0.62497
 ion   92
    1     0.63991     0.19210    -0.01983
    2     0.09488     0.70538     0.41345
    3     1.00002    -0.08671     1.14638
 ion   93
    1     0.19268    -0.30448    -0.36574
    2    -0.42899     0.06531    -0.28318
    3     1.14859    -0.84007    -0.29395
 ion   94
    1    -0.99779    -1.35681     0.57378
    2    -1.58427    -2.22343    -0.57933
    3    -0.31197    -0.75716     0.46225
 ion   95
    1    -1.65727    -1.92688     0.19383
    2    -1.50176    -2.24482    -0.74506
    3    -0.51681    -0.11933    -0.91525
 ion   96
    1    -0.56494    -1.08700     0.29162
    2    -1.60460    -1.67698     0.34229
    3    -0.38442    -0.00267     0.14761
 ion   97
    1    -1.78193    -2.89406     0.22078
    2    -2.00014    -3.95005    -0.50891
    3     0.34659     0.35283    -1.06703
 ion   98
    1     0.19077     0.70272     0.34669
    2     0.81484     0.94464     2.08229
    3     2.41617    -1.33664     3.37070
 ion   99
    1     0.44805     0.12028     0.06906
    2     0.07781     0.66457     0.14324
    3     0.38161     0.32946    -0.32322
 ion  100
    1     0.08699    -0.18568     0.01710
    2    -0.29790     0.16954    -0.00699
    3     0.01589    -0.01166     0.20659
 ion  101
    1     0.33206    -0.17038     0.03921
    2    -0.30663     0.13974    -0.01772
    3     0.01293    -0.02443     0.20640
 ion  102
    1     0.09778    -0.03451     0.05692
    2    -0.19267     0.13068    -0.03506
    3     0.03644    -0.03060     0.20333
 ion  103
    1     0.46804    -0.61877     0.08067
    2    -0.09387     3.05842    -0.39196
    3    -0.04843    -0.24459     0.27951
 ion  104
    1     1.74709     0.04570     0.26446
    2    -0.43119     0.57820    -0.06830
    3    -0.18189     0.11463     0.26883
 ion  105
    1     0.23268    -0.09328     0.01623
    2    -0.27805     0.04754    -0.04192
    3     0.00738    -0.03922     0.19874
 ion  106
    1     0.40962    -0.17811     0.01601
    2    -0.37577     0.19705    -0.01873
    3    -0.00249    -0.01050     0.20030
 ion  107
    1     0.31027    -0.13533    -0.04350
    2    -0.26594     0.15017     0.03549
    3    -0.02837     0.04573    -0.01037
 ion  108
    1    -0.35853    -0.03348     0.04251
    2    -0.03263     0.08535    -0.02377
    3     0.03970    -0.01563    -0.01840
 ion  109
    1     0.08943    -0.13368     0.01149
    2    -0.30926     0.03852     0.00996
    3    -0.03621     0.02074    -0.02511
 ion  110
    1     1.53865    -1.00781    -0.61047
    2    -1.29095     0.83104     0.47293
    3    -0.20616     0.20436     0.24486
 ion  111
    1     0.21560    -0.15983    -0.03517
    2    -0.31205     0.21257     0.07503
    3    -0.02267     0.05817    -0.00289
 ion  112
    1    -0.12838     0.22149     0.08042
    2    -0.04591    -0.12972    -0.07270
    3     0.01717    -0.02736    -0.00806
 ion  113
    1    -1.98034     0.73676     0.01974
    2     0.41852    -2.42721    -0.00653
    3     0.33952    -0.01771    -0.11310
