001 3170.104504 3.15295760315625
002 3149.663964 .036729687734179361
003 3130.513101 .01635710393954
004 3114.461344 .10234809941925
005 3078.470863 .0062471304597125
006 1757.507753 7.443176148845
007 1635.398792 .51924380262641
008 1579.463049 .63267860010804
009 1500.000411 .08194231207194
010 1459.406341 .931041652691
011 1437.689389 1.40956418107176
012 1368.686600 .02085472151965
013 1290.278270 .01005723990501
014 1208.324789 .24925807063701
015 1177.136449 .0171673900686761
016 1119.566405 .0000966681617531
017 1089.546427 .02599134068677
018 1029.538553 .1749163860656564
019 996.799930 .0368612053618404
020 984.102380 .0002075433167365
021 899.944729 .01190179109291
022 880.635247 .113222293777
023 863.428018 .03023205205880
024 826.187547 .218878507349
025 785.108385 .091173153179
026 680.881727 .05982984097509
027 675.420932 .0128095055696184
028 546.908440 .0037163828331981
029 520.497599 .04104819186665
030 469.859318 .02474875910338
031 430.643727 .08125518932389
032 425.770442 .12999482922425
033 406.970103 .04667443963176
034 394.292930 .077427194225926529
035 369.354550 .02199478146033
036 359.764314 .01810010997480
037 326.157395 .04789488447841
038 312.095216 .33679808313301
039 275.993629 .04060829379729
040 263.939947 .05960162511342
041 263.569505 .1141523718167169
042 257.113455 .02796378465625
043 256.200137 .02557665001080
044 253.427189 .240182374634
045 247.043254 .09656894375124
046 233.608543 .04193881118641
047 225.412729 .27398236265329
048 218.351950 .14082843368041
049 206.876968 .06617040964778
050 205.732973 .12883232248205
051 204.306512 .46490806134344
052 200.054302 .03844826689096
